# ra,dec,radius
158.78377078692697,-35.33975335586624,2.0
157.7403937388915,-34.707916103906605,2.0
157.58129085382112,-34.40509005305315,2.0
157.85298382715715,-33.909342805779445,2.0
158.0648089559287,-33.911860981978144,2.0
157.0208497074673,-35.3376495815456,2.0
156.40976195921832,-34.768310293372984,2.0
156.9269913575043,-34.65910617284504,2.0
157.1051902305326,-34.224101842017014,2.0
156.61028824436048,-33.925989239131134,2.0
158.45436450609913,-36.00494408624369,2.0
157.39557684206983,-35.541176352163525,2.0
157.60545589106894,-35.56351427751332,2.0
158.47119626262332,-35.270071280411464,2.0
158.24962934431258,-35.27867821150978,2.0
158.17923224446042,-35.273244000547095,2.0
158.35861318641946,-35.279696003919256,2.0
156.5882166505913,-35.845307355763595,2.0
157.2958877895611,-35.68779689735992,2.0
156.78963642832198,-35.27473513810962,2.0
156.6417685585297,-35.28145875427563,2.0
156.44862825416018,-35.28349407185811,2.0
156.2895097678711,-35.280805698043444,2.0
149.9152084912595,-24.103724530417413,2.0
150.3829599194086,-24.02578258637063,2.0
151.44028216685064,-23.830518990795284,2.0
149.91184575087945,-23.740447830867158,2.0
150.21840840834727,-23.17681262368302,2.0
154.12515159910782,-24.234446798165308,2.0
155.15874095201357,-23.75442564314773,2.0
157.69345062799584,-24.28660712150457,2.0
157.67872641111202,-23.416517637588502,2.0
156.9787260191119,-23.20088114343781,2.0
158.43457784673643,-24.148744122307853,2.0
158.87593706522492,-24.109974038834004,2.0
159.02245293977106,-23.61943836682439,2.0
160.0374097447351,-23.820434361255522,2.0
159.85836435775968,-23.75467363684896,2.0
159.62643334547482,-23.54853332522397,2.0
161.69807525519326,-23.327733093312265,2.0
163.27411690715056,-23.84018771544694,2.0
164.89646629237396,-24.585950792551998,2.0
164.35948087574332,-23.612211049774675,2.0
151.34270852038009,-25.9741200100948,2.0
151.23946241916,-25.971282540126406,2.0
151.1347043135549,-25.507009627076613,2.0
151.1942331966039,-25.132003432206613,2.0
152.67972159712926,-25.29911784017677,2.0
155.3235056116639,-25.44855783056095,2.0
155.52593236222282,-25.366431473843154,2.0
157.443758907995,-25.820265974347734,2.0
158.18035343726382,-25.784686909172592,2.0
158.25819088630362,-25.982371740442304,2.0
159.67291882499615,-25.59228621270723,2.0
159.04032607045974,-24.69880218552045,2.0
160.519879310738,-25.888672059096194,2.0
161.22464879948174,-24.744711246186018,2.0
161.0488840874096,-24.589341959662494,2.0
160.95482913098834,-24.590166306625942,2.0
162.07945526982047,-25.998926677080952,2.0
161.44262007211347,-24.642549825874003,2.0
163.68074250506263,-25.999007007504453,2.0
164.00356214496782,-25.564936074026104,2.0
149.92997190978863,-26.45242440385051,2.0
151.59250580663203,-26.832557861011033,2.0
152.69951297278485,-27.03893535046699,2.0
153.51872753492805,-26.869800764252574,2.0
154.9284166041635,-26.52548431061678,2.0
155.75985035706492,-26.080026299889923,2.0
157.10398716245197,-27.180304744569305,2.0
157.83870288130248,-27.16228371260057,2.0
157.9113435119524,-26.63378202454385,2.0
159.53539540250412,-27.365780983139018,2.0
159.78301733827126,-27.226231956062644,2.0
159.72974926375005,-26.788560469326573,2.0
159.8260624554757,-26.84022831067984,2.0
159.30257672141343,-26.67093623321072,2.0
159.14472671529057,-26.33942727190589,2.0
159.2279123117728,-25.962712198133488,2.0
160.07956066589026,-26.01308263125404,2.0
158.6101752088428,-26.1258346342212,2.0
159.2125225719777,-26.041058198027077,2.0
160.00420941573122,-26.154427311755647,2.0
159.21139881989512,-26.155230907795023,2.0
160.3236295406027,-26.58622703889423,2.0
162.86744434284702,-26.36764891090436,2.0
163.29333489497094,-25.973930007842327,2.0
162.47990465144898,-25.97991929221655,2.0
162.64630663513952,-25.983002491954256,2.0
163.62851674679902,-27.374867318462233,2.0
164.2609599252891,-26.67212312205791,2.0
163.72227050568037,-26.665950325092048,2.0
163.88739450805062,-25.95836072146237,2.0
164.28535489859752,-25.957116072568326,2.0
150.88346781767038,-28.078999362944806,2.0
151.3747613313236,-27.369074597677002,2.0
151.44394944257968,-27.36974415439437,2.0
153.1772836520802,-28.501969907234802,2.0
152.78800257646662,-28.085913713105956,2.0
153.83684341889074,-28.590313568926405,2.0
154.8967218045599,-27.364200536723995,2.0
156.79590741899642,-28.734914155041558,2.0
156.90301868917268,-28.732381156501884,2.0
156.0347019994237,-28.55315307214612,2.0
155.60494055454313,-28.40371168187543,2.0
155.4138075867987,-28.37986219852677,2.0
155.67946391446947,-28.30686518325711,2.0
157.88757937352713,-28.649363729246808,2.0
157.98606300085603,-28.47818170689393,2.0
158.21177013399094,-27.863672138762656,2.0
157.85120563950218,-27.34246235875759,2.0
157.34357663731666,-27.349188706658225,2.0
157.67331771062078,-27.506459689588393,2.0
159.82066741083122,-28.713561553127604,2.0
158.56917463979417,-28.567902566234533,2.0
158.74846294469313,-28.07834516909942,2.0
158.52790496304422,-28.041993087084894,2.0
160.7173563829884,-28.78875707023244,2.0
161.57129581271013,-28.423211627758306,2.0
160.74438875005973,-28.229266205887605,2.0
160.93713071733129,-27.592971663306532,2.0
160.28272109663462,-27.37425593764628,2.0
162.74963937481073,-28.276251274342183,2.0
162.5937307265203,-27.368107736260534,2.0
164.5821514498924,-28.588011702433647,2.0
149.99903087732656,-29.948974716347518,2.0
149.3441071956409,-29.93958678160102,2.0
149.54740721930338,-29.57713875888977,2.0
149.57379752499992,-29.464039345495085,2.0
149.57849507293233,-29.46426462373448,2.0
150.7487815846707,-29.454849343755146,2.0
149.802042716881,-29.300857756867323,2.0
151.49455896358955,-30.14828043400517,2.0
151.35739201654874,-30.14945290952336,2.0
152.03752503617562,-30.14045701012177,2.0
151.66993231143533,-29.9674390940631,2.0
151.38289803989903,-28.733845757035827,2.0
153.00187710798582,-29.19318789078628,2.0
154.6891069416291,-29.574611829881093,2.0
155.49172431390116,-29.206942714724196,2.0
157.1671980507234,-29.986824557513728,2.0
156.8389403878331,-29.711213480883078,2.0
155.77382839256137,-29.628364977780237,2.0
157.06405632841216,-29.593427179770842,2.0
156.2634663163432,-28.75820405075933,2.0
156.7252010115071,-28.754078100811967,2.0
158.98775211267994,-30.1608451210402,2.0
158.8203138828587,-29.62387427817937,2.0
158.92355116997322,-29.348738809426212,2.0
160.12922543109804,-29.269582579851928,2.0
160.4670791817231,-28.83498769792241,2.0
161.10573144981768,-30.147682706682957,2.0
161.37593305385863,-30.139701584752398,2.0
160.5460226907511,-29.728648035064737,2.0
161.95493077537546,-28.97331666205057,2.0
161.7882574213969,-28.98025288709459,2.0
162.6238249480706,-30.17176818947064,2.0
163.85226098536882,-29.75973715169167,2.0
163.67542554712767,-29.49979112819287,2.0
163.16873291547174,-28.754047366453534,2.0
162.7533128300788,-28.75371387496443,2.0
150.5941919049329,-31.455436998053738,2.0
150.20467895584443,-30.544964090090623,2.0
152.40313959401848,-30.31312826000921,2.0
151.89099681523237,-30.322066074842247,2.0
153.8051205588971,-31.076373560784358,2.0
154.19738184902604,-30.799436714224672,2.0
152.90264463898598,-30.47029896924835,2.0
153.70070777815403,-30.112615902394534,2.0
155.48707107633282,-31.555584814250263,2.0
155.75514971926168,-31.55286030408309,2.0
154.93798668308594,-31.21061508743168,2.0
156.1543270051499,-30.577451980912567,2.0
155.9899193807296,-30.263029275335786,2.0
157.70660232398603,-31.397847187748145,2.0
156.45512096770528,-31.046526984301572,2.0
157.79034057696433,-30.75902110504732,2.0
157.71238898487368,-30.42080551878873,2.0
157.18490351572066,-30.13968718172089,2.0
156.6301651931249,-30.139506004393937,2.0
157.0189674684075,-30.142501708805078,2.0
159.15808103926452,-31.124688848512577,2.0
158.37226625708146,-30.983126382635717,2.0
157.81635706972187,-30.91835851558425,2.0
159.1683414283491,-30.851832037333093,2.0
160.0804200097437,-31.55643233401958,2.0
159.81015556007074,-31.526146869777037,2.0
160.80016313534168,-31.05492514274529,2.0
160.2588369311913,-30.79448369792909,2.0
160.6925209134377,-30.755156018092087,2.0
160.74031398775466,-30.64104714115236,2.0
162.43413808183638,-30.13443129975705,2.0
163.28834061359416,-31.018463913806944,2.0
163.49295369358185,-30.14075663636897,2.0
150.5436373661179,-32.1841701279271,2.0
152.70508790630052,-32.907562797636125,2.0
153.1607807423806,-32.03881976027573,2.0
153.06497017894452,-31.988383370292354,2.0
152.72395462416844,-31.498858282589694,2.0
153.84664066583832,-32.916487395665115,2.0
154.06771339794557,-32.91475993060932,2.0
154.4886219277424,-32.26514661437382,2.0
153.69023852206973,-32.20910599444737,2.0
154.44360773356468,-31.49345483334399,2.0
154.3603982366227,-31.500127876977807,2.0
153.8976240757516,-31.500181554978088,2.0
154.95451740167792,-31.55431719680254,2.0
153.35791141490668,-31.56366429730952,2.0
155.4209595613643,-32.03311137176345,2.0
155.30113363909481,-31.523336901920253,2.0
157.6295599663249,-32.68752541859409,2.0
158.42680998817914,-32.66445779826964,2.0
158.40821799857346,-31.717799901235256,2.0
156.81234510619038,-31.527724907551193,2.0
159.32897897028366,-32.230313892124514,2.0
158.5888444398314,-32.18486635210861,2.0
160.89796841870432,-32.82382336841682,2.0
160.3768982316586,-32.234619264815315,2.0
161.14126553168967,-31.521289253491524,2.0
163.3495665711213,-32.512325085164086,2.0
162.4825536835903,-32.01691887736555,2.0
162.73340253060869,-31.691821735472,2.0
164.05530189978867,-32.23160084502966,2.0
163.57652084626787,-31.857942454373873,2.0
164.7459588212315,-31.60947413507693,2.0
164.97300347862978,-31.726131938833518,2.0
150.43954861307614,-34.286492697092484,2.0
150.37588700225368,-34.28391994383337,2.0
150.7773917497195,-33.619056856840174,2.0
149.75887517491253,-32.89778902366054,2.0
152.04483687127907,-33.517284694292314,2.0
151.65069547344336,-33.321161940384215,2.0
152.932805639008,-33.0954089513665,2.0
154.64408429887987,-34.086516015928204,2.0
154.12753890440663,-33.48817393058449,2.0
154.51135149956542,-33.30229434252668,2.0
153.60741515606404,-33.25006930070655,2.0
153.28962360483862,-33.04816093078717,2.0
155.1756706372574,-33.833990076273196,2.0
155.10410077815797,-33.508967672173426,2.0
155.4342020412311,-33.22417638513989,2.0
156.64135667198195,-34.056572604157765,2.0
157.4158165779574,-33.93189575117068,2.0
156.32478623663206,-33.61182804627633,2.0
156.8000196809179,-33.23718440512215,2.0
156.6496100928433,-33.140432965428445,2.0
158.18848903245183,-34.306016717152126,2.0
160.26609841870317,-34.18983231402896,2.0
161.0380999826897,-34.141271692168765,2.0
161.39703835682926,-34.07566800800799,2.0
160.09724277176028,-33.57179946817229,2.0
163.76634167913915,-34.289026341268475,2.0
164.497701542229,-32.982546580234605,2.0
164.26801410841603,-33.15564025093645,2.0
150.97872084674697,-35.54342067496861,2.0
151.22186813213497,-35.18925627635001,2.0
153.42713787273814,-35.62056856008333,2.0
152.71586515599603,-35.00780396726373,2.0
152.54863560509563,-34.93311787817404,2.0
153.12178838383088,-34.272012741669734,2.0
153.53879520640885,-34.89133439979314,2.0
154.64468262369897,-34.27403569312971,2.0
153.68411718351285,-34.3382478369469,2.0
156.2562047652639,-35.40687505954502,2.0
156.38792215020175,-34.47881590725184,2.0
158.67149673692953,-35.69843759540082,2.0
158.97554153607146,-35.69880939982497,2.0
158.54038291712342,-35.392843020081074,2.0
158.5389543388744,-35.1505676885817,2.0
158.5405156450648,-34.54462079608945,2.0
159.1697451313973,-34.28059511019126,2.0
161.99382101291138,-35.54202573334453,2.0
162.82867682768622,-35.669357532976214,2.0
162.6199035129369,-35.25568000550686,2.0
162.16979020616287,-35.09014923662983,2.0
162.37878539786232,-34.96706176326355,2.0
162.88658072614962,-34.261352132197196,2.0
164.37629008868984,-34.97861770491392,2.0
151.08691171755126,-37.04671679236465,2.0
151.43723325901772,-37.041761905884755,2.0
150.69208746645677,-37.01498008986631,2.0
151.14070348825157,-36.79048685804729,2.0
151.56304124834838,-36.49321909769928,2.0
152.14833270111984,-36.89560655210264,2.0
152.5607242529624,-36.68596460321509,2.0
152.80944807425496,-36.33054972228695,2.0
152.14713495442493,-36.253899302506476,2.0
153.92294879171885,-36.171315813730175,2.0
152.88080113529574,-35.997499629516085,2.0
152.81140842054953,-35.72825122090313,2.0
153.47281141631396,-35.649072608611256,2.0
152.8553661602519,-35.660520945900565,2.0
153.98593282493343,-36.64750920563343,2.0
155.19358538472298,-35.96420876959037,2.0
154.79504315633517,-35.73755382329959,2.0
154.46355082659315,-35.65482193992097,2.0
155.98655481971468,-36.908290542327045,2.0
156.01225839839032,-36.29102675726485,2.0
157.29582790778508,-35.687818629569826,2.0
158.82799732327132,-36.87848044358572,2.0
157.38344775691206,-36.090271528369954,2.0
159.10437619393088,-35.99111679823401,2.0
159.50039849430308,-36.18523469637135,2.0
160.84122503166745,-35.96885511730447,2.0
162.35015221403464,-36.15446564217289,2.0
161.3807269486512,-35.67123613658215,2.0
163.56256081798472,-36.97390935159591,2.0
164.17585094562966,-36.946740328740894,2.0
162.93437332255317,-36.015948137157025,2.0
163.74039056660058,-35.63018799584461,2.0
164.22204126596534,-35.65194013730978,2.0
150.50371611000406,-38.418600842976325,2.0
150.61093976917974,-38.417638834159796,2.0
151.10402076655907,-38.408216157337115,2.0
151.38723011503185,-38.405547731776174,2.0
151.14107030288636,-37.335568889758896,2.0
151.0425053682367,-36.99710034358174,2.0
152.71851419243353,-37.90281556062636,2.0
153.37839603751274,-37.557434949585364,2.0
151.64111070992598,-37.35147443484559,2.0
153.33690422962968,-37.22887146049179,2.0
153.70435571030475,-38.18878825276133,2.0
154.16761735590617,-37.95806046620789,2.0
154.16211790462762,-37.3490930401989,2.0
154.76339237992104,-37.033038725748504,2.0
156.93410033162095,-38.04739509379154,2.0
155.74995769527143,-37.35499383335378,2.0
158.68859165282794,-37.290769557933935,2.0
160.2333190754556,-38.43121314848718,2.0
160.4853128496157,-38.27462021447567,2.0
159.29365353672335,-37.70769481375864,2.0
160.3964705972055,-37.46929287562097,2.0
159.5371009906081,-37.35721156044786,2.0
160.356143814029,-37.02385052825371,2.0
160.04458609128986,-37.111817436895215,2.0
158.94144978754204,-37.05511160236176,2.0
159.56174090572398,-37.111672614670894,2.0
161.04986685342485,-37.74004785908864,2.0
161.9713950706201,-37.506006497417076,2.0
163.11056329022517,-38.334461192302435,2.0
163.59861406918498,-38.33071141066951,2.0
163.0182137295006,-38.077950859807146,2.0
163.27381276085504,-37.75548784198133,2.0
164.96962386398937,-37.01098501623989,2.0
164.74842315035724,-37.01169962307903,2.0
149.87497545688376,-39.79137785878939,2.0
149.89819952276233,-39.78940318169806,2.0
150.51309765380927,-39.78359774980945,2.0
150.44604509999922,-39.782499703388574,2.0
150.2641605698179,-39.782251904560674,2.0
150.2133034705195,-39.78420432302294,2.0
150.0661409814224,-39.646452843114034,2.0
149.949548742514,-39.44308225411362,2.0
149.97828304498037,-39.34757951132431,2.0
150.50572099924787,-39.16181051854085,2.0
149.5303703192914,-39.08584495845262,2.0
149.15851494617868,-39.10554425366331,2.0
150.4523674423203,-38.806126878124545,2.0
150.12856994267275,-38.37902729033212,2.0
149.9619948222865,-38.50635457434919,2.0
150.47903618737377,-38.37230822959474,2.0
149.86144449229099,-38.38337796705204,2.0
152.44280135428468,-38.97154103081857,2.0
153.76483472820672,-39.803653136344245,2.0
153.90517834197462,-39.709675346804644,2.0
153.41720026934274,-39.68372321614746,2.0
154.66920015827992,-39.6365392205941,2.0
152.93936279012232,-39.42800463808118,2.0
154.66274929259538,-39.33672413234196,2.0
154.5337890257673,-39.22322339038191,2.0
153.6025860155802,-38.79497432212509,2.0
153.5245286398728,-38.65332194957538,2.0
154.61428290024588,-38.516573859225346,2.0
153.2454065213627,-38.600339442482316,2.0
155.48816753522624,-39.34383685964831,2.0
155.27755820393082,-39.1573140393806,2.0
156.4040543147664,-38.492664572723434,2.0
156.98717166834248,-39.66334522725121,2.0
160.08499462227118,-39.43105159269732,2.0
160.07580629662584,-39.02361825020224,2.0
160.67188118528543,-39.821150179157854,2.0
161.41806534064986,-38.987700589098225,2.0
161.41558087136073,-38.47206514166183,2.0
160.7402411401766,-38.40354962464002,2.0
165.2556172077071,-39.78178324954093,2.0
163.72801528389826,-39.23238358657589,2.0
165.2564974694581,-38.839358877756254,2.0
164.46754870613927,-38.46416694792801,2.0
153.8458304427787,-40.40778489753693,2.0
154.01729776706262,-40.25268314415433,2.0
152.65893760466602,-39.831771363127686,2.0
154.24595220693226,-41.062371742332886,2.0
154.7813303474071,-40.8637612736879,2.0
154.40485551535713,-40.100124991563966,2.0
156.63016526140115,-40.86351703087028,2.0
156.90163714717752,-40.345813820191346,2.0
159.17448891243004,-41.11618392138965,2.0
159.68008423115552,-41.018289090077594,2.0
159.5718590119911,-40.610326497963946,2.0
158.18082867205274,-39.96296048969742,2.0
163.0398557136988,-41.04693359229285,2.0
162.18965956991096,-40.90490547178806,2.0
162.41674004448367,-40.852536769197506,2.0
163.5446065016192,-40.827450556706225,2.0
164.66575826762875,-40.662254636412385,2.0
164.50287801503137,-40.63143328911606,2.0
163.57717858860218,-40.481018733041815,2.0
163.74052386305362,-39.999614956190364,2.0
165.01186982764162,-39.763062497139074,2.0
150.64251975061902,-42.44376468392282,2.0
151.3946653887827,-41.7077446820009,2.0
150.79009971202615,-41.70720504557922,2.0
150.65101548035398,-41.602175102760256,2.0
151.09568174243253,-41.485982992573376,2.0
150.66296491143777,-41.11425425676392,2.0
150.41313252218617,-41.113113122873685,2.0
150.8589050486613,-41.115882923982284,2.0
151.69020869213415,-41.85038250475467,2.0
152.92850275049636,-41.558584205553714,2.0
155.49092852764468,-42.4590529532549,2.0
154.50596878585208,-42.004918062815435,2.0
155.17729829012004,-41.85496267719448,2.0
154.03876114409366,-41.31879762309155,2.0
153.70944899617268,-41.17735573616007,2.0
154.73278720642094,-41.203226194501006,2.0
156.1052034797813,-42.5533535617679,2.0
157.30431588107575,-42.54264279967594,2.0
155.45516089011645,-42.423388774653894,2.0
156.60949561110598,-41.87883879553581,2.0
156.29972255755538,-41.846359780138116,2.0
155.45508799077146,-41.803158185485294,2.0
156.730768747104,-41.610624953811175,2.0
158.3292582307374,-41.48534379096306,2.0
160.28639352699972,-42.199556362902186,2.0
160.99950535482745,-42.146744164898685,2.0
160.48251837602768,-41.75804938947136,2.0
160.0774900513639,-41.63946932611889,2.0
161.120431887043,-41.593649497478935,2.0
160.78268069021604,-41.27334909983184,2.0
160.25491938705798,-41.337472692150065,2.0
159.789005334742,-41.138871970790866,2.0
162.77356617630963,-42.48072228832189,2.0
162.13655490074274,-41.84579707940356,2.0
161.6479433464494,-41.139190976923736,2.0
162.6060281071846,-41.26352931361134,2.0
164.43495282604863,-41.87840050571555,2.0
163.97635791641,-41.13418858862365,2.0
163.1648582561849,-41.17694467158138,2.0
163.22079280882892,-41.24394302668948,2.0
153.04091067495997,-43.82949836809499,2.0
151.32486236646974,-43.2069004995164,2.0
151.7645793423226,-43.20667577608409,2.0
152.93903649395236,-43.13927328471031,2.0
151.5011442420624,-42.85727951649411,2.0
152.4345053488891,-42.682015075647776,2.0
154.18821565775727,-43.56193365013209,2.0
153.15080873828938,-43.263968595644826,2.0
154.2517038937345,-42.84219575445577,2.0
154.93781480403348,-42.757680781101506,2.0
154.93639422888137,-42.72756377276567,2.0
153.95463111288618,-42.65280626052775,2.0
156.77427199442948,-43.72812711312928,2.0
156.58777830386597,-43.500636965281714,2.0
156.1814949773349,-42.78629430657272,2.0
156.85762487962054,-42.74180232138149,2.0
157.273310382508,-43.849756969708785,2.0
158.7676765432111,-43.05742277842085,2.0
158.5816042255359,-42.66845852789671,2.0
158.2338800356459,-42.497305307216884,2.0
160.73762105707308,-43.845424379784326,2.0
159.024964677871,-43.211831283806156,2.0
159.8853264580001,-43.20835572968605,2.0
162.5905833484013,-43.0375197962189,2.0
162.19703938368446,-42.9984381559558,2.0
160.9302770711556,-42.89328908213609,2.0
161.33292346183788,-42.5921329690106,2.0
161.0094290769841,-42.62252518416,2.0
163.010681611459,-43.533241337531976,2.0
164.40803051937576,-43.32441101025775,2.0
163.85611375734138,-43.27113160839478,2.0
164.16292389542798,-43.05794889072446,2.0
153.9255372072468,-45.258550363339005,2.0
153.76802356429462,-45.200470136960114,2.0
153.64849162694492,-45.187706557497386,2.0
152.52806643607838,-45.100990418373144,2.0
152.9394736662917,-45.006483255199406,2.0
153.909925572035,-44.92205866600853,2.0
153.90932103111814,-44.87879267680438,2.0
154.34135716020833,-44.85250261198102,2.0
153.08976398534938,-44.738756985590506,2.0
152.52869118446924,-44.569601000525935,2.0
153.50251841602088,-44.36146208412676,2.0
154.03650957474076,-44.185389561988,2.0
152.5681627290814,-44.08861306207244,2.0
152.4404388739988,-43.861767220668746,2.0
155.53535257660866,-44.60328672856167,2.0
155.23321751169985,-44.03781026975956,2.0
158.34839948262237,-45.214870774979886,2.0
158.34763559273085,-45.168315959847405,2.0
158.19182460482247,-45.158573256297394,2.0
156.38365474296708,-45.12252351856168,2.0
158.33860377749986,-44.81289039851956,2.0
158.3214115681666,-44.71465290753301,2.0
159.52210556213743,-45.13686507752144,2.0
159.21220385146245,-44.7516924558277,2.0
158.58532728621384,-44.57334828866521,2.0
159.50799300753482,-44.0933782744092,2.0
160.09329338574827,-43.854739603035775,2.0
159.94976544865975,-43.85608257050219,2.0
161.8942756067975,-44.52901729931011,2.0
162.5068425167147,-45.27951062307257,2.0
163.33157615329364,-44.2724839831108,2.0
152.1426297016536,-46.63415475968761,2.0
153.2437253399439,-46.62876409597713,2.0
151.98600037531241,-46.45429685517875,2.0
153.83417752721542,-46.0925171178304,2.0
153.63748860068353,-45.97762078984786,2.0
153.2671267638966,-45.90878155872467,2.0
155.70206412488218,-45.895482221220476,2.0
153.8417123297411,-45.51262590410308,2.0
154.57643735942227,-45.21789301251898,2.0
154.58688418590438,-45.22326622874152,2.0
154.94255297038652,-45.22009790295851,2.0
154.7236625781941,-45.22243600902528,2.0
157.83973662748951,-45.66888785619953,2.0
157.82261823906518,-45.21203446196878,2.0
157.89593391214873,-46.44420284162901,2.0
157.89635764316645,-45.943684827761544,2.0
158.20771610627227,-45.93087224488471,2.0
160.07700881415946,-45.75487564926504,2.0
161.28141781791152,-45.65348595022654,2.0
160.79010572902766,-45.627030252782404,2.0
162.27847137905408,-46.229426886207584,2.0
163.8460003105372,-45.329162965725004,2.0
162.8823617166031,-45.26976730086499,2.0
164.9541269898447,-45.92746754854546,2.0
164.38073957052367,-45.72460333265276,2.0
165.01520982353944,-45.21796460003014,2.0
151.63217916768284,-47.8528031264691,2.0
152.92032373517978,-47.80379656559471,2.0
152.88533866453918,-47.36401728871338,2.0
151.25297163426148,-47.32011937104063,2.0
152.28954091651096,-47.27936629396394,2.0
153.15477445910372,-47.096224950949534,2.0
152.97375152980499,-46.7406103558194,2.0
151.81515950014426,-46.73525535804614,2.0
155.30761046345796,-47.8543514036721,2.0
155.30467079315127,-47.7483250537829,2.0
153.70617409116454,-47.70989982633297,2.0
155.29502379171896,-47.42239522821892,2.0
154.56578570463736,-47.25495067822403,2.0
153.66028825278894,-47.2299662908468,2.0
155.0930468637946,-46.86551388353816,2.0
157.22880372967452,-47.588750911827184,2.0
157.07789793118403,-47.51891446713928,2.0
156.65227923544555,-47.00345987693115,2.0
156.58811995669305,-46.81455775549377,2.0
158.20054754776302,-47.48449312683582,2.0
158.34005663666525,-47.453795262437495,2.0
157.66566113680452,-47.28596553488656,2.0
159.14471425437284,-47.22508744538422,2.0
159.3801252686423,-46.739413183114074,2.0
159.15043268359784,-46.591404205281584,2.0
161.47736616660654,-47.91430045891178,2.0
159.88289056813733,-47.68935630030928,2.0
159.9998687263755,-47.02397174690933,2.0
159.56653184269467,-46.92667259366434,2.0
163.5315045063371,-47.92492768906696,2.0
163.12218777088023,-46.86910502457218,2.0
164.71977056385626,-47.874138566785355,2.0
165.05421901070494,-47.641745715693816,2.0
163.93831663586633,-47.23576036517263,2.0
164.01601989207066,-47.114819971306105,2.0
163.97557240180456,-46.576844524010724,2.0
163.5849890572484,-46.57782531679217,2.0
0.6279554824066291,0.8331230804411939,2.0
0.8467211597538479,-0.9942040564460362,2.0
1.6655775849437575,0.4374455618309827,2.0
1.7916872717045043,0.8914261244525057,2.0
2.78567290990953,-1.3722212907904303,2.0
2.5751507807749814,-0.7889116380253467,2.0
3.3638162881857334,0.875614770300196,2.0
4.153156257769357,-1.3755743741038997,2.0
3.4780953309217506,-0.955869363802004,2.0
5.5891201307586815,-1.345893694121861,2.0
6.333011956389121,0.5254799731760371,2.0
6.9743180526975825,-0.9667199252402,2.0
7.416749471161749,1.0913027872498264,2.0
8.956752971284333,1.154572113640786,2.0
8.771881549064107,1.4100785307545798,2.0
8.843936979318293,1.2457934787339289,2.0
10.393412585893268,-0.9154174816037974,2.0
10.112110958231662,-0.04538453533637553,2.0
10.442266583782061,1.1770211859516393,2.0
11.935150064808193,-1.3411490516741251,2.0
10.669379369088848,-0.2742681119576157,2.0
12.782410269218097,-1.3667163617841478,2.0
12.778959905763788,-0.8656579957329904,2.0
12.998426714212899,-0.4866204451282304,2.0
12.955915679701484,0.5649407893753414,2.0
14.551097404235454,-0.7433561671504866,2.0
14.550637222754734,-0.6987292876218685,2.0
14.767074131559605,1.0011685238164214,2.0
14.55966743253182,1.2584002546432456,2.0
15.392380102107225,0.02270858710220103,2.0
15.562046771477473,0.030255531274372777,2.0
15.838208950429175,0.5265623245470902,2.0
15.632402188184084,1.3433615405781432,2.0
17.11181201736435,-0.6233462563312987,2.0
18.03228569581381,-1.0006067791305526,2.0
17.900069255969978,-0.7333898084903949,2.0
17.904115425438217,0.03501853491476542,2.0
17.701834278014918,-0.21226819906969807,2.0
17.747074250804328,0.4336856497976708,2.0
19.057140108424413,0.7623339779112968,2.0
21.69378980441009,-0.6457451930656755,2.0
20.97812192371461,0.28234147700935985,2.0
21.128038074495798,0.834548843867674,2.0
22.360594720657517,-1.1997118023036937,2.0
23.25832153050672,-0.6895846013538903,2.0
25.071099271009768,-0.8341590148622415,2.0
25.956077146221773,-0.5008399957100592,2.0
25.284532033386736,-0.3097685866601709,2.0
25.40783873918491,0.025376659760461297,2.0
25.381300538855914,0.4023900510660047,2.0
25.554735538983763,1.4346052829871407,2.0
27.127453243499232,-0.06288363227170451,2.0
26.95252106508151,0.7240359113527638,2.0
26.562774485890394,1.4362258898839306,2.0
28.998963708988967,-0.18568701210633454,2.0
28.13011780454248,0.022372984409537017,2.0
27.988396291922246,0.7276629624380171,2.0
29.04404734854663,0.2545068967145766,2.0
30.13604348540557,1.4489790336825397,2.0
31.42888293121301,0.4503664662712651,2.0
30.779927079777497,0.5281796264530627,2.0
33.759066181002034,1.4309039151441791,2.0
34.74941508408646,0.4822204368994216,2.0
36.75577683526917,-1.298796771372344,2.0
36.49632603448252,-0.6626587405871224,2.0
36.999658761596436,0.04409720927903631,2.0
36.696028338790434,0.031140838072168525,2.0
36.61785108970139,1.1604400554801353,2.0
38.03891271958179,-1.3861949894293877,2.0
38.972603174842185,-0.14581991385294196,2.0
38.90731923323882,-0.06437842336988693,2.0
41.03365651597054,0.0567177444976993,2.0
43.60887244004111,-0.6896473847720612,2.0
43.507842256609614,-0.6724389480894876,2.0
43.98850261320957,0.6926401806012571,2.0
45.92146961556876,-1.073490808848263,2.0
45.921010667466504,-0.3893820469862392,2.0
44.85558959760276,0.7273367471611171,2.0
46.20769411378219,-0.13705075686612653,2.0
46.55298185202796,1.3659244829765935,2.0
52.09930095469032,-0.0895228581092771,2.0
51.84833263056385,0.6942457788727883,2.0
53.62265212610798,0.10308047306115553,2.0
53.80621035860359,1.0680466810289817,2.0
55.65341375095353,-0.8550160449974259,2.0
55.9034625761665,-0.3479650100352816,2.0
54.607207384813,0.7251251799368191,2.0
56.744347338512355,-1.3734608880748311,2.0
57.22792765104507,0.4687870759429623,2.0
57.28697520415392,1.1628501269812663,2.0
58.10391561846088,-0.4448866065551175,2.0
57.687966351962395,1.4047518105949903,2.0
59.494276836606595,-0.1905384007198533,2.0
58.876684875627404,0.03169368734911585,2.0
59.68093427588539,0.026655048368198653,2.0
59.365072486279715,0.0222321591001812,2.0
59.51364245471698,0.028077125813975527,2.0
300.90438089291007,-1.3678192384090568,2.0
300.6810883365009,-1.369825854788253,2.0
300.73373638844663,-1.3654846927846074,2.0
300.43374320490943,-1.3678888354135397,2.0
299.938686346056,-1.320511624042225,2.0
301.1070602442826,-1.3163746565104055,2.0
300.0558548170142,-1.2733751999793113,2.0
300.72218425618365,-1.2698566627159018,2.0
300.8530591799692,-1.237835495134484,2.0
301.10731834115705,-1.1167681851777949,2.0
301.1026191447918,-1.1132101597150383,2.0
299.7006279699223,-1.0879533199241245,2.0
300.7812933110342,-1.052689308736758,2.0
301.1021440995806,-1.0455382386373917,2.0
301.102762429131,-1.029589228068623,2.0
300.0957148679896,-1.0094839659042447,2.0
301.1061374498728,-0.9776060354397446,2.0
300.0770629273244,-0.9745724863519968,2.0
300.698696263724,-0.9744605210146032,2.0
300.07090264179976,-0.973263049875035,2.0
301.10341759108144,-0.964870961675828,2.0
301.10495055173834,-0.9571717338895634,2.0
300.1501734555224,-0.9537873228135552,2.0
300.60332684289807,-0.948771453684136,2.0
300.1465692881327,-0.9380226323900576,2.0
300.1729210069644,-0.9406842178200816,2.0
300.15443623375853,-0.936276552120694,2.0
301.1060097867956,-0.93218029891678,2.0
300.1526854829633,-0.9293696166133136,2.0
300.057160193176,-0.9278955286587868,2.0
300.84585879693174,-0.91282721236226,2.0
300.13636392939856,-0.9118299962946148,2.0
301.1030467155355,-0.9099577369763177,2.0
301.1050862406376,-0.9011578706733376,2.0
300.1822536989416,-0.9000832281130022,2.0
300.04933118832236,-0.8908921523385924,2.0
299.96708892971736,-0.8840351722231468,2.0
300.87970393277993,-0.8793276800028117,2.0
299.91231774557184,-0.8745653900964252,2.0
300.8000289680213,-0.8688914052258789,2.0
300.1148193865912,-0.8646160574591806,2.0
300.06977974538904,-0.8669012824141373,2.0
300.1542379039273,-0.8618676484267034,2.0
299.93436875031983,-0.8579221234393409,2.0
299.69720152845014,-0.8474030260087654,2.0
300.20461323470346,-0.8438072372830813,2.0
301.07676012300794,-0.8395703340214467,2.0
300.17140613223233,-0.8336891304679107,2.0
301.1058893049261,-0.8333255253038052,2.0
300.01165993928663,-0.8326705090656515,2.0
299.69629117220103,-0.8255740041951887,2.0
300.1898869269133,-0.8200578840878596,2.0
299.91580633483744,-0.8236725274315402,2.0
300.1463663083146,-0.820365139755117,2.0
300.1686827186575,-0.8142218339567072,2.0
299.75257943961566,-0.8103745259885418,2.0
300.10053874187236,-0.808539386232097,2.0
300.8784793439882,-0.8070722656334419,2.0
300.90088477429686,-0.8062115898444024,2.0
299.7225937122475,-0.8039059773464837,2.0
300.0666329616376,-0.8012543355487128,2.0
299.88685850767706,-0.7988250556830269,2.0
300.14102388430854,-0.7940542099714275,2.0
299.9123297825849,-0.7919925354528375,2.0
300.2131173322936,-0.7900460027759555,2.0
300.15729078065584,-0.7864030647967757,2.0
299.8677370351968,-0.7844235435618541,2.0
299.6963181476665,-0.7796130746653719,2.0
299.8887203245825,-0.7801599471809695,2.0
300.15167531847334,-0.7707313236844869,2.0
299.99781628680887,-0.7709478512910447,2.0
299.9939905039509,-0.7716904686549917,2.0
300.16278222977405,-0.7672108288380829,2.0
299.9051498467728,-0.7679918717953592,2.0
300.1937587200366,-0.7564448261549245,2.0
300.1956538941485,-0.7375960280975292,2.0
300.15698544650274,-0.7336639554824135,2.0
300.19289451549787,-0.7241034265017432,2.0
300.1992458529312,-0.7259286724355913,2.0
300.2158298482922,-0.7301353685624782,2.0
300.1876238435519,-0.7172015364661446,2.0
300.1143885477107,-0.7189817980539078,2.0
300.13938065537786,-0.7094058316524919,2.0
300.15770206815137,-0.7047187449942527,2.0
300.1435892735882,-0.6964644680970674,2.0
300.1918266376555,-0.6927885551864865,2.0
300.01254199817555,-0.6889739457616338,2.0
299.8767029142162,-0.6779792176716539,2.0
300.04527813224405,-0.6751174045555544,2.0
300.16224212190133,-0.6718780995361596,2.0
300.1423006495578,-0.6675744906226266,2.0
300.1520794459592,-0.6648453959576935,2.0
300.14401301137707,-0.663973186396811,2.0
300.1027359241968,-0.6604052007977366,2.0
300.1485332842418,-0.6703243883639236,2.0
300.02596330338247,-0.6606880777055519,2.0
300.11730487244284,-0.655853832999973,2.0
300.17571955795444,-0.6521754640112739,2.0
300.1119761189908,-0.6530147778231435,2.0
299.73647665731283,-0.6532293910778433,2.0
300.1322248024428,-0.6411832764330702,2.0
299.98809866466075,-0.6410567502256547,2.0
300.0246039287411,-0.6403905346855304,2.0
299.99203391262137,-0.6342374109911566,2.0
300.11694195051564,-0.6369303433454204,2.0
300.23541397873316,-0.6277630058375089,2.0
300.1499582760372,-0.6290264905308174,2.0
300.0795840375495,-0.6265603498674124,2.0
301.0984781173098,-0.6074461745769634,2.0
300.1182038658821,-0.6032182426608249,2.0
300.09391764655305,-0.6026516414159553,2.0
300.1646448628303,-0.5978345958830686,2.0
300.20941882338906,-0.5968617101901589,2.0
301.08198374498227,-0.5931708134981477,2.0
300.04643384282133,-0.5897269913954971,2.0
300.28377753572175,-0.5847224316702193,2.0
300.1012394669381,-0.5804215589799103,2.0
300.19914184178987,-0.5765602350220149,2.0
299.7681535101365,-0.5746355759953907,2.0
300.17591093681665,-0.5761939260366987,2.0
300.15010970728963,-0.5711525998775582,2.0
300.0893723299821,-0.5704646532312174,2.0
300.0736176409273,-0.57338883984916,2.0
300.1973741227614,-0.5722412002425767,2.0
300.1650073605375,-0.5615551059761186,2.0
301.1027339841555,-0.559232267763781,2.0
300.19510970580376,-0.5533590230129529,2.0
301.0986222563615,-0.5520791244439772,2.0
300.12542666574694,-0.5427903423503628,2.0
300.1543273647923,-0.534509748611479,2.0
300.1493867209678,-0.5333881980087506,2.0
299.7027125680072,-0.5266026063824457,2.0
300.1780438834783,-0.5098161836515779,2.0
299.8069133552287,-0.5061959491819034,2.0
300.78432661630075,-0.5035852263368495,2.0
300.15261335676587,-0.4999920619420009,2.0
300.0719148445972,-0.5023726247820672,2.0
300.16480929790316,-0.4990271176607578,2.0
300.1853184919628,-0.4956835789212966,2.0
300.1559841450383,-0.4930787027096727,2.0
300.1417051567871,-0.4911896314923708,2.0
300.2141624858723,-0.4871292942722549,2.0
300.158533411223,-0.4807956707421289,2.0
300.1273275116542,-0.4824947156458176,2.0
300.18940256661494,-0.4746376547659678,2.0
299.7305265794915,-0.4728976595259288,2.0
300.7214319573012,-0.4645003898112926,2.0
300.16793789440436,-0.4622354829697481,2.0
299.9977543992345,-0.4219241991522447,2.0
299.99872464253764,-0.3964082326230973,2.0
300.15528206667364,-0.3634645061410951,2.0
300.41991656768056,-0.3392468587596648,2.0
299.7630526396768,-0.28424720251111496,2.0
300.20060528057815,-0.2501331923840988,2.0
300.2438049001385,-0.17743403761006293,2.0
301.09492152798794,-0.1708904992091452,2.0
300.22724476808213,-0.12914202233898225,2.0
301.0953749026532,-0.08655933110232039,2.0
301.09509035447763,-0.019906898202976992,2.0
299.9677291343539,0.4035179857175032,2.0
300.3642879483507,0.4559433844954109,2.0
300.4249683570248,1.103941736898962,2.0
300.8084123576375,1.1632110808376566,2.0
301.09643324450633,1.2548764297241994,2.0
301.5465251807513,-1.3766556498057156,2.0
302.27705051536185,-1.368009131225849,2.0
301.7134936828583,-1.371926196696601,2.0
302.1203034775708,-1.3700048586555966,2.0
302.38597939254015,-1.3662820996068203,2.0
302.49947986702136,-1.3643649300746126,2.0
301.32942951548785,-1.2449223726286704,2.0
301.48952243808463,-1.0745498832695537,2.0
302.42022644383104,-0.7472619900577441,2.0
301.7862341400093,-0.6393450910005871,2.0
301.65850864292753,-0.5945862652164844,2.0
301.9780755911878,-0.03773059816007386,2.0
301.7681733676344,0.026995936954786397,2.0
301.82512342139734,0.02838823824507948,2.0
301.9514451991064,0.027788310057994745,2.0
302.13704085850975,0.4491435164608955,2.0
302.4941226398248,0.5708737838181978,2.0
301.67172895166783,0.8818992566068953,2.0
302.27842334052167,1.1481737262402405,2.0
301.574648655195,1.4348737360943202,2.0
302.0667795828461,1.3666211483886828,2.0
301.7636138209504,1.4328285180363554,2.0
302.1082212476076,1.3337592437241703,2.0
301.6078578635278,1.4338177129454006,2.0
303.9444563106612,-1.2766101225527429,2.0
303.77841541118863,-0.8315541832259578,2.0
303.93725062424056,-0.4901916846857312,2.0
303.28670596592644,0.03488719850461286,2.0
302.5341523112629,0.02666177512030367,2.0
303.4410909226381,0.3392565194041254,2.0
303.5538654931659,0.5301865233938194,2.0
302.5224801169115,0.8784348072507819,2.0
302.94985867185045,1.0551371671623744,2.0
302.99704320649766,1.4367870078446785,2.0
303.36174828999674,1.4365750492129326,2.0
304.71942709863475,-1.3731084437643073,2.0
304.509773350802,-1.3672236773554731,2.0
305.060795132146,-1.2073146506251962,2.0
305.0889387958757,-1.155759409481253,2.0
304.3009589231707,-1.0540395960824516,2.0
303.9495890386948,-1.042840931749792,2.0
304.5904406246134,-1.0203586072537854,2.0
305.25532666340894,-0.9417777289537596,2.0
304.89263960889963,-0.697688375017389,2.0
305.2301460030957,-0.6828315707616156,2.0
304.3670838055955,-0.6528413302203716,2.0
304.9156636406797,0.04661852396662895,2.0
304.038632675975,0.6741003225994451,2.0
304.1222172116527,0.7432210443182365,2.0
304.72114734401794,0.8821482210931447,2.0
303.9399173823539,0.9097639218083434,2.0
304.27101257330065,1.1551129496805783,2.0
304.61690236018063,1.4340478223179918,2.0
306.6165518007759,-0.8347802312353284,2.0
306.2757984114686,-0.7747048637387719,2.0
305.6755357560082,-0.6705609994373294,2.0
305.6479758852928,-0.6694194677482896,2.0
305.4614450462297,-0.6255562873254699,2.0
305.6222405590401,-0.2533339736194629,2.0
305.7118666089971,-0.12573703063278624,2.0
305.65748205781847,-0.04736963567508763,2.0
306.8506692033107,0.012052897215140041,2.0
306.21683265881563,0.030427827339577624,2.0
305.48867462269766,0.1503751195660479,2.0
306.8430473025636,0.4132515166286929,2.0
308.12544896708806,-0.6958938309001096,2.0
307.2490682868502,-0.24324674948083885,2.0
306.96948228594965,-0.04193875973912654,2.0
307.28235922229794,0.2128968104915489,2.0
307.78172134962466,0.4402350365794884,2.0
307.0258622770853,0.4912304017407279,2.0
308.2626013293896,0.5699385534473999,2.0
307.7068416738996,1.0825941407132185,2.0
307.77514191905567,1.4096935622932274,2.0
309.5020276054182,-1.3651915289372405,2.0
308.2347551330901,-1.344373088325368,2.0
309.11226024382256,-1.2192230941403257,2.0
309.12364765137767,-1.088714078444039,2.0
308.2008672534748,-0.6938471958214723,2.0
308.5708839415125,-0.32652918147427445,2.0
308.68317796120635,0.03890690876237464,2.0
308.5768649149289,0.2294626883130763,2.0
310.00762685584414,-0.4652045113750963,2.0
310.75330785900184,-0.3819650374054916,2.0
309.97918356455256,-0.31954491041138144,2.0
309.61445771463417,-0.21415374166638534,2.0
310.06015620865907,0.034652522555983264,2.0
309.71627695900986,0.24531665106898856,2.0
310.98668825749763,0.3157746549078051,2.0
310.43800304136687,0.6983518754165824,2.0
312.52070310045053,-1.2794937426450077,2.0
311.29138808020014,-0.5618773152324577,2.0
311.2317792951913,-0.3023123925304684,2.0
312.4859068430339,-0.20047242424500933,2.0
311.6341718700943,0.0071537371998108,2.0
311.5465330779192,-0.04262955739198376,2.0
311.6087878150387,0.39382803431123975,2.0
311.5866102652723,1.138393148248938,2.0
312.3557909464122,1.4096921281012198,2.0
312.4846164282326,-1.1836664499138752,2.0
313.0946898041548,-0.9644574842879524,2.0
313.47340856840543,-0.9300397015320832,2.0
313.180458560878,-0.9186343318918834,2.0
313.4728263565433,-0.8605164919484151,2.0
312.80207372281063,-0.7572315154489215,2.0
313.3388888874498,-0.3471025019192853,2.0
312.48592414481044,-0.20047764337369905,2.0
312.82152469985664,0.03576704444004933,2.0
313.16608284309865,0.0333580200646991,2.0
312.46711800937265,-0.0033200503989493893,2.0
313.33560012145585,0.5802699281293944,2.0
312.5797728133165,0.695114292902304,2.0
312.7578630676437,1.3640665472327729,2.0
314.5698072177791,-1.3728650905962816,2.0
314.69569894154256,-1.371818497484248,2.0
314.71968694313244,-1.3673960523079352,2.0
314.8636641667162,-1.2302875408042158,2.0
315.28226080937685,-1.1508224190588623,2.0
314.2234556439413,-0.9499527686864568,2.0
314.77678796950727,-0.8260406100876352,2.0
314.58539737213067,-0.6655230815557508,2.0
314.0828714196137,-0.424450553959429,2.0
314.0710085411957,-0.37975951450136136,2.0
314.49810856857016,0.03424454687164648,2.0
314.67014983360383,0.031446092082987334,2.0
314.81972652068856,0.0765585477258264,2.0
314.51371105005717,0.3740315581132064,2.0
315.2805310119318,0.3977146337120728,2.0
314.2234888217489,0.4066647280365247,2.0
314.89187843353983,0.4682003946058222,2.0
315.1167664053299,0.5010096901717271,2.0
314.8909655878827,0.5578800861669497,2.0
314.2429269953367,0.6396332333841882,2.0
314.5964443727898,0.6812829290887306,2.0
314.6640066383356,0.7295835438811357,2.0
315.27714819382993,0.7525647513792965,2.0
314.70870799495566,1.047261714518239,2.0
314.4391776408113,1.4322853845062264,2.0
316.59812093991746,-1.3167490973054905,2.0
316.5944681931758,-0.8042846072625464,2.0
315.6123708578332,-0.3330180764499682,2.0
316.1002957796978,0.02948164895623448,2.0
316.5724684673423,0.6633851759782559,2.0
316.56663352997225,0.7398753156667108,2.0
316.27416177427847,0.9995463174803184,2.0
317.1295152755948,-0.7044464045899401,2.0
318.97366343864985,-1.3668470567181408,2.0
318.15241526688925,-1.2252113398376006,2.0
319.53430849886036,-1.1785669713046207,2.0
318.498559367999,-0.7897319155314643,2.0
319.5302702569308,-0.7340137319077116,2.0
318.79967124056543,0.026528418688467024,2.0
319.14357907111173,0.543805403608017,2.0
318.6880097853304,0.613964086402102,2.0
318.92238354595133,0.6373700294640807,2.0
319.40564898214353,0.7226725122574966,2.0
318.28222782780176,1.2297552416388815,2.0
318.6275621547828,1.4355028249576756,2.0
319.16452082595964,1.1075728789378,2.0
318.6660507345589,1.4308219491825334,2.0
320.1637175194693,-1.3748954342782789,2.0
320.2998337216187,-1.3704224928840516,2.0
320.4445978115371,-1.3679591772453634,2.0
320.59445262742776,-1.3673002858380536,2.0
319.6619890500106,-0.7977097640892608,2.0
319.7299327009505,-0.7249300820625523,2.0
320.848240564437,0.4660248191287461,2.0
320.3397996525971,0.6287769500610595,2.0
320.63496749547414,0.6945282508729919,2.0
320.3516285022991,0.7882758420177369,2.0
319.9668183502103,1.4352812861392488,2.0
321.50987672256406,-1.3709859292796678,2.0
321.68226992784,-1.3645359156800825,2.0
321.83150635613725,-0.9692126354951548,2.0
321.2821304811706,-0.7990561978721284,2.0
321.66821621441863,0.034390693006918584,2.0
321.4958551744316,0.032441585732872126,2.0
321.59140559502816,0.032813603378504835,2.0
321.79579341214594,0.030621879118672306,2.0
321.67468524260494,0.03659831303813802,2.0
321.86321904425074,0.4680844029817402,2.0
322.1059515383881,0.6934975698327792,2.0
322.0507988321031,0.7068888855049081,2.0
321.68212378138645,0.7220996674293169,2.0
321.334493655097,0.7302873487344157,2.0
320.96343109821,1.1198225787873148,2.0
321.02102944585937,1.2772023558114554,2.0
323.02873279422766,-0.8728568667914766,2.0
322.7256754121985,-0.7040588813267088,2.0
323.05555294281896,0.007452974972510019,2.0
322.9457771833676,0.03371535378895716,2.0
323.0169420227673,0.4693702712532277,2.0
323.09671322948634,0.7343631635287644,2.0
322.7270205209984,1.250134291078865,2.0
322.369447932402,1.2059147332458915,2.0
324.43684472842807,-1.0726404192465504,2.0
324.69897120161124,-0.8837132446384804,2.0
325.1960828429621,-0.3771927736748395,2.0
324.71527237115004,0.0034360765115855787,2.0
325.2794948366788,0.21542216409786566,2.0
325.1825032077664,0.7667401266198851,2.0
324.8205123322351,1.273401949889256,2.0
325.2674204533538,-0.8710506009422869,2.0
325.61188663329534,0.6984724343212889,2.0
326.69338436329025,0.9828008956690968,2.0
326.6933893241793,1.0488198677129197,2.0
326.6248416329057,0.4050507654127897,2.0
329.2239773828456,0.2803102462064692,2.0
329.53151703317934,0.35195034127964103,2.0
328.17855108859374,0.6957539066552514,2.0
328.57500430647343,0.9422073085758816,2.0
330.3737155071443,-1.3371569739409506,2.0
330.4116930494584,-1.3333595741623292,2.0
330.84286273287927,-1.2159384689584702,2.0
330.5060450426837,-1.001743999255121,2.0
330.73890951562265,-1.00314550742461,2.0
329.77895859441446,-0.9899628699257784,2.0
329.88316462776316,-0.9905226815680848,2.0
329.6479891396454,-0.987714432993239,2.0
329.58463310176376,-0.9871577794171909,2.0
330.36524308544085,-0.7714028614970807,2.0
329.8111107236768,-0.7641053652340771,2.0
330.4586568658296,-0.7073826413522712,2.0
329.8417816331468,-0.3786506103901121,2.0
329.6350491499204,0.09461533128569312,2.0
329.46747935539275,0.3040220075233361,2.0
330.45579984587584,0.6671140752847502,2.0
330.81307116150913,1.2891533854468642,2.0
329.52017286338656,1.0297930593367648,2.0
331.22696780412014,-0.7032001349606348,2.0
331.149981099664,-0.7035661012866415,2.0
332.9485696644252,-1.3710452120642873,2.0
332.82805362556616,0.029817711216752325,2.0
333.06239868067024,0.02512552957122793,2.0
332.8448416530955,1.0349941816803765,2.0
333.7125637592416,0.5902334250919312,2.0
334.51288804089177,1.2788782780490715,2.0
334.56262843755,1.254694273842988,2.0
334.74373193070284,1.4447507397035342,2.0
333.9263551369121,1.4099763012814504,2.0
335.9032062685592,-1.3988220814386907,2.0
335.7375562300323,0.032788135022628936,2.0
335.90118352577167,0.8827755963681361,2.0
335.5424781220441,1.4355715472082209,2.0
335.62891419292185,1.4369615091086645,2.0
337.1387325784134,-0.7699189526595523,2.0
339.2117236926289,-0.969237642663032,2.0
339.14224435560413,-0.6136733045098991,2.0
338.73736671468515,0.04399066326114391,2.0
338.8702920351721,0.6252365268438301,2.0
340.2399086767581,-1.2523806316144974,2.0
339.7350822628125,-1.0433345874667808,2.0
339.59688919210015,-0.952268013442764,2.0
339.79837154728835,-0.4278022247676099,2.0
339.92814739821137,0.09277210149875112,2.0
343.01944646384044,-0.8233490951790036,2.0
343.01871746324434,-0.7678136530372839,2.0
342.50119464257966,-0.2911812679931655,2.0
342.8012792438485,0.024148220107120345,2.0
342.8934169243966,0.03285794488141231,2.0
344.23951085739924,-0.4178591489560449,2.0
344.672536896105,0.7010042726315829,2.0
346.538381591642,0.14560408383479553,2.0
345.52747973641965,1.4062379267790344,2.0
347.04492000641267,-1.299588506149179,2.0
347.50170145181977,-1.1033062927630113,2.0
347.18862102381064,-0.9034749120125686,2.0
347.231188850614,0.6182549476788003,2.0
346.99773847816675,1.352716401874542,2.0
347.11031777315117,1.406685386046862,2.0
349.9916082392383,-0.9854982999405488,2.0
349.4275212742128,0.093129280239253,2.0
349.94454529035164,0.5850122464594179,2.0
349.81163766649104,1.4372407061672272,2.0
352.6798558342508,0.02687648745515598,2.0
353.0799365184005,1.4400446449073852,2.0
353.95506314837786,0.6957614156987341,2.0
354.43418892825895,1.4041849448426618,2.0
356.0253897552412,-1.2120498070782846,2.0
355.7939161768257,-0.4655586642015792,2.0
356.17895041278206,-0.2275588853063759,2.0
357.4684023746032,-1.3498582077200865,2.0
356.9213089026478,0.0316959785007292,2.0
359.2143208618444,-0.6254615078615741,2.0
358.31174450011133,-0.30570024639282817,2.0
357.96734316934027,0.03320236024708394,2.0
63.31107001314273,-31.603704533796066,2.0
67.91485862835738,-30.25392017250568,2.0
74.70038090857064,-31.543115251563922,2.0
74.69602643316183,-31.10514811828661,2.0
47.878850128066176,-31.880860044582445,2.0
47.42190320020364,-31.69316376203287,2.0
49.894252374751865,-32.465560513944986,2.0
49.34426184095731,-31.52343596573832,2.0
48.929133834773005,-31.526558827545987,2.0
68.05701257992375,-32.92860400652713,2.0
68.40908006086964,-32.76341991476956,2.0
68.87440180005072,-31.79445630840177,2.0
70.74099264978827,-32.56883258346706,2.0
72.93930876091402,-32.66433283358605,2.0
74.8632998151582,-32.53437233747067,2.0
75.64319034577781,-31.90430366269339,2.0
74.27890085378193,-31.524639291570878,2.0
45.386442264828005,-34.25963713788414,2.0
49.21108348383686,-33.30109956831036,2.0
49.21104988541157,-33.301067522085425,2.0
55.51084822645771,-34.031822726580465,2.0
55.72845181463222,-34.03266268099177,2.0
56.84143331660593,-32.851435640037344,2.0
63.1913861763616,-33.93787859182847,2.0
62.87714425416029,-33.89197020875841,2.0
70.25948809877283,-34.22704098131671,2.0
69.89777368841591,-34.105355437441396,2.0
52.351113475711784,-35.24150696288027,2.0
56.579213713451175,-34.943228572568,2.0
60.364753550347366,-35.52339290661089,2.0
60.19197563815276,-34.40769068554132,2.0
61.3910130275791,-34.15513263979405,2.0
62.05262460002735,-34.63015941886716,2.0
67.79048968172138,-35.026740971020395,2.0
68.48107216715707,-34.876742852037964,2.0
71.12050220473117,-35.577457282275404,2.0
51.434255664956204,-36.26333289514362,2.0
53.2418587960256,-35.529714296954886,2.0
60.40872067405946,-35.94540530707768,2.0
69.70032709403435,-36.586071210572044,2.0
70.84459114792894,-35.93093018505584,2.0
71.59140422426995,-35.59061258481348,2.0
73.73061606777883,-35.86324536806955,2.0
51.22630535895587,-37.950023693657016,2.0
62.85540327584039,-37.571250805881284,2.0
65.4067364351427,-38.147366262086265,2.0
73.89565581570686,-38.15593344083599,2.0
73.44512487976947,-37.01585997690617,2.0
58.89911025128174,-39.241423171114604,2.0
61.03145167911116,-39.50595293897949,2.0
61.38420915574394,-38.12031184418112,2.0
61.43997166787708,-38.41140903392918,2.0
63.58020816464954,-38.15573624376084,2.0
63.24997813266718,-38.32846190144912,2.0
66.3058406689858,-38.87741873581981,2.0
66.42468086178847,-38.682038537301715,2.0
71.35449748227816,-38.817953259189906,2.0
73.12336446880717,-39.52357878749847,2.0
73.23885489650684,-39.44685846830969,2.0
58.84450232626951,-40.81412728224094,2.0
63.89625433226905,-40.387696960088185,2.0
64.76428504071113,-40.77932437162581,2.0
65.69594174178118,-40.767710859448044,2.0
64.18705629002226,-40.19975164810155,2.0
70.54422284714342,-39.58823080776229,2.0
71.70785343333512,-40.06780621928153,2.0
67.18930044161597,-41.79439670232181,2.0
66.10937369848165,-41.45022818573489,2.0
65.69596362038834,-40.76774334372747,2.0
65.8762742366267,-40.917781080842,2.0
68.98614654460762,-42.12001716090834,2.0
68.9832908007483,-41.9912936313281,2.0
69.5422898717455,-41.66281712778853,2.0
70.57512698839956,-41.24679892559533,2.0
68.88175448040235,-40.94019059605135,2.0
72.38335961162555,-40.73405911417643,2.0
71.99083563829795,-40.942742944558184,2.0
66.49750313852422,-43.27294370064416,2.0
66.68476952384738,-42.261434192503216,2.0
67.11963551092221,-43.24142208891915,2.0
67.05251750381726,-43.14345031845691,2.0
66.92599861968759,-42.638987413573254,2.0
66.68476507304389,-42.261376908315135,2.0
69.86435708444397,-42.98661407860815,2.0
68.83252077391391,-42.20328938270354,2.0
71.42214656584187,-42.048987257472405,2.0
68.04642814674061,-44.624680218595095,2.0
68.33369956864745,-44.45779125899376,2.0
69.2481940089953,-44.45097163818868,2.0
69.3959956471664,-44.34132589285378,2.0
69.45124502078285,-43.9381560480569,2.0
72.0679014022742,-44.17937683389738,2.0
69.14208871596554,-45.74744462567399,2.0
68.97548219151089,-45.480992140275596,2.0
72.66330587753653,-45.72526030556878,2.0
72.09605095751637,-44.88268692292141,2.0
72.9535675111532,-46.626882826403104,2.0
74.72358297847691,-47.06747537449557,2.0
73.67932821336544,-48.22227714319606,2.0
74.74275961478038,-47.788179485303324,2.0
71.38018532881716,-49.114362611749065,2.0
71.08051387651139,-49.05174942313616,2.0
71.5128230290398,-48.56179979592039,2.0
71.91612453936223,-48.92628973959134,2.0
74.65249997443273,-48.68194752645689,2.0
74.29786312917156,-50.85610242017063,2.0
73.24703348755078,-50.06479421546722,2.0
74.22360306417467,-50.011349455609675,2.0
73.80565783422888,-52.5612636574524,2.0
333.2962766423264,-24.134847200546826,2.0
332.6763214046609,-24.08130602964293,2.0
333.3525571322761,-23.92385787592953,2.0
330.8803180654123,-26.146205566609503,2.0
329.90460633848505,-25.25123640056396,2.0
329.4162872216836,-24.88523361809775,2.0
331.435681476592,-25.789360678866014,2.0
332.6381337436804,-25.848421865636034,2.0
332.34547450375544,-25.417946056108004,2.0
333.5529040638894,-25.346465730063052,2.0
332.67587458315745,-24.99611249561708,2.0
334.632937536711,-25.37140510570876,2.0
334.3402331351376,-24.88095342223036,2.0
13.431091255922755,-27.04938085625641,2.0
332.493350687485,-27.44098095621957,2.0
334.42144931918597,-27.365163382540192,2.0
21.91697153156789,-28.036057131558376,2.0
26.91338621535213,-28.883097657544926,2.0
27.18405084268284,-27.936387555535745,2.0
26.9259231239302,-27.95160547462104,2.0
334.75372984007754,-28.706075925094236,2.0
333.6746944454729,-28.44433992901234,2.0
333.88574209843875,-28.30107564750286,2.0
335.835666784169,-28.955850764872103,2.0
336.2028588321513,-28.6513935325743,2.0
334.69060021742143,-28.45406442639236,2.0
3.7432930496242656,-29.49709644551972,2.0
3.5126779833479955,-29.26239313920022,2.0
3.8535430909905464,-28.969747722073237,2.0
10.177306942276838,-29.181831140665842,2.0
13.97147997409192,-28.915913610832877,2.0
16.310999196077617,-29.327063307483467,2.0
17.842325999524732,-29.23452146795421,2.0
20.9619712625909,-29.196230051649646,2.0
21.99710751467788,-29.086653030427502,2.0
23.886295223302145,-29.867049629249035,2.0
23.73939494562232,-28.966939854710546,2.0
26.913395203863196,-28.883127917487784,2.0
331.62191256310933,-29.61216987069993,2.0
334.4270700813628,-29.89181346504512,2.0
335.8501414106522,-30.279773710962395,2.0
334.3757688426435,-28.99579927116674,2.0
343.1438875490618,-29.855874650668174,2.0
352.2921863555925,-29.976176166516648,2.0
1.048512949128023,-31.14968311758915,2.0
4.589094678370271,-31.581436349131533,2.0
4.174451424491121,-31.449050049032692,2.0
14.93286140353775,-30.89908533047432,2.0
15.46533108599517,-31.61689238474753,2.0
15.980872692774449,-31.613263140489696,2.0
19.485155478290814,-30.440513373740558,2.0
25.01047767040549,-30.449143821275438,2.0
34.05728735762157,-30.849103099567188,2.0
33.79037919950012,-30.785072512010263,2.0
34.866661573073486,-30.76277662129932,2.0
37.47787637713116,-30.599559376424764,2.0
328.2731418249827,-31.471640527742185,2.0
336.54556456941486,-31.145182610992823,2.0
337.22360618425245,-30.980939741660386,2.0
337.2236089456598,-30.980955636875052,2.0
338.2155980841278,-30.54711277145381,2.0
340.3362555820347,-31.092523696109165,2.0
340.6656481004096,-30.588072454778448,2.0
340.85844880761846,-30.26994169940599,2.0
345.096501845742,-31.593307509714908,2.0
347.9040570133328,-31.60976601330102,2.0
349.64482561551324,-31.254069336750398,2.0
348.88240046675367,-30.81353185701668,2.0
349.87368286819054,-30.199996460554534,2.0
351.7441492925692,-30.907597726046557,2.0
354.14427386130035,-31.60957947675749,2.0
353.7419619369414,-30.989962757706515,2.0
10.383051143530077,-32.70137388773176,2.0
11.926755563625441,-32.78849060115747,2.0
11.712525778137152,-31.540846071034352,2.0
16.722666519750696,-32.72831437441763,2.0
19.15999417596711,-32.92752270653384,2.0
19.947470027111798,-32.883002904089544,2.0
18.65047255772875,-32.644711309144114,2.0
18.34876748267007,-32.12964060010438,2.0
26.22889986207734,-32.90987643956959,2.0
27.262425056822448,-32.899452826621044,2.0
26.652067835916807,-32.38498893068464,2.0
27.14577300816957,-31.785144142226926,2.0
28.28477307501843,-31.718122775778323,2.0
33.9339774403445,-31.651234279166523,2.0
8.836149070696484,-34.259892653128354,2.0
10.568552318790983,-33.63186729034433,2.0
12.246103720711037,-33.88271861927359,2.0
14.759745073706537,-33.78515219282332,2.0
14.092027734837801,-33.78019462563463,2.0
15.053244214777234,-33.68768080399327,2.0
14.303771635208435,-33.11819136333758,2.0
19.97604215225637,-34.249251317068236,2.0
19.78590034303394,-34.19175577088365,2.0
18.753088956878788,-33.55109669459771,2.0
19.417523978322624,-33.07795844094275,2.0
19.15999340897279,-32.927547996899406,2.0
19.103493264357713,-32.945372383850696,2.0
20.41472534534552,-33.89998899247627,2.0
20.989463788795728,-33.80208215339882,2.0
23.306589634118207,-33.010179660591184,2.0
22.411088050071967,-32.89276136737874,2.0
25.82619164196742,-34.206232083806285,2.0
36.348475168922796,-33.80751765571657,2.0
41.26221067480175,-33.01863063920945,2.0
41.52198188668681,-33.08317001603085,2.0
41.11150170407228,-33.10604576533317,2.0
42.196015353748436,-33.25354625251768,2.0
9.304746736051912,-35.14679706605314,2.0
18.92481262790353,-35.01866087970643,2.0
18.908758733331553,-34.32865474226877,2.0
17.427144081757874,-34.44772882916624,2.0
314.98969891173135,-21.659684925565838,2.0
316.8556272221753,-23.110278592202476,2.0
316.4335000160541,-22.83059529555446,2.0
315.63172323157835,-22.595255223406724,2.0
315.3371052119635,-22.245026133593672,2.0
317.8652080677341,-23.384498862252823,2.0
315.4752095430511,-24.944473720845213,2.0
316.3290247575628,-24.37340393812432,2.0
316.3272487178955,-24.69943282216514,2.0
316.38352638705237,-24.62022255258705,2.0
316.75665139106115,-23.54808681912223,2.0
317.88920246159364,-24.738340317398748,2.0
318.01301010017727,-23.58917427219513,2.0
317.45895607279755,-26.228397578939603,2.0
317.28810107730783,-25.741374113688327,2.0
316.2584193447238,-25.591400166014466,2.0
319.9592190719806,-25.565465786236068,2.0
316.59787462716685,-26.509509996991376,2.0
316.98401349037795,-27.161908665005413,2.0
318.42540268782403,-26.497227450489703,2.0
321.45625126714094,-27.237102419287343,2.0
319.86687618198835,-26.790669006891093,2.0
321.149657567326,-26.29127925164485,2.0
316.37645221857485,-28.878073675418914,2.0
315.1378500293271,-28.52824165069402,2.0
316.0495452877181,-28.12880490761528,2.0
315.3831732011978,-27.542947600574003,2.0
315.5386735199297,-27.54324289023504,2.0
314.2175054095468,-30.244385711535386,2.0
323.2587815102045,-29.98091749549464,2.0
322.11733594914534,-29.576309595349866,2.0
322.561412653202,-28.93276919166491,2.0
323.6154733383128,-29.871370535087387,2.0
315.449154837284,-30.950419542477675,2.0
315.89781410484886,-30.90329603126816,2.0
315.153227214765,-30.524395113650197,2.0
318.16866418709975,-30.83849771765084,2.0
317.17922391910537,-30.77558855478794,2.0
319.1327702077336,-30.196011837174765,2.0
319.12253659218794,-30.19264306896639,2.0
319.15448115221227,-30.197616698493967,2.0
321.4224253996361,-31.60257868207789,2.0
319.98061198943384,-31.153106419560995,2.0
322.61716219244653,-31.611696437044912,2.0
322.25987836705264,-30.905708156356805,2.0
322.3358911006892,-30.905231620587216,2.0
325.9493448165289,-31.196060099831904,2.0
316.22843469769975,-32.59098664981071,2.0
315.8944154672893,-31.85820322165894,2.0
316.80528951816495,-31.518470178677124,2.0
315.8369386944981,-33.69533734645349,2.0
318.86430291094933,-34.17843250939451,2.0
318.8549187622007,-33.858906126394245,2.0
318.8297135149132,-33.22628044991965,2.0
319.89148415634423,-33.530233828130754,2.0
320.43054275073524,-33.23326183899155,2.0
320.4566494219823,-32.96163947873703,2.0
320.43054326101895,-33.23329846670444,2.0
315.4315552631879,-35.58424584430313,2.0
316.45191739057134,-34.23228112436083,2.0
319.46371947789373,-34.65835232470542,2.0
319.7352709401886,-34.41685956776588,2.0
315.847651599239,-36.24704343989685,2.0
314.69373254420435,-36.169054358088495,2.0
316.11612037711615,-36.90519288467027,2.0
317.0396898099512,-36.901148177792564,2.0
316.21492053267264,-36.19668716013908,2.0
317.8757300093053,-35.87529701594248,2.0
318.82565416628546,-35.842712261829035,2.0
316.4731956938531,-37.14456181858315,2.0
317.68587740958577,-37.88750771662858,2.0
318.4159807520668,-37.5324979610717,2.0
316.8705304560172,-37.51749825541248,2.0
317.92636431435506,-37.520862211185204,2.0
318.3651161944489,-37.2115270497296,2.0
314.7498540986363,-38.77675326941083,2.0
314.5161193819787,-38.39129928895678,2.0
318.72856086456846,-39.174859270008156,2.0
316.7000786165858,-40.334348615950496,2.0
316.2835439155588,-40.0096876876471,2.0
315.5451856204977,-39.92115704332052,2.0
315.95471392378465,-39.43385381196311,2.0
315.62455674679796,-39.649164194931075,2.0
318.62590649761916,-40.3065952032488,2.0
317.8654606649052,-40.20619845118895,2.0
316.13889326362374,-41.31680090947594,2.0
315.0429588465026,-40.746948626317035,2.0
318.10247638771125,-41.48147711626289,2.0
318.5927355938294,-40.74684761580392,2.0
317.085678105845,-43.264529831717795,2.0
316.0327341860176,-42.893026075787525,2.0
316.1703992574539,-42.126376344159475,2.0
318.3900321825123,-43.235988970581424,2.0
315.1661371976029,-44.64890983706104,2.0
315.4271071292088,-44.116547092508796,2.0
316.0465371221158,-43.59272546985115,2.0
316.03365586904584,-43.59153614491203,2.0
317.96746385399433,-43.83906499347486,2.0
315.3482604528216,-45.913224158474186,2.0
317.1351293558012,-44.8009624206204,2.0
316.05492745011526,-44.90180346111793,2.0
314.14585621123484,-47.38360812523094,2.0
315.62898125475533,-47.37861893445175,2.0
315.86333773176983,-47.270461127266046,2.0
314.29886561870927,-46.67777894441433,2.0
315.53183132958645,-48.46059494897556,2.0
316.8560849068936,-47.657541592370215,2.0
316.99823476999853,-47.53016261364139,2.0
316.97905813527564,-47.552705654390294,2.0
316.12387167103236,-47.339791891100425,2.0
316.019965012416,-50.35120205421098,2.0
316.3998833800274,-50.10385006905518,2.0
316.14178097877306,-49.85646212852846,2.0
326.84591209873093,-1.3659507705360474,2.0
327.72825447689615,-1.296720594673435,2.0
328.33696101469,-0.6580309715525344,2.0
330.71087288980294,-1.9813809336339236,2.0
329.7629603765794,-1.9550737068589068,2.0
329.8270132703701,-1.9145785283687864,2.0
330.4586482938667,-0.7074127748175637,2.0
332.18102062971764,-1.9791631356433192,2.0
332.18102077014646,-1.9427061397015573,2.0
331.63173059686915,-1.6622612138951598,2.0
332.8563196405135,-2.0710947048362063,2.0
336.5538193593937,-1.0377780454022718,2.0
338.4497536626169,-2.0470856835169693,2.0
338.97311066428534,-1.7203211483170189,2.0
338.91074701149535,-0.8278699791977571,2.0
340.2398781829087,-1.2524051115857209,2.0
341.6905678034154,-2.0316619089151806,2.0
343.27770527183253,-1.3668913883173273,2.0
345.66509028741797,-1.2305712670450075,2.0
345.51202003751007,-0.6529006312037863,2.0
349.3569761345492,-1.5862097973460696,2.0
349.99159225928815,-0.98550335289572,2.0
352.42340688892966,-1.894305004660104,2.0
352.549233131239,-0.7512961177207816,2.0
352.9990523563178,-0.8051318589747921,2.0
356.63065298133574,-1.6133118218735834,2.0
324.9777703593004,-3.410765529899176,2.0
325.38766824334914,-2.9072674069375264,2.0
323.9914864857613,-2.023132780520013,2.0
328.10400347656747,-3.272911854410752,2.0
329.36585179174733,-3.2052445223161725,2.0
328.0731299466907,-2.8875318890509862,2.0
329.4607873509184,-2.8660045435079984,2.0
329.1642443108529,-2.0097003608769817,2.0
329.5210752335242,-3.1300673601973967,2.0
329.5308428081804,-2.3751442072386992,2.0
149.39715721404366,-5.352931530289882,2.0
153.43574708010368,-5.843879434448935,2.0
153.26230543451697,-5.501834858391281,2.0
150.71030692604887,-7.136191087209834,2.0
149.81038854970723,-6.8662294836739095,2.0
150.53405621936017,-6.42685262290282,2.0
151.0472398027255,-6.53299742058619,2.0
151.5881933559934,-6.256510854506925,2.0
150.98763033162422,-6.496542866231938,2.0
152.2965908227498,-7.464725163474657,2.0
153.34063222250091,-6.779858016269696,2.0
151.2636195458144,-8.491020927971295,2.0
150.1112555217074,-8.184901426498255,2.0
153.1504267038331,-9.483890959712456,2.0
154.54526048109986,-9.769019380263988,2.0
153.47430163576348,-9.247521024943769,2.0
151.38152753547433,-12.836581841241244,2.0
150.84023210052982,-13.921138796249693,2.0
150.3913699783506,-13.52659947606937,2.0
151.38153229622083,-12.836636837718995,2.0
153.1708325897488,-14.223511279515849,2.0
152.0134624257921,-15.466829045394144,2.0
150.9246975604601,-15.135802684821307,2.0
150.5597169707645,-16.698272856177915,2.0
150.63392842545062,-16.685488849694117,2.0
150.36008215978526,-16.222713783102297,2.0
151.59132947474063,-16.501179958276527,2.0
153.4925687032132,-15.51038190443038,2.0
154.82737362356215,-15.653371387075325,2.0
156.10012056079682,-16.825903056819335,2.0
156.19849720890258,-16.393867615901065,2.0
156.90788821708222,-16.93280885303507,2.0
158.23310388351487,-16.889423007387414,2.0
156.95000220847402,-16.224998050045468,2.0
158.4761155943678,-16.519960381142088,2.0
158.8875755607061,-16.353839318428847,2.0
150.0861134291466,-18.275313558992934,2.0
150.76178476511998,-18.26816166670086,2.0
150.04626112468867,-16.99778850936046,2.0
151.6045413113719,-18.27428597757302,2.0
152.22460575809782,-17.65253134567134,2.0
153.55192625138574,-18.23749739397368,2.0
152.81554842780966,-17.79902685364589,2.0
152.46598683657248,-17.67528728425396,2.0
154.47877995839985,-18.271391824834218,2.0
156.62813353007354,-16.904502434643227,2.0
160.7655355567187,-17.502468852732868,2.0
159.55528443948842,-16.922600779570676,2.0
160.9775297560119,-17.75830850106541,2.0
162.62278892979643,-16.858788699169573,2.0
166.14460669409544,-17.031692317490204,2.0
169.1815896684582,-17.194855188675877,2.0
170.81369941702815,-17.975510907193808,2.0
169.40718210409466,-17.325896722535695,2.0
175.5380835223665,-18.16909360257072,2.0
179.53333868601857,-17.893384995930614,2.0
180.38874609809426,-17.669584927614494,2.0
149.81652543250988,-19.615911190227347,2.0
149.73954278961384,-19.616315123704158,2.0
151.8804847515489,-19.263294428692422,2.0
151.79613569006344,-19.06794716771129,2.0
151.96307237790109,-18.821965941252913,2.0
151.60470021208383,-18.274854027918373,2.0
152.33736028267197,-18.90892801611521,2.0
154.47878951373337,-18.2714383456112,2.0
155.44065608434047,-19.617684485172067,2.0
157.61647398662828,-19.61052333769704,2.0
156.70753321532746,-19.37451270876977,2.0
157.88534392274937,-19.28390965462044,2.0
157.46364486567506,-18.34956279905785,2.0
158.876381000515,-18.346558470486237,2.0
157.88733124082063,-18.243355079601322,2.0
160.73075969776139,-18.269151579990407,2.0
160.904347274915,-19.055127039902974,2.0
163.2818360896715,-19.57754801430603,2.0
162.9886017169645,-19.476245095940765,2.0
162.16754323327396,-19.44914423475365,2.0
162.66518171948968,-18.542879179509185,2.0
164.68435964333,-19.158632283113736,2.0
164.04858535790476,-19.066675502243086,2.0
165.88174981472818,-19.29426329082812,2.0
166.29069875635668,-18.434773740809874,2.0
168.1632221426315,-19.54130779811753,2.0
170.74043375888152,-19.207319029593886,2.0
169.44508633794894,-18.909684530620105,2.0
170.73590757091443,-18.820408306319095,2.0
170.17058393998343,-18.798912204485916,2.0
171.03898275409756,-18.54010963837252,2.0
173.60125972758078,-19.387355953277584,2.0
172.45988582738877,-18.909770527405268,2.0
172.925118127218,-18.899147954554607,2.0
174.1755247070958,-18.686482588843802,2.0
179.3146193865356,-19.361544754656,2.0
178.20699801202542,-18.719177176138576,2.0
178.48788238937996,-18.308885921137787,2.0
179.16578675816524,-18.41001052573271,2.0
180.1873094362587,-18.995686347147792,2.0
179.353864784067,-18.964574281449963,2.0
151.89438002481302,-20.292330786813192,2.0
150.98036335264564,-20.22545185582346,2.0
150.7687797537192,-19.82725437530812,2.0
151.28199229547042,-19.85840135525412,2.0
153.38977537009555,-20.7601595747208,2.0
152.49472827763157,-20.516514889740176,2.0
154.82944688243285,-20.94550792836723,2.0
154.8273612555873,-20.581324845914004,2.0
154.52555188877557,-20.34353643119176,2.0
156.08408390944064,-20.249267486850506,2.0
154.7547353165456,-20.213233419733967,2.0
158.72747432181612,-20.548791249883188,2.0
160.4699425419947,-20.472924667270128,2.0
159.10348658613944,-20.070486890284336,2.0
162.0044030204961,-20.23378325865825,2.0
162.83364547005155,-19.53718016017605,2.0
162.01229396417529,-19.5439395370794,2.0
162.05548570058045,-19.809188180261703,2.0
162.86415841998232,-19.693624148224302,2.0
164.15997638632015,-20.78672855473099,2.0
165.36834066206697,-19.539057678533894,2.0
166.9493403358462,-20.02226907187982,2.0
169.56413573790908,-20.37418851088119,2.0
170.13257866979768,-19.79914503321232,2.0
171.68492068220874,-20.46750109123698,2.0
171.52804923161997,-19.536472196531488,2.0
173.367762264164,-20.860339893568835,2.0
172.90479249671364,-20.527714772414317,2.0
176.3135693424706,-20.746519437466933,2.0
175.65814831106258,-20.456052471199968,2.0
177.21011469322053,-20.245601915195632,2.0
177.41437817893356,-20.0813136106432,2.0
178.15648090461292,-20.75518054732572,2.0
178.3141867069007,-20.725574801019636,2.0
151.72227047025876,-21.91911527764302,2.0
151.85909946882225,-21.476561560220198,2.0
154.59066905330377,-21.66882025656446,2.0
156.07371894198963,-21.76834343231708,2.0
154.59067560656675,-21.66881849744636,2.0
155.13971433954598,-21.669708797152772,2.0
155.3376370346406,-21.607687357095795,2.0
155.60427861416758,-21.433820668717853,2.0
156.5194817441064,-21.191640207947486,2.0
157.84115142726554,-21.82078188300007,2.0
158.80488746922967,-21.816533255242877,2.0
157.60347234121957,-21.775777814526915,2.0
158.84414848486318,-21.637210342324586,2.0
157.73263565083388,-21.58774358427233,2.0
157.67072446060183,-21.587245045411592,2.0
158.664716124949,-21.388056222109448,2.0
157.45327701611976,-21.001721403317763,2.0
159.56317213044431,-21.855678577834077,2.0
159.89222668747772,-21.755561633556887,2.0
160.24459285878757,-21.784541178932592,2.0
158.90607672000715,-21.142827685936734,2.0
161.02445845110668,-21.411038981535754,2.0
161.786486350443,-21.009229102792677,2.0
162.9816126483909,-22.087230925807184,2.0
162.10543718248562,-21.850134134896635,2.0
161.9348517270216,-20.96356099589758,2.0
162.0975352373203,-21.019548945815874,2.0
162.19879712962745,-21.03384063497176,2.0
164.45805718459258,-21.949653145265447,2.0
163.68308201060262,-20.876040807543568,2.0
164.35893046748683,-20.87093769900929,2.0
164.97171446896846,-21.93065847401759,2.0
165.50389027368522,-21.85057966515545,2.0
165.90237819943616,-21.629405520763783,2.0
167.6798612852161,-21.149168907439023,2.0
168.42914985730292,-22.293306781388964,2.0
167.71070433927775,-21.97451931840779,2.0
168.4623790067395,-21.448563835110267,2.0
170.59652485847823,-22.236839120588822,2.0
169.66237001814054,-21.47970578331921,2.0
171.48138761513417,-21.379806223079942,2.0
173.49655757285407,-21.913226166491146,2.0
172.89321312193007,-21.2858565719249,2.0
175.015861141673,-20.97626219729448,2.0
177.08909386908704,-22.288245393485305,2.0
177.6917828537867,-22.2814268974842,2.0
177.2844678073816,-21.752948976888813,2.0
177.34662438017986,-20.988448029004854,2.0
179.29836437284806,-21.478244841703273,2.0
178.43376738176778,-21.102541158529114,2.0
179.56789626795555,-22.290789265558576,2.0
180.75808345624023,-22.07177665580812,2.0
180.56759024885687,-21.39225262236205,2.0
180.25209019782352,-20.97487286420618,2.0
165.25553314417826,-22.45249333991104,2.0
166.26860056266898,-23.19347077767606,2.0
168.0882668220463,-22.791537193271786,2.0
169.04071143767808,-22.37648261311801,2.0
170.43590074946013,-23.58648672738117,2.0
169.39609173910998,-22.751735680185,2.0
169.76530483376126,-22.59748683702759,2.0
171.82276914719694,-23.320138157254476,2.0
170.81120608158116,-22.923250956989502,2.0
170.55485132158537,-22.774899446801854,2.0
172.5148167702866,-23.625496297417012,2.0
173.44858800816533,-23.51711283935313,2.0
172.39697543646443,-23.35687384364398,2.0
175.71988061823365,-23.625001600096642,2.0
176.37347206521602,-23.21015781830911,2.0
176.16670190638854,-22.87167717986181,2.0
176.6773577693927,-22.918338990653783,2.0
177.79182471464387,-23.447253783049693,2.0
178.7589866900343,-22.73940461818839,2.0
178.86082554633504,-22.56079033577918,2.0
179.94857873466648,-23.088208001493445,2.0
180.52810919054875,-23.051671253398336,2.0
179.8044132416346,-22.212800546498254,2.0
165.70925808278398,-23.591724561315942,2.0
165.177568199764,-23.760707866890346,2.0
168.12367426528527,-23.738553137378307,2.0
168.76942516436242,-24.570040535210772,2.0
170.73371282684457,-24.47777875977149,2.0
170.43595405915775,-23.586524463749964,2.0
174.24930623263091,-24.92576395864007,2.0
173.88932855755016,-24.62923823843819,2.0
173.37764820826013,-24.100021573300648,2.0
209.15873462864928,0.8959279859417146,2.0
208.1364097953354,-2.7281111434343237,2.0
207.1939434228596,-3.69629838822336,2.0
207.19434519636627,-3.7215150192247273,2.0
208.40850702912869,-4.779426891702016,2.0
208.3142680926905,-3.503845953535881,2.0
207.8487547626973,-6.069918761179799,2.0
207.30610669293137,-4.953601710744897,2.0
208.911680914157,-5.1441436569607,2.0
210.46658839527808,-6.1324605776164445,2.0
210.32610644756969,-4.930110160295716,2.0
204.0776714159391,-7.3810632714249085,2.0
207.9832048564681,-7.301695815022536,2.0
207.22105902764056,-6.695387310394418,2.0
208.4559099708574,-6.92941417500965,2.0
210.3505846173844,-6.719768099416887,2.0
209.99520017448356,-6.468642409260796,2.0
203.2987170461697,-8.568473526789376,2.0
203.05140887071246,-8.079656220852533,2.0
203.18850837679432,-7.673172120929467,2.0
204.7882876783339,-8.327997709939716,2.0
200.1915635804709,-9.491148707773364,2.0
201.1577414966621,-8.976557845899885,2.0
201.6527589255087,-9.47481086820952,2.0
205.44696508274453,-9.876888310392237,2.0
204.40351638125068,-9.367173742851037,2.0
207.22978642454552,-9.488561599696409,2.0
207.5932037967623,-9.486372163867717,2.0
199.92798718750052,-11.474580164900795,2.0
199.61849968029333,-10.233681376628253,2.0
205.92765942009171,-10.853798580410382,2.0
207.00375844428225,-11.545243699588726,2.0
206.97459160745018,-10.8363429014422,2.0
207.1991194869743,-10.178763322428006,2.0
208.74646869233902,-10.705282213024404,2.0
208.693867294205,-10.684057890909806,2.0
196.81218975418918,-12.295832967224026,2.0
198.40060156082,-12.470900254658586,2.0
197.5365518439323,-12.20565697288585,2.0
199.92806747786483,-11.475344392416137,2.0
204.24467959583257,-12.580413628900173,2.0
203.997008921522,-12.04555498674016,2.0
205.5030768346677,-11.495497854436822,2.0
206.9111916891504,-12.367161141505775,2.0
206.01924960269642,-12.093635044876573,2.0
208.92136782988572,-12.008829215233119,2.0
208.9262567366291,-11.478016228736394,2.0
208.8757038323358,-11.473266190464175,2.0
184.57941117761655,-14.20553320828172,2.0
184.74811658542447,-13.259263409346357,2.0
184.26860713464,-13.090422479754686,2.0
186.99530454832558,-13.524965425941948,2.0
188.84430488465546,-13.182313315546105,2.0
190.86956072853397,-13.53047313890042,2.0
191.07720683773687,-13.498394534957976,2.0
191.11215990716076,-12.876636746547932,2.0
194.16195846243076,-14.236470448797743,2.0
194.15535810296925,-14.186740365890353,2.0
194.14434303125503,-13.393882731200154,2.0
195.68164279128675,-13.931326571318333,2.0
196.2068792963303,-13.191177561311534,2.0
196.82770047874337,-13.190193435284606,2.0
200.08450573920112,-13.476817809749734,2.0
200.33147568126145,-13.042104885949168,2.0
202.51911609814462,-14.087230888069653,2.0
205.9829614940105,-14.235630085488035,2.0
205.58874251216088,-12.825429678668153,2.0
205.93575669192262,-13.06439026556214,2.0
209.17541512889665,-13.822947163382196,2.0
209.17544395656074,-13.822960589495633,2.0
181.65722282987454,-15.28811460859046,2.0
181.74058353791145,-14.364053161829498,2.0
182.77408198251103,-14.178231383117275,2.0
182.93555100924598,-15.588828131920097,2.0
183.7677493990461,-15.258407238092197,2.0
183.45066607468812,-14.52772420569266,2.0
184.579419031614,-14.205547557474516,2.0
185.0650090060156,-14.477326398676245,2.0
188.43099661694396,-15.168308576251867,2.0
189.02345125130523,-15.279978608715632,2.0
189.82185256430412,-14.170794242159095,2.0
191.10127970562766,-14.464772270334322,2.0
192.63472220122262,-15.4337964863381,2.0
191.8102100902803,-14.715320979741106,2.0
191.52898156611488,-14.381208531188404,2.0
193.0306630565341,-14.876491904065286,2.0
192.69598912587918,-14.483746732287926,2.0
192.6544147928281,-14.482900025434029,2.0
195.01265981525043,-15.204780538418568,2.0
195.12482140638846,-14.304355751205561,2.0
196.83914215041287,-15.158043702089627,2.0
196.47561389079286,-14.268919976218102,2.0
195.88935067936143,-14.323090018355355,2.0
199.5340762493751,-14.16616612907293,2.0
199.36534676156845,-14.166938108716154,2.0
199.62664142091373,-14.608793818523298,2.0
200.39451837704632,-15.182093880518039,2.0
199.8428608076528,-15.15655115223559,2.0
200.40763851841496,-14.855478567286987,2.0
199.6268174406135,-14.608666797045501,2.0
202.43751612688408,-15.033653963610945,2.0
202.4362769107437,-14.891860956565628,2.0
201.8788693194843,-14.366017963383815,2.0
202.61779844142646,-15.120472251375304,2.0
205.87922687759732,-15.316371740752833,2.0
205.22208171860112,-14.615802815022187,2.0
206.44397433183,-14.462916160895164,2.0
176.75243108633816,-0.2939445160029867,2.0
176.35960159169613,0.004111318358420968,2.0
180.63091664514957,-0.34576662796689084,2.0
181.38471837590782,-0.2826076712044105,2.0
181.51503633263562,-0.16578318802267705,2.0
181.64601419030456,-0.03127508767298498,2.0
181.64854759146928,0.2478357562895848,2.0
184.0947776978511,-0.6937946714500499,2.0
183.06137233847932,0.07239612672018275,2.0
185.45988717746695,-0.5412086595995381,2.0
187.49534526830442,0.027205201559782698,2.0
175.44030773451672,-1.901335843741868,2.0
177.07589066324908,-1.6399572049281346,2.0
177.51368334351662,-1.7622575911790352,2.0
184.1014903957936,-1.802143201625784,2.0
183.91498135992336,-1.7565605966728817,2.0
183.44925147579482,-1.2394506592493415,2.0
187.21234410288605,-2.0603926030609663,2.0
188.09847989527654,-1.7400910842643869,2.0
175.90807505649002,0.8057196588538789,2.0
175.1466418949107,1.593924717325078,2.0
177.08681587183133,1.4429119008233684,2.0
178.666375939553,1.2017496566482844,2.0
179.49259779610765,1.7737639899515565,2.0
183.24909669974548,1.823100765666048,2.0
185.37906214223312,1.1244747214893358,2.0
184.1667934658144,1.3521771506883975,2.0
184.73251321873695,2.0005938638657152,2.0
184.97137095309444,1.7733446163950402,2.0
176.2359747452932,-2.660917291007362,2.0
178.30862939134568,-3.4090472369583167,2.0
177.9839718866004,-2.6424491848464333,2.0
179.95651177439538,-3.2145283425446136,2.0
179.64894437414432,-3.1837910544289496,2.0
181.51482487863566,-3.1958718478934376,2.0
182.38402371553212,-2.8387282265792586,2.0
182.9464319629031,-2.3945391942684617,2.0
185.26077568479928,-2.5043844112294207,2.0
185.54776261051163,-2.787106470344613,2.0
187.95005920551247,-2.9702797868130153,2.0
187.21232996488357,-2.0604233981636337,2.0
348.04236816315336,-16.740712273263572,2.0
348.08295486818895,-16.44931576121442,2.0
327.37170525535765,-21.87617578358955,2.0
327.06990528455884,-21.464155180608167,2.0
326.42267255941744,-20.87323727694241,2.0
324.30262759556456,-22.54114080624365,2.0
340.6693028324014,-40.724230325800185,2.0
341.36279864272683,-40.570225064692046,2.0
37.99545513154192,-42.032454142350936,2.0
9.645725023705491,-43.355501221269066,2.0
9.815236187706622,-43.0753820121662,2.0
8.483320836941415,-42.48081551884127,2.0
38.097439823295225,-44.00090404039177,2.0
30.818979780989128,-45.968060619370135,2.0
324.91439167322807,-48.68200182534816,2.0
325.99666625997327,-48.167515295285384,2.0
326.2230335364786,-47.51821281187498,2.0
60.0739186827952,-48.81442958688315,2.0
334.09378585429647,-48.555201544511526,2.0
39.80276532226319,-49.853842823227644,2.0
40.437231037089795,-50.016186288688495,2.0
345.41322090596634,-55.78488426174897,2.0
316.6806036654985,-58.03112921730447,2.0
1.2582868904805975,-59.42027261520272,2.0
321.9198471233584,-59.89076847357307,2.0
199.72942476230702,0.4560773053673505,2.0
200.84917576125682,-0.3653312640639591,2.0
151.49804847248032,1.078112144402534,2.0
150.11435564773618,2.9975519831002164,2.0
216.68657037051963,5.297720304869781,2.0
216.35365017913108,5.422278018306266,2.0
220.46663872240072,5.92244600139238,2.0
223.833354171315,-22.190021225659596,2.0
223.8100369657186,-22.080849393975328,2.0
224.16728717764457,-21.266961019854538,2.0
223.8236397512276,-21.155132788123698,2.0
224.23640793767368,-22.432413252633467,2.0
223.30042333355925,-22.213734976427432,2.0
214.86735166090259,-25.856457757758573,2.0
213.53790406554242,-25.758157893825363,2.0
214.7229114358137,-24.880257164730967,2.0
