ra,dec,sep
157.55571391862043,-34.517386964236415,0.03333333333333333
158.42525076381247,-34.22844282953004,0.03333333333333333
157.6274499803631,-36.47975718945753,0.03333333333333333
157.75042642895878,-36.07021576856019,0.03333333333333333
159.1973314436648,-35.47701717889647,0.03333333333333333
156.47401949865838,-35.28375971908712,0.03333333333333333
155.98852459525958,-35.44519083947975,0.03333333333333333
153.32948343766972,-23.257088137899128,0.03333333333333333
155.8279522221924,-24.24426183927988,0.03333333333333333
155.62041840343016,-23.90360566539619,0.03333333333333333
156.13476346983282,-23.384045098096056,0.03333333333333333
157.14980720575159,-23.805972346166353,0.03333333333333333
157.51244636086187,-23.1945076122821,0.03333333333333333
159.34888744029934,-24.579709500504517,0.03333333333333333
160.29431844838527,-24.47624766901017,0.03333333333333333
160.64632858697246,-24.25445942647181,0.03333333333333333
159.61948722208078,-23.257858866047265,0.03333333333333333
161.45772588981382,-23.596471281249862,0.03333333333333333
162.2845014149445,-23.213253075629478,0.03333333333333333
162.78670274706067,-23.243087130834624,0.03333333333333333
162.8241352853915,-23.25720101585535,0.03333333333333333
163.96831138904537,-24.465306956187593,0.03333333333333333
151.10201663365274,-25.97690417820425,0.03333333333333333
151.44517554487754,-25.18619062440101,0.03333333333333333
151.6070641539109,-25.14340880083127,0.03333333333333333
152.34318458421401,-25.911974933934054,0.03333333333333333
152.91481418521712,-25.835615706569552,0.03333333333333333
153.5013972649078,-25.340753034861237,0.03333333333333333
152.5919436909777,-25.139021498290294,0.03333333333333333
152.70410635267592,-25.066871628816838,0.03333333333333333
153.49352291248067,-24.88223355471601,0.03333333333333333
152.05113351914832,-24.67855523810297,0.03333333333333333
152.5579061745994,-24.71791331200884,0.03333333333333333
157.52170003854232,-25.610312086072604,0.03333333333333333
157.3451259715575,-25.42525543292706,0.03333333333333333
157.21840459135345,-25.35125004185643,0.03333333333333333
158.1708328235289,-25.110918495210687,0.03333333333333333
156.67448379371922,-24.86830136494905,0.03333333333333333
160.07958376890366,-26.012903019722533,0.03333333333333333
160.30594661183832,-25.982750633010696,0.03333333333333333
162.45539327552285,-25.81711034467419,0.03333333333333333
161.58506567352052,-25.356603352292357,0.03333333333333333
163.391126839377,-25.83765767588353,0.03333333333333333
164.12760786106512,-25.574147009614826,0.03333333333333333
150.7846847923184,-26.866909996141853,0.03333333333333333
150.76846564828602,-26.00082667201295,0.03333333333333333
150.70313018539642,-26.55065832087725,0.03333333333333333
150.90428958980084,-26.487201095311622,0.03333333333333333
153.89185772708123,-26.33929173853672,0.03333333333333333
152.62170166159774,-25.98283926948977,0.03333333333333333
154.58144696936998,-27.015449816630213,0.03333333333333333
155.29341767914588,-26.998611896710234,0.03333333333333333
154.1500375416656,-26.989664203763642,0.03333333333333333
155.52259767218746,-26.964329496109272,0.03333333333333333
155.5156852633522,-26.538215734188032,0.03333333333333333
155.17422693599912,-26.472426027159017,0.03333333333333333
154.88148155624881,-25.98292221169642,0.03333333333333333
157.7519833081222,-27.37148131741187,0.03333333333333333
159.8108380751079,-27.251456538203072,0.03333333333333333
158.9139839467468,-25.958251697297182,0.03333333333333333
160.31794476778634,-26.52830074858018,0.03333333333333333
163.4189073152784,-27.37880804553825,0.03333333333333333
162.5519022657634,-27.279659544960843,0.03333333333333333
162.37621044172266,-25.980655909084266,0.03333333333333333
164.37587986138442,-27.29336690121621,0.03333333333333333
164.0932624932561,-27.036418012337748,0.03333333333333333
164.56451562595532,-26.143616904566368,0.03333333333333333
151.1462770449826,-27.946004853369736,0.03333333333333333
151.05428323986797,-27.81224646164244,0.03333333333333333
150.57227895188558,-27.70912509272359,0.03333333333333333
151.68879840386367,-27.551714315679234,0.03333333333333333
155.30470052952018,-28.17493216192865,0.03333333333333333
154.67949807573703,-27.36570392614964,0.03333333333333333
155.69355281019958,-28.745266460715946,0.03333333333333333
155.32383923425542,-28.53662077059535,0.03333333333333333
156.89045561480788,-27.88101552963046,0.03333333333333333
155.36921606110946,-27.806728377700306,0.03333333333333333
157.10703669197628,-28.759860099650243,0.03333333333333333
159.61951978465518,-28.51528044835931,0.03333333333333333
159.0289000363089,-28.295841627615104,0.03333333333333333
158.8403145607597,-27.695706429361035,0.03333333333333333
159.10715445792098,-27.624671607538968,0.03333333333333333
160.73840659291358,-28.349689510402136,0.03333333333333333
160.41429810549982,-27.777270815267524,0.03333333333333333
150.48829114231447,-30.018903697448913,0.03333333333333333
150.94018978477888,-29.89963759149301,0.03333333333333333
150.57273649863683,-28.960451512081494,0.03333333333333333
151.06137993614453,-29.33540249648749,0.03333333333333333
151.02433102653234,-28.95535129008018,0.03333333333333333
154.17215883296504,-30.135436816535627,0.03333333333333333
153.72125161179662,-29.875955156666407,0.03333333333333333
153.7513479286128,-29.132937380298014,0.03333333333333333
152.58999127783702,-28.929198713387212,0.03333333333333333
154.30048789072987,-30.149820368579345,0.03333333333333333
154.85203522251751,-29.860897961779838,0.03333333333333333
154.95490974726832,-29.614647107382908,0.03333333333333333
154.84510922397376,-28.73568081874739,0.03333333333333333
155.693488238865,-28.745312609580317,0.03333333333333333
157.24190477078687,-30.141091016000964,0.03333333333333333
156.3883878553681,-29.941180982141525,0.03333333333333333
156.49495102074562,-29.847921739029132,0.03333333333333333
155.76606683878444,-29.61451724448302,0.03333333333333333
158.89229287014442,-30.16260472902169,0.03333333333333333
159.0132724791935,-29.88530520338757,0.03333333333333333
158.41005147345388,-29.50273442149675,0.03333333333333333
157.4121347797802,-29.189146111575702,0.03333333333333333
158.99519385513912,-28.91056118329396,0.03333333333333333
159.68433470022453,-29.992331217098894,0.03333333333333333
160.58430411316377,-29.656498923412734,0.03333333333333333
160.48272625602618,-29.570965219777182,0.03333333333333333
158.92401132397018,-29.412937480987424,0.03333333333333333
161.07745669514838,-29.78008790422007,0.03333333333333333
160.53697512183618,-29.64838175503265,0.03333333333333333
160.83728322461823,-29.58956102639793,0.03333333333333333
162.15013661164502,-29.357799530622806,0.03333333333333333
162.17571345564124,-29.323798462417155,0.03333333333333333
163.8568596377593,-30.10687158725125,0.03333333333333333
163.47841684429306,-29.261079395876173,0.03333333333333333
163.25770991297097,-28.93283376506028,0.03333333333333333
165.47155798827896,-30.09353870853439,0.03333333333333333
165.17086614227517,-29.762924575468144,0.03333333333333333
165.01985136842364,-29.67388590040457,0.03333333333333333
151.36408393408874,-31.46268003735008,0.03333333333333333
151.36369185554904,-31.43258458669048,0.03333333333333333
150.78523444076856,-30.690113702871624,0.03333333333333333
151.3462785693582,-30.44899527231391,0.03333333333333333
149.84261075775558,-30.257086326239328,0.03333333333333333
152.77131855577318,-30.860879564387197,0.03333333333333333
152.37939008592545,-30.63450877190877,0.03333333333333333
151.41608715426858,-30.141880879676837,0.03333333333333333
152.29597082811318,-30.139670016412072,0.03333333333333333
152.9065999788916,-31.04548089444602,0.03333333333333333
153.60648341878957,-30.708348670780452,0.03333333333333333
153.21088361052875,-30.36372048197103,0.03333333333333333
153.0603914071191,-30.289304866178764,0.03333333333333333
158.9052991938634,-31.39304355394421,0.03333333333333333
159.2494385127868,-31.274236488362952,0.03333333333333333
157.81553354277526,-30.80264583977728,0.03333333333333333
158.49780616565397,-30.50719255818641,0.03333333333333333
158.98398239079538,-30.388302559627647,0.03333333333333333
161.17679243781672,-31.037014791206808,0.03333333333333333
161.16901669403788,-30.61571621973719,0.03333333333333333
161.16445964944845,-30.40579573561142,0.03333333333333333
162.65201758541124,-30.528438656553593,0.03333333333333333
164.45281442499098,-31.279987164806816,0.03333333333333333
164.43913219697563,-30.506446886881854,0.03333333333333333
151.60195463467483,-32.928733426578184,0.03333333333333333
150.73271994052973,-31.77642540501818,0.03333333333333333
153.0140154103735,-32.46855221932521,0.03333333333333333
153.33309678523992,-31.795173753515915,0.03333333333333333
154.52385478212994,-31.64694637424025,0.03333333333333333
156.7743671229785,-32.81428580024473,0.03333333333333333
155.40812394604714,-32.61016869386219,0.03333333333333333
156.4155534437398,-32.53935314869115,0.03333333333333333
155.67550423151454,-32.229199133320286,0.03333333333333333
155.10255748680333,-31.52468953374839,0.03333333333333333
158.4269535147711,-32.67648224477628,0.03333333333333333
158.42057567095603,-32.30269262569184,0.03333333333333333
158.1487150131946,-31.51757525365968,0.03333333333333333
157.90984484486935,-31.51958937621134,0.03333333333333333
160.0781646538112,-32.218823754037054,0.03333333333333333
159.85684576997107,-31.879120711390943,0.03333333333333333
159.79278681937424,-31.812873730065018,0.03333333333333333
158.54689528633313,-31.77437601715521,0.03333333333333333
160.47915789478242,-32.71292894954292,0.03333333333333333
160.4009260900971,-32.695257017036894,0.03333333333333333
160.5206382578715,-32.707464685420625,0.03333333333333333
161.7154186303783,-31.516944136587345,0.03333333333333333
162.21327246184802,-32.914750538855394,0.03333333333333333
162.92783819795875,-32.90632039270512,0.03333333333333333
163.35657808794755,-32.869380602533305,0.03333333333333333
163.2795801191923,-32.54880802099347,0.03333333333333333
163.34080048291275,-32.134280778693146,0.03333333333333333
162.44238795011182,-32.07318677093317,0.03333333333333333
163.33861144504078,-32.06210993189029,0.03333333333333333
162.8092871632443,-31.89207090029665,0.03333333333333333
164.0118077974202,-31.801522895685125,0.03333333333333333
150.44691278411008,-34.28758130555791,0.03333333333333333
152.95366703756568,-34.096965133239515,0.03333333333333333
152.3970941372511,-33.76963622150523,0.03333333333333333
151.82572979436222,-33.697943478744136,0.03333333333333333
151.52282823303076,-33.2753071208131,0.03333333333333333
153.47849554959015,-33.44080086436872,0.03333333333333333
154.21197080761542,-33.391690069374214,0.03333333333333333
154.16063969136022,-32.94604817734357,0.03333333333333333
155.04624287075853,-34.156000605146,0.03333333333333333
158.01332462581155,-33.510635765432745,0.03333333333333333
158.42525371875755,-34.228421143123214,0.03333333333333333
158.75098716961466,-33.91259318423909,0.03333333333333333
159.49506907680245,-33.42402030368021,0.03333333333333333
161.39974056937731,-34.26258508444024,0.03333333333333333
160.66047590828742,-33.83059529960857,0.03333333333333333
160.06126129159108,-33.77757042826481,0.03333333333333333
160.78926494747182,-33.6946007356314,0.03333333333333333
159.75616281999618,-32.90793565241397,0.03333333333333333
162.05125295453118,-33.328777581022536,0.03333333333333333
163.79954467289195,-34.28974898392139,0.03333333333333333
163.41309908791098,-34.09039295086772,0.03333333333333333
163.28678579232877,-34.051704555437716,0.03333333333333333
153.09657482392745,-35.365351571259204,0.03333333333333333
152.53077378374667,-34.8536928193642,0.03333333333333333
153.17555716078257,-34.74107189424367,0.03333333333333333
152.0709948213246,-34.27949647473719,0.03333333333333333
153.969909664349,-35.2695541135522,0.03333333333333333
154.12126082715417,-35.124711904184295,0.03333333333333333
153.475351986868,-34.739734034870985,0.03333333333333333
153.74489458369627,-34.28026858321987,0.03333333333333333
156.61606320991115,-35.235435882579644,0.03333333333333333
155.41059699047312,-34.588839750474484,0.03333333333333333
159.19734188634726,-35.47700898832024,0.03333333333333333
159.6321234177858,-35.18771303614713,0.03333333333333333
160.25671353835187,-34.567623694385205,0.03333333333333333
160.15624027100057,-34.273105200390106,0.03333333333333333
158.97317908161506,-34.281709193964836,0.03333333333333333
161.38701354483808,-35.19099464773606,0.03333333333333333
160.35653854109566,-34.87094975814718,0.03333333333333333
162.18830767973785,-35.407560682377095,0.03333333333333333
163.0381567865086,-34.255163967779175,0.03333333333333333
164.40217291905444,-35.5043965318927,0.03333333333333333
164.42098371745212,-34.969419920773326,0.03333333333333333
151.44263652418613,-36.89055754799456,0.03333333333333333
154.10470828429663,-36.56241274787377,0.03333333333333333
154.49880286022164,-36.08717199216977,0.03333333333333333
154.4247360542644,-36.01394194901341,0.03333333333333333
155.5409129724025,-35.64627713242725,0.03333333333333333
154.7661861222699,-35.73872143168837,0.03333333333333333
155.5370846070588,-35.64641860158696,0.03333333333333333
155.06382143692542,-35.650360340478244,0.03333333333333333
156.38179604962258,-36.271628299812384,0.03333333333333333
157.1355211175655,-36.00927102209804,0.03333333333333333
157.95642436990332,-36.95495368663321,0.03333333333333333
158.98434782241017,-36.7700288789179,0.03333333333333333
159.11956028689448,-36.67490868096696,0.03333333333333333
159.11805035996582,-36.59876282039385,0.03333333333333333
157.6274682004481,-36.479748605745336,0.03333333333333333
157.75043194542434,-36.07021144412396,0.03333333333333333
158.9251097155371,-35.64936247143065,0.03333333333333333
160.21359670384868,-37.058408894993185,0.03333333333333333
162.58549344785825,-36.04917373858355,0.03333333333333333
161.47693211512254,-35.82087058719136,0.03333333333333333
150.84776524779014,-38.41026624654704,0.03333333333333333
152.0945553806294,-38.359821208716866,0.03333333333333333
152.06901377385927,-37.9649580403838,0.03333333333333333
152.62849359138082,-37.43163915914862,0.03333333333333333
151.92793360447868,-37.36866612806248,0.03333333333333333
153.6425180380618,-37.70702707753785,0.03333333333333333
154.27814465368186,-37.31655925124487,0.03333333333333333
154.57417740213853,-37.04074637700642,0.03333333333333333
156.92222817789346,-37.52261206609582,0.03333333333333333
155.6764055154004,-37.439847742187325,0.03333333333333333
158.69666579164382,-37.598876737581655,0.03333333333333333
159.6786967224951,-37.029345549371406,0.03333333333333333
158.9759151470027,-37.03364819904593,0.03333333333333333
160.22098977173695,-37.02491921548914,0.03333333333333333
160.2538058952346,-37.02460384375178,0.03333333333333333
162.23504171929937,-38.412137110981405,0.03333333333333333
160.71758808084584,-37.87158319235144,0.03333333333333333
163.77323120623785,-38.44059534442991,0.03333333333333333
162.23506897601058,-38.412127669266326,0.03333333333333333
164.0289268475837,-38.30391592139213,0.03333333333333333
165.62354763842322,-37.79305723601779,0.03333333333333333
164.4053241408824,-37.72551688043008,0.03333333333333333
150.9441053756526,-39.39565575205655,0.03333333333333333
151.43052923955912,-39.10860356913077,0.03333333333333333
151.78928216400945,-38.90336837305533,0.03333333333333333
151.2579946280853,-38.8843162468532,0.03333333333333333
152.55199347143122,-38.87733440314293,0.03333333333333333
151.7123274608085,-38.59208948622228,0.03333333333333333
153.04349995128374,-39.770596302946075,0.03333333333333333
153.78941130643392,-39.68476387248536,0.03333333333333333
152.85690995577002,-39.22165635007936,0.03333333333333333
155.3753827640433,-39.655734501676726,0.03333333333333333
156.47390290552275,-39.50009363037485,0.03333333333333333
155.57664273289208,-39.22972938787124,0.03333333333333333
155.44833897626418,-38.939792529170354,0.03333333333333333
157.6161017881559,-39.630215315381925,0.03333333333333333
158.98730507685008,-39.773239145229155,0.03333333333333333
159.98299796406656,-39.522589025540746,0.03333333333333333
159.54865618125783,-39.273047995403154,0.03333333333333333
160.96245327563514,-39.81967594458949,0.03333333333333333
161.17416113062097,-39.818076037430906,0.03333333333333333
162.2350397015659,-38.412227016113,0.03333333333333333
164.3167578887599,-39.79486924339461,0.03333333333333333
164.9774868976581,-39.7871750143041,0.03333333333333333
165.41938070594512,-38.76658706578087,0.03333333333333333
152.85705594691382,-40.409825320387775,0.03333333333333333
154.1259893854859,-40.13959004315925,0.03333333333333333
153.04349454135863,-39.770627336411366,0.03333333333333333
153.53664748968745,-39.76386034169858,0.03333333333333333
153.9872588854827,-39.82500928833299,0.03333333333333333
154.72293935897585,-40.11213368993416,0.03333333333333333
154.6769129573724,-39.868514240515296,0.03333333333333333
155.50926414134003,-39.87941443605516,0.03333333333333333
157.4268742516726,-40.10236014161628,0.03333333333333333
157.8076335854083,-40.62297400322205,0.03333333333333333
162.30023952866415,-41.076228468377664,0.03333333333333333
161.6005258048628,-40.406587887401884,0.03333333333333333
162.0765239657474,-40.302659157764246,0.03333333333333333
161.64852196611653,-39.860169958868745,0.03333333333333333
162.01405942938743,-39.885889171509454,0.03333333333333333
163.58979203919046,-40.579887087057394,0.03333333333333333
165.20659140972882,-40.536133607158106,0.03333333333333333
164.74795943400434,-40.139094529936386,0.03333333333333333
164.9409920559074,-39.82898402211724,0.03333333333333333
150.65567716650142,-41.114113057786774,0.03333333333333333
153.6024993703233,-42.4590433063908,0.03333333333333333
153.471041791234,-41.89066118667236,0.03333333333333333
153.95278580712514,-41.82501656760188,0.03333333333333333
157.3720805152552,-42.534606729596646,0.03333333333333333
157.352012376426,-41.72217018100349,0.03333333333333333
156.4532645193975,-41.35037051504776,0.03333333333333333
159.1948360464319,-41.129344193526684,0.03333333333333333
159.62518618009625,-41.41233283987098,0.03333333333333333
161.8496061010191,-41.997037657020186,0.03333333333333333
161.406560291816,-41.65144300614175,0.03333333333333333
152.93569155092555,-43.052996106054096,0.03333333333333333
156.07054665729225,-42.89803403866196,0.03333333333333333
156.93890818575144,-43.57839654916231,0.03333333333333333
158.7931954567531,-43.525377205554015,0.03333333333333333
156.98513110121715,-42.50439036070675,0.03333333333333333
156.9219910067061,-42.50466566962816,0.03333333333333333
160.7293216050405,-43.486895140424785,0.03333333333333333
159.56126817312304,-43.42941925667293,0.03333333333333333
160.42641689071988,-42.494767670854934,0.03333333333333333
159.99648944882745,-42.49827388534089,0.03333333333333333
160.4596542702517,-42.49428196406249,0.03333333333333333
162.8333065681279,-42.86552420409957,0.03333333333333333
163.32913952159166,-42.500703736471905,0.03333333333333333
153.84805668728225,-43.85381606520419,0.03333333333333333
152.5751130054943,-43.861105593254855,0.03333333333333333
154.7787456228145,-44.51148662696911,0.03333333333333333
155.19208147717984,-44.42741050911146,0.03333333333333333
155.64152178552226,-44.211595307200724,0.03333333333333333
160.29872719575428,-44.542457889127036,0.03333333333333333
158.4914011875381,-44.275437510669136,0.03333333333333333
162.2818502721943,-45.19709585813092,0.03333333333333333
161.75742458473283,-45.09230307327362,0.03333333333333333
161.88280814300828,-44.31159135637818,0.03333333333333333
163.12723847816432,-45.2790783004625,0.03333333333333333
163.4178672481952,-45.27714351765876,0.03333333333333333
152.34586039969068,-46.634323809671535,0.03333333333333333
152.7539882802521,-46.63329477464603,0.03333333333333333
155.8588739849864,-46.49302347138658,0.03333333333333333
154.33341975498936,-46.29734670892535,0.03333333333333333
155.27988996495824,-46.11456285338626,0.03333333333333333
154.87826548294657,-45.219217073380214,0.03333333333333333
157.86031817943862,-46.348263219466475,0.03333333333333333
156.49721440655316,-46.26141564816617,0.03333333333333333
157.8272111329929,-45.32660480370967,0.03333333333333333
160.6614159857361,-46.615924791810436,0.03333333333333333
161.8877813623345,-46.520023886504795,0.03333333333333333
163.89722028194225,-46.50784450488018,0.03333333333333333
162.62169517848992,-46.498136923368605,0.03333333333333333
162.83833764403474,-45.32144324298059,0.03333333333333333
163.7632750166799,-45.25827748698175,0.03333333333333333
165.18681353456034,-46.63463189791996,0.03333333333333333
165.0031851242081,-45.86245654456999,0.03333333333333333
152.53761361726814,-46.63768923516186,0.03333333333333333
153.99297118154576,-47.96919886520386,0.03333333333333333
154.2413166467284,-47.38983154774546,0.03333333333333333
155.39924683710603,-47.31642766569878,0.03333333333333333
157.90607140488981,-47.79190261459901,0.03333333333333333
160.5451085313129,-47.9932795299669,0.03333333333333333
161.45133738289553,-47.06949336345449,0.03333333333333333
160.6614372217797,-46.61593635907825,0.03333333333333333
163.16985644771538,-47.98162360016756,0.03333333333333333
162.85979805711648,-47.71642362966346,0.03333333333333333
161.61396786101275,-46.578378319675686,0.03333333333333333
165.3131776719938,-46.56811175613385,0.03333333333333333
164.91498121968047,-46.571582511481154,0.03333333333333333
164.93961828228456,-46.57132828873969,0.03333333333333333
0.6876601015231797,-0.4506841622597316,0.03333333333333333
1.2733120956894421,-0.06651745067352126,0.03333333333333333
0.6430795342323321,0.5956921848596437,0.03333333333333333
0.8110091390543236,1.4341348810344052,0.03333333333333333
2.4600925978920185,-0.9177937192754502,0.03333333333333333
3.019314461785063,-0.6871129812818367,0.03333333333333333
3.4333161421922638,0.3717240833451459,0.03333333333333333
4.380258459418438,-0.8164386494043362,0.03333333333333333
4.801640792188884,0.0554916881824542,0.03333333333333333
3.860510825587982,0.3037236200425543,0.03333333333333333
3.7333117402685474,0.3176892728434901,0.03333333333333333
4.416543859611166,0.5062627804218517,0.03333333333333333
3.9982889311502467,0.7036337458736229,0.03333333333333333
3.898110576074378,0.8989176411595012,0.03333333333333333
4.117681731557023,1.1338942388667368,0.03333333333333333
6.267870561988082,-1.050846896881385,0.03333333333333333
4.917646791908225,-0.9099503373848068,0.03333333333333333
6.280815147745145,0.3125654118801338,0.03333333333333333
5.099588114689952,0.4722785949324826,0.03333333333333333
7.320040644293336,-1.0064266381068807,0.03333333333333333
7.355350859656068,-0.9294596707996096,0.03333333333333333
6.417469975537349,-0.2586743443813301,0.03333333333333333
7.447133387671616,1.1368164215656964,0.03333333333333333
8.312091847289906,0.20130373919852826,0.03333333333333333
8.178072183921541,0.5197450140043085,0.03333333333333333
7.9742709172511805,0.987857519711832,0.03333333333333333
10.53842813846492,-0.08780575949202774,0.03333333333333333
9.342361420176386,-0.1946009608261733,0.03333333333333333
10.634997906227998,0.2258682388415132,0.03333333333333333
9.4213937498701,0.5555554739851708,0.03333333333333333
10.629643245110152,1.0125970343779196,0.03333333333333333
10.682789961127495,1.283933341653539,0.03333333333333333
12.164466084258587,-1.0081233727155237,0.03333333333333333
12.578112147813606,0.03430832230751133,0.03333333333333333
12.580434447631134,-0.04460662324412035,0.03333333333333333
12.32716144605164,1.2191920530524625,0.03333333333333333
13.432315634808461,1.363190953245345,0.03333333333333333
13.922147889436662,-0.9418439978440708,0.03333333333333333
13.583244543515127,0.4577926723911889,0.03333333333333333
13.432415403064134,1.3632454848749245,0.03333333333333333
14.953354509073167,-1.3181152771969302,0.03333333333333333
15.625098200551925,-0.5352093094283729,0.03333333333333333
16.005731978346947,0.048206053621997785,0.03333333333333333
17.35815775854618,-0.6275003706886488,0.03333333333333333
16.77312563028888,0.1024885367041135,0.03333333333333333
17.242995026203268,1.3925796570239284,0.03333333333333333
16.55991936281131,1.2359802572644285,0.03333333333333333
17.28310789223492,1.12097992550518,0.03333333333333333
18.92575064401607,0.3834537397700357,0.03333333333333333
20.294736533982622,-0.8436434200227299,0.03333333333333333
20.21226390567055,-0.30913897475438096,0.03333333333333333
19.60208039778809,-0.2518172500737146,0.03333333333333333
20.367010878142946,0.5807387354223038,0.03333333333333333
20.75741214062869,0.056552555358909476,0.03333333333333333
20.984790111603804,0.20861345601334494,0.03333333333333333
21.52053384434905,0.3161299392122496,0.03333333333333333
21.612608797820567,0.9810769034670448,0.03333333333333333
22.92630985380825,0.04692721938073936,0.03333333333333333
22.926588085464807,0.04258721365526336,0.03333333333333333
22.598029771791182,0.09771342271047503,0.03333333333333333
22.515009368444645,0.7431167683870193,0.03333333333333333
22.764541810361738,1.3815093554585645,0.03333333333333333
23.867538015814304,-1.094665817815659,0.03333333333333333
24.655329021886626,0.4717925959967649,0.03333333333333333
24.96278284387999,0.42722178926433024,0.03333333333333333
25.899362562968,1.447336365122616,0.03333333333333333
25.4738146644513,1.442887428353749,0.03333333333333333
27.339695422952982,-0.5391525524002503,0.03333333333333333
27.05101817682357,0.03153481888037271,0.03333333333333333
26.51157876752222,0.13308908589692672,0.03333333333333333
28.96543187899855,-0.11806893812729875,0.03333333333333333
28.861956145989012,0.10438102179931794,0.03333333333333333
28.382712021955317,0.3813754396509161,0.03333333333333333
28.53861595248377,0.4459129033998668,0.03333333333333333
29.178161075934234,-0.7662048679449716,0.03333333333333333
30.47225302341375,-0.6011352483008646,0.03333333333333333
30.44021195789529,0.01212298646433863,0.03333333333333333
29.539245230792336,-0.11090384464726573,0.03333333333333333
29.121078024207147,0.12342437782065242,0.03333333333333333
30.31471271654344,0.5264157435180954,0.03333333333333333
29.55730413894375,1.028736096882655,0.03333333333333333
31.34356120523176,-0.9131414253695378,0.03333333333333333
30.50024764581404,-0.15588560513530106,0.03333333333333333
30.64295952740696,0.05051423767038378,0.03333333333333333
30.59849080176527,0.31554577428358394,0.03333333333333333
31.25347770425113,1.401015050803151,0.03333333333333333
31.32290815253848,1.2030121061937862,0.03333333333333333
32.341663797117576,-0.9153964683450352,0.03333333333333333
32.75413453946589,-0.7338613608347929,0.03333333333333333
32.01870359151427,-0.0063899756832095644,0.03333333333333333
32.018648736206366,-0.006372209952361571,0.03333333333333333
34.543835265892945,-1.0297901208560476,0.03333333333333333
34.3692595850346,-0.8742096812554242,0.03333333333333333
34.72796840924125,-0.8026880127959009,0.03333333333333333
34.39795841312471,0.010963195531228456,0.03333333333333333
34.054664825415784,0.030954746183922195,0.03333333333333333
34.18756480158774,0.14521142113014265,0.03333333333333333
35.304770781260025,1.0174679315222601,0.03333333333333333
36.66621231254797,-1.2419634243382829,0.03333333333333333
36.89716623846276,1.40956531462828,0.03333333333333333
38.12763748929023,-1.2817952492366265,0.03333333333333333
37.883970956243175,-0.72690152180201,0.03333333333333333
38.04358646543664,-0.13132323193906975,0.03333333333333333
37.991184479011366,0.4534449701484786,0.03333333333333333
38.9697941943989,1.3966756070829411,0.03333333333333333
39.11980508074,-0.9749932035748634,0.03333333333333333
41.717322847762475,-1.2118896146259526,0.03333333333333333
40.645447516012204,-1.0644227483678184,0.03333333333333333
40.86091832637929,-0.3489466419988113,0.03333333333333333
41.584406281564114,-0.234794850574614,0.03333333333333333
43.0304218389181,-1.2286280522243824,0.03333333333333333
42.937840792738655,-0.7776784611376305,0.03333333333333333
41.930213191833076,-0.38329203302594783,0.03333333333333333
43.21668023139433,-0.3698979850578264,0.03333333333333333
42.35840851165037,-0.33021592546116,0.03333333333333333
43.06969129708544,0.2947725157476632,0.03333333333333333
41.777707894590655,0.38841573683375696,0.03333333333333333
44.10676516200072,-1.3198466786151726,0.03333333333333333
43.398925355592425,0.03459053406589147,0.03333333333333333
43.519533495782184,0.4140327723195526,0.03333333333333333
44.118458575759135,0.6078355659352473,0.03333333333333333
44.030210339218165,1.1774555299992029,0.03333333333333333
44.79324003091252,-0.3777292200872463,0.03333333333333333
46.144829680398814,-0.4751996068898478,0.03333333333333333
46.989799929865725,0.12001736947822107,0.03333333333333333
47.388386174322825,0.17134553804322145,0.03333333333333333
46.81501686424853,0.7312750476021798,0.03333333333333333
46.2415646756668,0.9538832761700016,0.03333333333333333
47.70699360405103,0.5831756977315682,0.03333333333333333
48.61771428658175,0.7519402356960914,0.03333333333333333
48.94740414083604,0.997380372561154,0.03333333333333333
51.7299475008684,-0.3167788522498016,0.03333333333333333
50.687077455609156,0.7450965554947673,0.03333333333333333
53.02645909845321,0.012075351320298154,0.03333333333333333
51.996675866058084,0.7396723062922909,0.03333333333333333
53.109588105741736,-1.190642242028551,0.03333333333333333
53.380778271435034,0.9754159933830268,0.03333333333333333
55.319592292483776,0.02877412108741432,0.03333333333333333
54.577968840864656,0.19823028732953893,0.03333333333333333
54.58960430404596,0.5184971700047292,0.03333333333333333
55.1983140950822,0.9599766852382,0.03333333333333333
55.69883615683876,1.1591704436722594,0.03333333333333333
56.115556197104866,-0.4611633605478732,0.03333333333333333
56.14004289975637,1.3084713461417323,0.03333333333333333
58.42286187443396,1.4117025752465262,0.03333333333333333
58.570787185776794,1.4125924358016346,0.03333333333333333
59.86187691602746,-1.2784874168736258,0.03333333333333333
60.03431912630133,0.4970681565250141,0.03333333333333333
299.8053018729079,-1.3793346225879273,0.03333333333333333
300.071826876672,-1.0258376908648783,0.03333333333333333
300.05001333053326,-0.9595046079009302,0.03333333333333333
300.33951740205924,-0.9573535591691308,0.03333333333333333
300.980558670669,-0.853902143379433,0.03333333333333333
300.06874202483925,-0.7787821166392881,0.03333333333333333
300.86082216553325,-0.7650908823782959,0.03333333333333333
301.0304934897503,-0.33247242907184565,0.03333333333333333
300.46565395277037,-0.3237103127259231,0.03333333333333333
300.4651771226687,-0.3197652762387386,0.03333333333333333
300.83267847152666,-0.09668728299181134,0.03333333333333333
301.03851606307063,-0.06294415500010929,0.03333333333333333
300.6738330735259,-0.02520313613998483,0.03333333333333333
300.2623334512278,0.3134681417428971,0.03333333333333333
300.4321955778412,0.8217833390436116,0.03333333333333333
301.2598185398701,-1.3787300793829262,0.03333333333333333
302.07901363721794,-0.8796421220703583,0.03333333333333333
301.87442705199436,0.38188657036836177,0.03333333333333333
301.90291189660326,1.4338220383239442,0.03333333333333333
302.23755053452254,1.4460758631267183,0.03333333333333333
301.10087882815554,1.3740889672596843,0.03333333333333333
302.1140871330788,1.4404438329168086,0.03333333333333333
301.16968078045016,1.4331993226864697,0.03333333333333333
301.4794129290572,1.4332019448775049,0.03333333333333333
301.15340178503914,1.4330039169627071,0.03333333333333333
301.6416525781045,1.4313604943931104,0.03333333333333333
302.52332015533983,0.7972267242497989,0.03333333333333333
302.7670575767885,0.9219467987098838,0.03333333333333333
304.49532795324336,-0.7870703124306978,0.03333333333333333
304.672860933771,-0.6733283472410868,0.03333333333333333
305.12594669721227,0.04819660779222769,0.03333333333333333
306.18879229324534,-1.3715237720576468,0.03333333333333333
306.29151511321504,0.5362293668688096,0.03333333333333333
307.0700192064003,-1.0187769634272936,0.03333333333333333
307.10127611275885,0.6963261388763395,0.03333333333333333
307.7543101188572,1.0247653052735697,0.03333333333333333
308.0976963584685,1.4103743289643649,0.03333333333333333
307.29616223908874,1.4067209263489666,0.03333333333333333
308.93254708810724,-1.3719456337180245,0.03333333333333333
309.6150246654895,-1.2590454995338367,0.03333333333333333
309.109332494743,-0.9198368676006632,0.03333333333333333
308.97237027845364,-0.4627950152793462,0.03333333333333333
308.75613893190194,-0.32953453410783073,0.03333333333333333
308.25346193882234,-0.230400337224592,0.03333333333333333
309.1169715479385,-0.00863372980882855,0.03333333333333333
308.55982722547503,0.18127575152081468,0.03333333333333333
309.5073231847564,0.2550682235736433,0.03333333333333333
308.3149984927397,1.184299648700054,0.03333333333333333
309.4030881639978,1.4098491847367989,0.03333333333333333
309.669392340481,1.4101388568893896,0.03333333333333333
309.42521678817593,1.4099934390474778,0.03333333333333333
309.13804266951684,1.4090231218369138,0.03333333333333333
308.94150306985193,1.407921330376472,0.03333333333333333
308.34053050616643,1.3510826317123832,0.03333333333333333
310.0505374251002,-0.3941841882585396,0.03333333333333333
310.2489476266559,0.034001637270674664,0.03333333333333333
310.11657926924744,-0.0006827903292532226,0.03333333333333333
311.10696416078565,0.1986164547531001,0.03333333333333333
310.91682422695794,0.48155156196473503,0.03333333333333333
310.4298615131161,0.9969524468026376,0.03333333333333333
311.00713464627813,1.4097409125081382,0.03333333333333333
310.44611163634,1.4079854078466545,0.03333333333333333
309.7079087113118,1.4016055838141048,0.03333333333333333
311.4979776058448,-0.5105693590826251,0.03333333333333333
311.68032152939907,-0.1083733523377718,0.03333333333333333
311.5677811801357,0.08886250821662363,0.03333333333333333
312.5241620451336,0.21489715142747653,0.03333333333333333
312.2956269426095,0.265970422493022,0.03333333333333333
312.28592920801833,0.5510548741309087,0.03333333333333333
311.86055642600377,0.5820544642877161,0.03333333333333333
312.12715897433435,1.4092242061632378,0.03333333333333333
312.50389318635933,-0.7065468942244552,0.03333333333333333
312.5291847585163,-0.3551379920492532,0.03333333333333333
313.466816984702,-0.26707656017662645,0.03333333333333333
313.14899696437874,0.03302071730376552,0.03333333333333333
313.30493825997434,0.034750410271879965,0.03333333333333333
315.0587983277317,0.7460919799647099,0.03333333333333333
314.2875770770647,0.9848791384140017,0.03333333333333333
316.33073493882375,-0.27779599457826043,0.03333333333333333
315.5423088682852,0.037355067804725466,0.03333333333333333
315.6995479867022,0.159508229950438,0.03333333333333333
317.42633466683395,-1.0158432611239503,0.03333333333333333
317.1526656035376,-0.6422520141538439,0.03333333333333333
318.004189099928,-0.5787255873117237,0.03333333333333333
318.18925727255663,-0.33827726782334355,0.03333333333333333
319.53479988082074,-1.2529276197654986,0.03333333333333333
319.0594346204248,-0.17677443298405465,0.03333333333333333
318.3673788604048,0.05906714760846786,0.03333333333333333
319.943926795453,-0.7161060118266569,0.03333333333333333
320.9523813923219,0.1115664211792693,0.03333333333333333
322.35579433655687,-0.11295107404311913,0.03333333333333333
322.35358861644005,-0.12617901241992555,0.03333333333333333
321.8208505002401,0.03039241919158179,0.03333333333333333
323.1762194624441,-1.0525538970193808,0.03333333333333333
323.8576398436668,-0.4047636654316722,0.03333333333333333
323.8555793502744,-0.1980616130028824,0.03333333333333333
322.44594482503516,0.0001958674232308637,0.03333333333333333
323.3792540706332,0.009186919145959984,0.03333333333333333
323.1885645438278,0.029660206776952643,0.03333333333333333
323.40893690666803,1.4413770493499043,0.03333333333333333
324.311485491612,0.18688755788033645,0.03333333333333333
324.57901744173665,1.2062510372667887,0.03333333333333333
324.8565425689696,1.3959856038859333,0.03333333333333333
326.0442953769774,-1.0203843406746989,0.03333333333333333
326.3906294451442,0.04654584739125538,0.03333333333333333
325.56084809615726,-0.010777640583473672,0.03333333333333333
326.58545713994624,-0.003608685473896894,0.03333333333333333
325.68687810196775,0.7578739048211264,0.03333333333333333
327.54385873207247,-0.16682656475967428,0.03333333333333333
329.0576398034554,-1.1618941444509447,0.03333333333333333
329.0908871415673,1.0585352620695734,0.03333333333333333
330.3021992244482,-1.3612395358874074,0.03333333333333333
329.5045094351839,1.4328629884737536,0.03333333333333333
332.2165447935741,-1.1010212789856892,0.03333333333333333
332.36540057975367,-0.7886494276341904,0.03333333333333333
331.3722533138325,-0.5196269942518518,0.03333333333333333
332.2151058847115,-0.5129620341046088,0.03333333333333333
331.99748130409137,0.2896121485675932,0.03333333333333333
332.0941243822378,1.4024561761841343,0.03333333333333333
332.6502879554896,1.1487290841736535,0.03333333333333333
334.54773089833606,-0.9420336609771612,0.03333333333333333
336.0139709734177,-0.9567096099850134,0.03333333333333333
337.653463904362,-0.10995717448510753,0.03333333333333333
337.48557309949206,0.5240235390794395,0.03333333333333333
336.90520945673893,0.7884194520788889,0.03333333333333333
339.2060010081785,0.04830730635162727,0.03333333333333333
339.13972978386903,0.4480037094611176,0.03333333333333333
338.66637521384126,0.6909664418071105,0.03333333333333333
339.2543671109755,0.7171343795159068,0.03333333333333333
339.76127603918343,-1.023397703692266,0.03333333333333333
339.6845594683822,-0.9486943193738391,0.03333333333333333
339.60299902742,0.03521847411678155,0.03333333333333333
340.86990353534986,0.47308699639384294,0.03333333333333333
339.6664699486365,0.7525280022860446,0.03333333333333333
341.3799836615205,-0.7525947660724432,0.03333333333333333
340.96755531580084,-0.3832981583866523,0.03333333333333333
341.9143308444327,0.3210840848524513,0.03333333333333333
341.87159487226313,0.4312362304896879,0.03333333333333333
342.18355826924187,0.7013340916234194,0.03333333333333333
343.4952075319428,-1.289144725738761,0.03333333333333333
342.4621821514912,-0.7525732392970813,0.03333333333333333
343.34776914146914,-0.25648228052664634,0.03333333333333333
345.3664836165076,-1.281686817196347,0.03333333333333333
345.6651016984536,-1.2306250800497884,0.03333333333333333
346.43412604607386,-0.4255501843233415,0.03333333333333333
345.8183544369748,-0.20316870490727096,0.03333333333333333
345.50499246424033,0.5131468261640252,0.03333333333333333
346.1180884490532,0.950341888510796,0.03333333333333333
345.9651406629765,1.11426658072561,0.03333333333333333
347.6749400810096,-1.1633342696409468,0.03333333333333333
346.46634289233566,-0.7882457685975353,0.03333333333333333
347.4423475040321,0.013615375964205508,0.03333333333333333
347.4423016860708,0.013641194763914682,0.03333333333333333
346.66304513854925,0.5782437647544336,0.03333333333333333
347.7662923957995,0.904908783624104,0.03333333333333333
347.345621334989,1.00127934598807,0.03333333333333333
348.299611065616,-0.7605497687369258,0.03333333333333333
347.9703984400785,-0.2264378603996989,0.03333333333333333
348.31076107056595,0.12219030239329486,0.03333333333333333
349.21684281726755,0.8571987065141106,0.03333333333333333
348.71051507330185,1.390757174203209,0.03333333333333333
350.25486513091295,0.3229990640533432,0.03333333333333333
351.0847562454346,-0.10695578184817373,0.03333333333333333
351.7949147394786,0.28439836367465765,0.03333333333333333
350.78019539481215,1.1891914841428648,0.03333333333333333
350.88051361237183,1.134997376685103,0.03333333333333333
353.6216613989165,-0.6268953341142391,0.03333333333333333
354.6541733025063,-0.6884191782527765,0.03333333333333333
353.84452778283685,-0.10977978814367613,0.03333333333333333
354.3417350883094,0.37754676359646666,0.03333333333333333
353.66061298218904,0.3949855898346673,0.03333333333333333
353.83742721934067,1.1742822684735112,0.03333333333333333
355.8607833004264,-0.05483233520562368,0.03333333333333333
356.26211026772654,1.4114809180224894,0.03333333333333333
355.19202290292867,1.4037708817641457,0.03333333333333333
357.37012099375846,-1.152684558330466,0.03333333333333333
357.04686958184686,-0.5564750857541866,0.03333333333333333
357.9899475433253,0.6029506411467537,0.03333333333333333
48.63723403724958,-31.538342848531066,0.03333333333333333
48.61080597878481,-31.491798654190426,0.03333333333333333
48.44613561024231,-31.48711372085554,0.03333333333333333
48.48367671208701,-31.470164460703632,0.03333333333333333
48.48084336374534,-30.19405215301989,0.03333333333333333
49.23615786312012,-30.507764224698175,0.03333333333333333
49.03042475187485,-30.63412642424921,0.03333333333333333
48.612223417777,-30.193060853508506,0.03333333333333333
50.46706107226197,-31.153930849410905,0.03333333333333333
53.08992268606526,-30.906368865460763,0.03333333333333333
60.74020602982334,-31.56154845859965,0.03333333333333333
63.49915514874029,-30.78412018892307,0.03333333333333333
65.7596989895329,-31.3818581840434,0.03333333333333333
66.36651421253734,-31.21415946631441,0.03333333333333333
68.17821309908314,-31.539361957206868,0.03333333333333333
67.21902099610418,-31.10367663026357,0.03333333333333333
73.8609655409722,-31.579119387902214,0.03333333333333333
73.86494622150545,-30.55045713853188,0.03333333333333333
74.3304771096208,-30.25407310465701,0.03333333333333333
45.73033013045552,-32.48610171225258,0.03333333333333333
46.591915813620474,-31.544680110243824,0.03333333333333333
49.149922284889506,-32.51624417188677,0.03333333333333333
48.63725659916625,-31.538394417267995,0.03333333333333333
51.052355816318034,-32.574963338737746,0.03333333333333333
51.34039770708346,-32.46067132187973,0.03333333333333333
50.52873599853695,-31.87604433607523,0.03333333333333333
50.97988503631892,-31.833768160835252,0.03333333333333333
69.07367304166935,-32.87935573083375,0.03333333333333333
69.15931102457657,-32.42692213380805,0.03333333333333333
68.17822137890568,-31.539437186490396,0.03333333333333333
70.1844338147212,-32.52845095920424,0.03333333333333333
70.46275263354292,-31.94091380250433,0.03333333333333333
70.07971373035754,-31.55291257271609,0.03333333333333333
74.0596405937503,-32.048705589987065,0.03333333333333333
75.51137819503711,-31.98799135563823,0.03333333333333333
50.88001491152107,-33.814450010932724,0.03333333333333333
51.83900502451886,-34.13314853982729,0.03333333333333333
51.95562972916677,-33.699617307354536,0.03333333333333333
53.00416234244469,-33.695396565440625,0.03333333333333333
55.03064069232163,-33.70085828714741,0.03333333333333333
54.38194188915661,-33.30529416954723,0.03333333333333333
60.32959873415012,-33.94285057596388,0.03333333333333333
59.61150464189446,-33.3300308614873,0.03333333333333333
67.90885882735834,-33.835816475531345,0.03333333333333333
69.58714364533755,-32.917169083336574,0.03333333333333333
68.9606254456307,-33.06327286332062,0.03333333333333333
71.51267167906146,-33.97895279886143,0.03333333333333333
71.7624991988103,-32.972687315591486,0.03333333333333333
74.33433514364009,-33.864376674012064,0.03333333333333333
74.19580036063131,-33.22830401330645,0.03333333333333333
54.67235585673245,-35.52616012986378,0.03333333333333333
55.09582164742524,-35.2685739619018,0.03333333333333333
55.06370373415954,-34.9638811003515,0.03333333333333333
53.50745961827551,-34.73551729784952,0.03333333333333333
54.86439460038415,-34.61862342769125,0.03333333333333333
54.607110975900774,-34.56291347667671,0.03333333333333333
54.38514656767706,-34.16169584196815,0.03333333333333333
53.47074342249513,-34.16827360638881,0.03333333333333333
55.095809819361385,-35.26861884407053,0.03333333333333333
59.20780603813963,-35.23335673249682,0.03333333333333333
58.53639795930956,-35.04660396121433,0.03333333333333333
60.22136110841383,-35.23783495731069,0.03333333333333333
61.50874295747895,-35.024374334812215,0.03333333333333333
67.64912245526331,-35.26938397613429,0.03333333333333333
68.17071948060519,-35.15823830829838,0.03333333333333333
66.73987307073496,-34.29989264264048,0.03333333333333333
68.17071267311985,-35.15820739010939,0.03333333333333333
68.28909970345515,-34.53027748720787,0.03333333333333333
71.53757587046124,-35.51015376603704,0.03333333333333333
70.73061745686685,-34.55041033114176,0.03333333333333333
53.58092020902868,-36.45619418601402,0.03333333333333333
56.43910392669589,-36.34612610981142,0.03333333333333333
62.73953370126365,-35.83080142939435,0.03333333333333333
65.0154524171883,-36.55407212529337,0.03333333333333333
66.7980280950234,-35.91494953455624,0.03333333333333333
68.97883954289422,-36.50804353332107,0.03333333333333333
68.6326098352595,-36.09694917702268,0.03333333333333333
74.04068121149494,-35.90630530438025,0.03333333333333333
50.84732275209579,-37.93737937210971,0.03333333333333333
51.79441039071347,-37.58373378052672,0.03333333333333333
50.302632836393,-37.0603523069585,0.03333333333333333
51.26729795433997,-36.92773995131392,0.03333333333333333
54.55876215510399,-37.89173027680849,0.03333333333333333
55.55194367753929,-37.658014631318046,0.03333333333333333
56.62121591489994,-37.150305157383926,0.03333333333333333
58.60073273891514,-37.499876552946965,0.03333333333333333
57.367304514910316,-37.34182228296939,0.03333333333333333
59.95844261308967,-38.03769277389853,0.03333333333333333
59.342101075938615,-37.03168069989505,0.03333333333333333
60.94431885808389,-38.09703939448524,0.03333333333333333
61.5207515756039,-37.670201425221684,0.03333333333333333
61.57192998822725,-36.93456990643266,0.03333333333333333
62.06420255917287,-38.15638028848107,0.03333333333333333
63.697085785042674,-38.15566918832742,0.03333333333333333
62.9931906508685,-37.97889641219351,0.03333333333333333
63.697127200479564,-38.15560848301908,0.03333333333333333
67.51854679773345,-37.1115695063411,0.03333333333333333
73.89337675927517,-38.024232026090964,0.03333333333333333
72.79486060391294,-37.67260091976237,0.03333333333333333
72.36563245631116,-37.348165377464255,0.03333333333333333
73.86504161313006,-36.908154817921464,0.03333333333333333
60.98645768730256,-38.23292063597632,0.03333333333333333
62.42679384290575,-39.4273438937532,0.03333333333333333
61.46492094767717,-38.915513672363794,0.03333333333333333
62.0641725301646,-38.15644762175441,0.03333333333333333
63.697023807246865,-38.15559587523354,0.03333333333333333
69.1978456916045,-38.113636512528046,0.03333333333333333
71.43743287875098,-38.64685520996582,0.03333333333333333
71.01300521128633,-38.113302728394885,0.03333333333333333
71.65841972599098,-38.422228963381826,0.03333333333333333
58.969095336250184,-40.68543671030852,0.03333333333333333
59.198162057369935,-40.01781515641767,0.03333333333333333
59.387407103708426,-39.841908710486216,0.03333333333333333
60.596692745397796,-39.932889518881744,0.03333333333333333
62.447108098077024,-40.497556259671455,0.03333333333333333
63.064802779677535,-39.922959718883355,0.03333333333333333
67.17895408032929,-39.65627345562674,0.03333333333333333
65.38391106021307,-42.05233711421595,0.03333333333333333
64.70986471758329,-41.56058578737202,0.03333333333333333
66.68674093098561,-42.094583163873466,0.03333333333333333
65.38394088777272,-42.052357293073726,0.03333333333333333
67.17395515647175,-41.22569298818909,0.03333333333333333
66.63573911050027,-41.03239942176444,0.03333333333333333
66.77686219392896,-41.10833056938508,0.03333333333333333
67.56641038563033,-42.078333077921116,0.03333333333333333
67.24315464518669,-40.90967507203359,0.03333333333333333
72.40100716896748,-41.68275696879473,0.03333333333333333
72.0966532342896,-40.736956823544226,0.03333333333333333
70.68855747780296,-40.74690197997228,0.03333333333333333
72.5406494940895,-40.988172114936425,0.03333333333333333
66.68676821757481,-42.094590231611654,0.03333333333333333
68.23820274627931,-43.150026747892056,0.03333333333333333
69.73020003965611,-42.74698497627646,0.03333333333333333
70.3595149260068,-42.401764594026645,0.03333333333333333
70.83813616776901,-43.00551061519471,0.03333333333333333
70.5807960120687,-42.99686843935839,0.03333333333333333
70.35184011979689,-42.83566854318618,0.03333333333333333
70.67133509892673,-42.0542014939867,0.03333333333333333
70.78111050322822,-42.289387008385035,0.03333333333333333
71.56096134092793,-42.330332393751114,0.03333333333333333
72.60611173182559,-43.22074625592422,0.03333333333333333
66.71486292757422,-44.745926110806025,0.03333333333333333
68.29080626237631,-43.77044714232464,0.03333333333333333
72.62948680678494,-44.35805512189457,0.03333333333333333
73.12966757047025,-44.184514581701954,0.03333333333333333
71.91039906266283,-43.56918284352489,0.03333333333333333
73.66065101177823,-44.046543702777385,0.03333333333333333
74.93525672809142,-44.00831859102501,0.03333333333333333
75.37236555154625,-43.54885526006323,0.03333333333333333
73.76766096817454,-43.567425899245364,0.03333333333333333
68.72510309408402,-44.91251267666944,0.03333333333333333
71.94160771551151,-45.42981182330031,0.03333333333333333
71.43949497670094,-45.425071077668406,0.03333333333333333
72.54907188983168,-45.315073163560974,0.03333333333333333
73.32137511156851,-45.290277278880176,0.03333333333333333
73.3442291722873,-45.15331349188661,0.03333333333333333
72.72430055650105,-44.65796843473611,0.03333333333333333
69.29655862698584,-46.68521526277068,0.03333333333333333
75.19233067162712,-47.08628328638894,0.03333333333333333
68.92411946177829,-47.87885043321246,0.03333333333333333
70.89502728244676,-48.70927801800732,0.03333333333333333
73.29971144948952,-51.86514245367586,0.03333333333333333
74.7145919554476,-51.791156869186366,0.03333333333333333
74.81297244269186,-51.51851956037668,0.03333333333333333
331.2684098256359,-24.554909705235747,0.03333333333333333
332.3293752575985,-24.12012102380704,0.03333333333333333
332.2663027063055,-23.544852231737924,0.03333333333333333
331.94432889637795,-23.61091966725822,0.03333333333333333
334.0187902631637,-24.63888423376929,0.03333333333333333
334.06298505582885,-24.223778615281248,0.03333333333333333
334.08709644680147,-23.548830287352622,0.03333333333333333
329.4093807927702,-25.116373749772485,0.03333333333333333
329.3370362394045,-25.133993290826115,0.03333333333333333
330.58304481089283,-24.877909164201967,0.03333333333333333
332.2544224509056,-26.09900163648365,0.03333333333333333
331.22366426801165,-25.051456106463768,0.03333333333333333
333.3551818035355,-25.448422477148064,0.03333333333333333
333.44019307062644,-25.33837521229197,0.03333333333333333
332.5155820961611,-25.33536513124485,0.03333333333333333
332.5341770623733,-24.884726288356234,0.03333333333333333
334.92724376795064,-26.292910043377532,0.03333333333333333
335.12049201026866,-24.87624057528029,0.03333333333333333
334.349347505759,-24.92652861921181,0.03333333333333333
339.04076247947586,-25.190225830303394,0.03333333333333333
12.981833825704761,-26.962028288894874,0.03333333333333333
332.05119881707293,-27.60764759601883,0.03333333333333333
331.88706229118645,-26.226874653069228,0.03333333333333333
333.51191857192214,-27.539286005712476,0.03333333333333333
333.2215414069018,-27.054416847627078,0.03333333333333333
333.0853786478534,-26.889989768269853,0.03333333333333333
333.3696115832082,-26.68569487453418,0.03333333333333333
332.1902046323318,-26.36330598306179,0.03333333333333333
332.64239605860087,-26.53770817640446,0.03333333333333333
333.5119857829216,-27.53930260557384,0.03333333333333333
334.58077291303573,-27.262284225095634,0.03333333333333333
333.62784454064234,-26.339023280052565,0.03333333333333333
21.09636474641903,-27.970352948095197,0.03333333333333333
25.090845260686656,-27.67649389594184,0.03333333333333333
28.54555949699684,-28.87064580945145,0.03333333333333333
331.89396381531327,-28.65815178172343,0.03333333333333333
333.3985380422876,-28.42824210005132,0.03333333333333333
335.3067522132758,-28.07246239885318,0.03333333333333333
335.36797346403597,-27.680832301283427,0.03333333333333333
359.3407588884482,-30.07055246768264,0.03333333333333333
0.4968921619628843,-29.311221442882104,0.03333333333333333
0.6575208221604383,-28.866534637725106,0.03333333333333333
2.666987531261032,-29.740921877458874,0.03333333333333333
3.7007910517398988,-28.90876984450449,0.03333333333333333
8.477954545229275,-29.93685399620687,0.03333333333333333
7.961265608895669,-28.92685732854085,0.03333333333333333
10.61533003061461,-30.241938696437927,0.03333333333333333
16.261587965181207,-29.10475529378924,0.03333333333333333
20.62449728942338,-30.28193077150473,0.03333333333333333
20.335787708869184,-29.667183328082363,0.03333333333333333
22.6741972625038,-29.038207591843072,0.03333333333333333
24.033745063235283,-29.26059432657566,0.03333333333333333
25.764557663482428,-29.881889491918482,0.03333333333333333
27.24667923076606,-30.285715598235512,0.03333333333333333
28.64402915415735,-30.218591364909376,0.03333333333333333
28.511796972069806,-29.556640921139987,0.03333333333333333
28.442765398175784,-29.23217337589091,0.03333333333333333
28.545594305017943,-28.870735753209058,0.03333333333333333
30.22926062206253,-29.590695751118542,0.03333333333333333
332.45263484436884,-30.23217545253064,0.03333333333333333
332.01870793183775,-29.68742278774359,0.03333333333333333
331.4771850421492,-29.505597534944567,0.03333333333333333
332.8195871416373,-29.878748695527644,0.03333333333333333
333.431619800616,-29.403828058262548,0.03333333333333333
336.1631170939396,-29.608504187142163,0.03333333333333333
337.5076760184757,-29.597960152831288,0.03333333333333333
336.7539411639533,-29.435478718678123,0.03333333333333333
336.0677440421202,-29.406028813953643,0.03333333333333333
338.8843290732825,-29.77583940043047,0.03333333333333333
337.50768925239095,-29.59794652431351,0.03333333333333333
343.4706720102698,-30.162151096626253,0.03333333333333333
343.7350983730109,-30.053238915358854,0.03333333333333333
343.7216103267638,-29.208522767742235,0.03333333333333333
345.6476494287596,-28.941580257566933,0.03333333333333333
351.8592470437993,-30.16954840631848,0.03333333333333333
352.3834804919369,-30.133713084025487,0.03333333333333333
355.5952110456138,-30.082281359822563,0.03333333333333333
355.87149516582315,-30.03336765255501,0.03333333333333333
355.60558630049167,-30.01029469008245,0.03333333333333333
354.859284813387,-29.287226954219857,0.03333333333333333
356.7122249254965,-30.18472724547675,0.03333333333333333
357.30921820732414,-29.372144253820554,0.03333333333333333
356.8971581055979,-29.22081470219307,0.03333333333333333
3.9562422417922014,-31.126686808201715,0.03333333333333333
2.7306881758399904,-30.739852073510534,0.03333333333333333
5.3969578009034045,-31.405286583477512,0.03333333333333333
5.510540447653343,-30.203729262300172,0.03333333333333333
8.917854640047308,-30.91700816505348,0.03333333333333333
14.041376839547132,-31.369061102488608,0.03333333333333333
13.883649917774902,-31.260498014964096,0.03333333333333333
13.683104869130515,-30.51502373758133,0.03333333333333333
15.9513288935515,-31.449534621721035,0.03333333333333333
20.12951142773161,-31.220853141802497,0.03333333333333333
22.151967803686162,-30.89236990988435,0.03333333333333333
21.3593347521788,-30.742435844021443,0.03333333333333333
27.0885275576842,-31.125205727550288,0.03333333333333333
27.24673402285121,-30.285704751150565,0.03333333333333333
33.81627043825897,-30.71881951613144,0.03333333333333333
34.006744169798786,-31.614381248819498,0.03333333333333333
36.90951623742346,-31.60734584540431,0.03333333333333333
37.54069701310436,-31.60505123369656,0.03333333333333333
331.0801737491056,-31.027368902733315,0.03333333333333333
331.5041888109279,-30.832626563527132,0.03333333333333333
332.348527511477,-30.355930742547887,0.03333333333333333
335.3447184555292,-31.428713396020182,0.03333333333333333
335.6548438031242,-30.842748329445797,0.03333333333333333
334.27716692008016,-30.579476065999447,0.03333333333333333
334.835978913425,-30.197517715435186,0.03333333333333333
336.912099323913,-31.136207086254505,0.03333333333333333
336.7472393360828,-30.98760433059825,0.03333333333333333
335.7288363618285,-30.70788858469623,0.03333333333333333
337.80812689962085,-31.33455219401752,0.03333333333333333
338.7356717309632,-31.14557430050039,0.03333333333333333
338.79141059281153,-30.5603414359782,0.03333333333333333
338.4273343986453,-30.32651312377564,0.03333333333333333
340.21803687750787,-31.49728623073555,0.03333333333333333
338.73569433672816,-31.145585026879896,0.03333333333333333
340.40427140562963,-31.28783751843989,0.03333333333333333
343.62550908132965,-31.57007537745987,0.03333333333333333
343.5464640088024,-31.453149727305608,0.03333333333333333
344.4260249978932,-30.39925444672916,0.03333333333333333
343.5872874690341,-30.201222569528035,0.03333333333333333
347.8963319528839,-31.445592377850765,0.03333333333333333
348.03732474467216,-31.070356404741503,0.03333333333333333
347.30961887333433,-30.986794418426523,0.03333333333333333
349.80285349491965,-30.8927877865804,0.03333333333333333
348.8308033561476,-30.64921915522369,0.03333333333333333
350.2528987978074,-31.56818918247993,0.03333333333333333
349.92814830462225,-30.441527299951233,0.03333333333333333
352.1833683258047,-30.19595668874797,0.03333333333333333
354.4522027329858,-31.208181319779587,0.03333333333333333
10.38584060460598,-32.9156191613308,0.03333333333333333
11.852685968492782,-32.49826038338725,0.03333333333333333
10.565064891250165,-32.215897813910125,0.03333333333333333
11.128502352988617,-31.97079949006121,0.03333333333333333
11.43479754607515,-31.95811304109312,0.03333333333333333
14.162698397718227,-31.966271521320163,0.03333333333333333
18.30428616863837,-32.436079929066175,0.03333333333333333
18.39362218665853,-32.14258985477674,0.03333333333333333
20.099447339181328,-32.423469530163665,0.03333333333333333
21.26913199118856,-32.28740231179497,0.03333333333333333
21.067433955055773,-32.20603385094096,0.03333333333333333
21.47827885420557,-31.55441038197839,0.03333333333333333
24.372507005777397,-32.12103455786598,0.03333333333333333
25.603033585189557,-32.07047314351019,0.03333333333333333
26.588608186204205,-32.50723864680328,0.03333333333333333
26.67839562391689,-32.09437112168437,0.03333333333333333
28.107769501179238,-32.25675605689198,0.03333333333333333
31.069301930809136,-31.65417508424613,0.03333333333333333
33.81156801724593,-32.53180504570118,0.03333333333333333
34.006750737249284,-31.614388428776323,0.03333333333333333
9.299105610792962,-32.857980571987575,0.03333333333333333
12.112387692202818,-34.22741726899439,0.03333333333333333
10.841182008577881,-33.31747498120273,0.03333333333333333
13.011522875710027,-33.92947973210817,0.03333333333333333
12.99298405924441,-33.150644649061626,0.03333333333333333
14.45304386097311,-33.843549762493765,0.03333333333333333
13.97214405926334,-33.65042770377668,0.03333333333333333
14.036465410080819,-33.43626022124327,0.03333333333333333
15.645380888568006,-33.90319745738752,0.03333333333333333
18.304490836740836,-33.15273440160459,0.03333333333333333
20.021995229374703,-33.90022997433076,0.03333333333333333
19.704789837531482,-33.336968620400945,0.03333333333333333
19.523785998210773,-33.05253885507861,0.03333333333333333
20.04161862712166,-33.23630428587631,0.03333333333333333
20.571187870663927,-34.044882609182075,0.03333333333333333
20.46746328553068,-33.937725015878605,0.03333333333333333
23.22263487815018,-33.4451915146773,0.03333333333333333
22.94684892850287,-33.18197514224045,0.03333333333333333
22.84101560993188,-33.101715461339545,0.03333333333333333
25.047550515566424,-33.7842436516723,0.03333333333333333
25.24813468037142,-34.09770325464079,0.03333333333333333
28.412399082500933,-33.75412642244374,0.03333333333333333
29.20910418930057,-33.314021393859946,0.03333333333333333
29.540125394586696,-32.97605511412855,0.03333333333333333
33.751620970370176,-32.976887888106106,0.03333333333333333
38.24581503354316,-33.857833507890355,0.03333333333333333
38.07083034116065,-33.84838905228906,0.03333333333333333
38.07534927116573,-33.845288295885446,0.03333333333333333
41.393293341125954,-33.29145456700416,0.03333333333333333
9.585022020915977,-34.366714732971026,0.03333333333333333
12.704553984537661,-35.32281150790576,0.03333333333333333
12.410866439585115,-34.686850848655325,0.03333333333333333
15.508053646290447,-35.33531261867841,0.03333333333333333
15.476011117831506,-35.13874184962801,0.03333333333333333
15.137494012633805,-34.807509914044864,0.03333333333333333
14.806556179582147,-34.32102363637064,0.03333333333333333
17.63876219404898,-35.14979974007237,0.03333333333333333
17.889623488958076,-34.41644328871302,0.03333333333333333
20.579475234187147,-35.34295947332402,0.03333333333333333
19.153761025476605,-34.95029375038386,0.03333333333333333
21.86511969874657,-34.30203307721206,0.03333333333333333
21.657201901148973,-34.58716304788603,0.03333333333333333
37.78058966033048,-34.987268533941915,0.03333333333333333
38.62939367305272,-34.4210627915517,0.03333333333333333
315.17682643993663,-21.75793867940236,0.03333333333333333
314.54823772595904,-21.60029644789257,0.03333333333333333
315.68502025867656,-20.87114525462671,0.03333333333333333
315.8137008255822,-22.04707711811697,0.03333333333333333
317.4046139896138,-23.197226286070197,0.03333333333333333
316.07809698256983,-24.32105519763823,0.03333333333333333
317.7967144688881,-23.98438021766002,0.03333333333333333
316.56085883903194,-23.635242122753873,0.03333333333333333
318.4455825259587,-24.488466743621558,0.03333333333333333
316.3057420228044,-26.05772813933232,0.03333333333333333
317.4528213867962,-25.630720497060032,0.03333333333333333
318.20534777257893,-25.671726052127052,0.03333333333333333
320.44338988035025,-25.934578079394488,0.03333333333333333
319.9346910494714,-26.62120037592414,0.03333333333333333
319.71832086946694,-26.412543297355928,0.03333333333333333
315.91873353822336,-28.943073302136032,0.03333333333333333
315.78138646332803,-28.77450215772178,0.03333333333333333
320.9622015584057,-28.51448782520718,0.03333333333333333
317.36153771617836,-30.184324278662576,0.03333333333333333
316.8991283760208,-29.328566871961588,0.03333333333333333
320.9410151834386,-30.288418608008442,0.03333333333333333
320.657289379728,-30.288269978617286,0.03333333333333333
321.9205912073736,-30.27963618327748,0.03333333333333333
320.9385832552389,-29.70241355446006,0.03333333333333333
320.76173239637114,-29.251115062981185,0.03333333333333333
321.89068762422187,-29.16805570135933,0.03333333333333333
322.7461290755544,-29.95608820766312,0.03333333333333333
322.3509985474668,-29.45899794318347,0.03333333333333333
324.769332340647,-30.137916172834334,0.03333333333333333
326.16056777676886,-29.807078087889337,0.03333333333333333
325.5747911662511,-29.303997354091354,0.03333333333333333
316.4255926418445,-31.140370656734056,0.03333333333333333
315.46297480443303,-30.904661220051235,0.03333333333333333
317.8339557719118,-30.46690378383676,0.03333333333333333
318.35335070762034,-30.46971852762071,0.03333333333333333
318.3550835110012,-30.55904463814881,0.03333333333333333
318.0856816716921,-30.208440091010075,0.03333333333333333
318.31409276329134,-30.954768652821556,0.03333333333333333
319.17763600668536,-30.719785594189318,0.03333333333333333
320.19839744584186,-30.49981960411645,0.03333333333333333
321.7844092060996,-30.9523274970352,0.03333333333333333
322.4731975065219,-30.496676267578174,0.03333333333333333
315.64819614661917,-31.913827469466657,0.03333333333333333
314.78101509717663,-31.52167960707778,0.03333333333333333
316.37446585265695,-32.80215612105248,0.03333333333333333
317.3670156182246,-32.10003462626739,0.03333333333333333
317.1226460249528,-31.52014709994809,0.03333333333333333
317.85231158015125,-32.36162718273768,0.03333333333333333
318.1606177744181,-31.662119678678888,0.03333333333333333
316.47166602052016,-33.70284811048292,0.03333333333333333
316.1942029373568,-32.84718047090613,0.03333333333333333
318.14481429314066,-33.866828976912466,0.03333333333333333
320.4763205990012,-34.01092575185566,0.03333333333333333
318.1023505885553,-34.9748376034758,0.03333333333333333
316.9363590872967,-34.66667123983109,0.03333333333333333
318.6132249139901,-34.726707370552624,0.03333333333333333
319.73873407876164,-34.517061658480394,0.03333333333333333
315.778341035462,-36.849996738037795,0.03333333333333333
318.72782936259694,-35.99199854770446,0.03333333333333333
315.28012599368236,-37.5459149378096,0.03333333333333333
318.9599439823258,-37.37003380116829,0.03333333333333333
319.4288770386002,-37.30160442857203,0.03333333333333333
315.4851266442245,-39.394516374889456,0.03333333333333333
315.7581239306617,-39.32293817355794,0.03333333333333333
314.80279596235704,-39.184687509825885,0.03333333333333333
319.427022287137,-39.446774344594346,0.03333333333333333
315.6171285588765,-40.539518163351055,0.03333333333333333
315.15423087896596,-40.52306227658028,0.03333333333333333
316.98811799562907,-40.28856631437439,0.03333333333333333
317.0029779711126,-40.162087186310075,0.03333333333333333
315.81526166124456,-39.50562566946197,0.03333333333333333
318.76245090230344,-40.724999999823716,0.03333333333333333
316.98812726041086,-40.288545932554854,0.03333333333333333
315.9344084493842,-42.05919951316381,0.03333333333333333
315.0172676682276,-41.808202400538775,0.03333333333333333
314.36242252938115,-41.672721641114265,0.03333333333333333
316.14245434675115,-41.480196376392215,0.03333333333333333
316.1410561269261,-41.406278151466964,0.03333333333333333
318.0898586278488,-41.45675283578885,0.03333333333333333
316.89453723207413,-42.55003534709599,0.03333333333333333
317.74757162629766,-43.289938771572466,0.03333333333333333
318.6146660226451,-42.99050980616556,0.03333333333333333
318.44897898426575,-42.78865626508082,0.03333333333333333
317.41259494153974,-42.05669553882783,0.03333333333333333
318.24028255214023,-42.05325039090276,0.03333333333333333
314.7154814470657,-43.358458247399824,0.03333333333333333
316.77256542766173,-44.352664802683506,0.03333333333333333
316.4981918985729,-44.34264576796743,0.03333333333333333
318.00583530810815,-43.54239970298534,0.03333333333333333
316.3361978919587,-45.98869609290722,0.03333333333333333
315.7592781700893,-45.24473926016993,0.03333333333333333
316.83504289940134,-48.36762143609893,0.03333333333333333
315.18149984739887,-50.68411844231118,0.03333333333333333
326.7459792969504,-1.879742746718798,0.03333333333333333
326.04426998420433,-1.0203658919657526,0.03333333333333333
327.82790186608014,-2.0681732681132843,0.03333333333333333
328.08176535248805,-2.0652220859023367,0.03333333333333333
329.4633835256158,-1.8211057677526437,0.03333333333333333
329.2655055636063,-1.520141932098812,0.03333333333333333
329.0576982984844,-1.1619911379394898,0.03333333333333333
328.43632869735393,-0.6570447173807985,0.03333333333333333
328.22049187462727,-0.6592462755048976,0.03333333333333333
330.8190008879876,-1.5202120024901695,0.03333333333333333
330.67753876061363,-1.4244675396774724,0.03333333333333333
333.5387433814452,-1.8324270445917925,0.03333333333333333
332.2165318654766,-1.1010232176217527,0.03333333333333333
333.9455025519527,-1.9851614639867508,0.03333333333333333
334.59740992937526,-1.573235522113904,0.03333333333333333
334.0632158358974,-1.5212788655314184,0.03333333333333333
335.04899899562463,-1.9918623714489352,0.03333333333333333
334.95634847774966,-1.556702990645265,0.03333333333333333
336.01401051604205,-0.9566969699045356,0.03333333333333333
338.13430721956706,-1.8199677081971013,0.03333333333333333
339.21752473251615,-1.7720046025358112,0.03333333333333333
339.5969264365535,-0.9522370681869864,0.03333333333333333
344.14812977031715,-1.3219468266578176,0.03333333333333333
344.3755252097625,-0.6619087258033015,0.03333333333333333
351.640518396683,-2.059629061488588,0.03333333333333333
351.4644867015532,-1.6732732825345382,0.03333333333333333
353.35896970867685,-1.9669986669917532,0.03333333333333333
355.1601119802349,-0.8918305906086714,0.03333333333333333
355.266660634694,-0.7746587236482012,0.03333333333333333
356.6348746600845,-1.6685787100504113,0.03333333333333333
324.9794186679092,-3.074158132444889,0.03333333333333333
325.3581515382026,-2.846011428904422,0.03333333333333333
324.9065914699761,-2.6536034951853305,0.03333333333333333
326.74504740113224,-2.704120633368911,0.03333333333333333
328.6865238850329,-2.6365998811838343,0.03333333333333333
149.94332390127656,-4.9279285458464726,0.03333333333333333
150.8126971696714,-5.9091034216348906,0.03333333333333333
151.40106080075319,-5.7496889998343175,0.03333333333333333
149.34776368562885,-7.214281786532718,0.03333333333333333
149.73038848195878,-6.740834738804157,0.03333333333333333
151.51873859815822,-6.883402613524509,0.03333333333333333
151.07744426673176,-6.746026930581473,0.03333333333333333
151.9705689130764,-6.655952827896737,0.03333333333333333
151.46279693331252,-6.484298645481855,0.03333333333333333
151.4818985747557,-6.491748332744068,0.03333333333333333
152.88292009707868,-7.261936696507069,0.03333333333333333
150.39201389787095,-7.882130572619383,0.03333333333333333
150.35960127523666,-7.853724242888142,0.03333333333333333
151.27591835567253,-7.814422054962372,0.03333333333333333
151.71160029192848,-7.504802484693968,0.03333333333333333
151.28271414322109,-7.558603886385398,0.03333333333333333
153.88929454573454,-8.105448936790548,0.03333333333333333
152.28202446279914,-9.642940454369674,0.03333333333333333
152.0457425349793,-9.404225027387072,0.03333333333333333
152.85493953497948,-8.868471409150528,0.03333333333333333
153.9864382240741,-9.760066214839515,0.03333333333333333
153.67008734934524,-9.60170688500259,0.03333333333333333
154.5716838122264,-9.55135312787781,0.03333333333333333
154.11202949746232,-9.335537508516506,0.03333333333333333
150.42479572064113,-11.043893987729314,0.03333333333333333
149.99350308275802,-13.714213886767206,0.03333333333333333
149.75526230488913,-13.706647971803493,0.03333333333333333
150.05602438965118,-13.572737396889364,0.03333333333333333
157.61190834441297,-15.105589918524995,0.03333333333333333
150.01402718423978,-16.368191722870087,0.03333333333333333
150.31774435221544,-16.230285309678916,0.03333333333333333
149.8602298601874,-16.02990373599766,0.03333333333333333
151.81830923029722,-16.265317436120654,0.03333333333333333
154.0106469468405,-16.2342128247746,0.03333333333333333
155.96476276969537,-15.935014949318251,0.03333333333333333
157.18276139446618,-16.21759565677345,0.03333333333333333
159.36789400475408,-16.924631782348065,0.03333333333333333
150.1150646016225,-17.473603134140543,0.03333333333333333
149.90983262024955,-17.161934736352748,0.03333333333333333
151.9293835593737,-17.53040153216332,0.03333333333333333
153.81070791180105,-18.072658351724318,0.03333333333333333
152.9600076328529,-17.408545615104803,0.03333333333333333
153.89152888638506,-17.820732733164498,0.03333333333333333
155.21178117889133,-16.942952424294113,0.03333333333333333
158.90548705515337,-17.264319711936725,0.03333333333333333
159.19430856874573,-17.153339314034152,0.03333333333333333
162.7721639215435,-17.586195369073653,0.03333333333333333
163.58753317856872,-17.556459020943233,0.03333333333333333
163.45406630490706,-16.932218025921333,0.03333333333333333
163.45351446231848,-16.971735941300036,0.03333333333333333
166.4975085274113,-17.684518637426066,0.03333333333333333
165.22179783704576,-17.08204872594701,0.03333333333333333
169.4909785667385,-17.88535699740229,0.03333333333333333
170.19614683530668,-17.638657234904873,0.03333333333333333
170.19696655328286,-17.285069032070588,0.03333333333333333
175.3959908754587,-18.19457670541773,0.03333333333333333
176.09874975469899,-17.948202598152946,0.03333333333333333
176.23234742536548,-17.94427333871937,0.03333333333333333
180.50517275517944,-18.148392743156787,0.03333333333333333
180.66098151470055,-17.045516701112867,0.03333333333333333
150.54887788731045,-19.426983577758755,0.03333333333333333
150.41074061499455,-19.034615364557336,0.03333333333333333
151.42770081342854,-19.614981356689704,0.03333333333333333
150.8678518659939,-18.383946059837726,0.03333333333333333
152.49784074730422,-18.989474508847906,0.03333333333333333
152.36267642205573,-18.78519193319257,0.03333333333333333
154.37187532553952,-18.97230568524968,0.03333333333333333
154.9563913724155,-18.20773018705503,0.03333333333333333
157.09938130031313,-19.391042979806766,0.03333333333333333
156.60711503439958,-18.65735447952775,0.03333333333333333
158.94858879684895,-19.1464500925577,0.03333333333333333
159.24328123398752,-18.571695258222352,0.03333333333333333
159.60924665839354,-19.09839068360148,0.03333333333333333
161.50794007911296,-19.49165524672934,0.03333333333333333
162.16756395863231,-19.449149821800763,0.03333333333333333
161.2613279738429,-19.092836154925184,0.03333333333333333
163.36200976048374,-19.487757993621425,0.03333333333333333
163.01860623067802,-19.425260430771715,0.03333333333333333
163.59203203386832,-18.642918506534453,0.03333333333333333
162.95046698071394,-18.46479321783452,0.03333333333333333
163.61630683826158,-19.337955544836863,0.03333333333333333
163.72273983046722,-18.87367193360176,0.03333333333333333
164.23753562062313,-18.652020476668735,0.03333333333333333
165.35705748071285,-19.591096194963256,0.03333333333333333
166.10408887652838,-18.195348174889407,0.03333333333333333
165.7003216795992,-18.19813211907402,0.03333333333333333
169.01970784906118,-18.95650065552524,0.03333333333333333
167.9159211947629,-18.579164100342734,0.03333333333333333
169.58813373567708,-18.843135013965192,0.03333333333333333
170.20651116818644,-18.715572764825886,0.03333333333333333
171.51976508840417,-19.185492729932577,0.03333333333333333
171.93965572559188,-18.803554833634838,0.03333333333333333
173.4980733384784,-19.29476876055347,0.03333333333333333
173.80219022305317,-19.37396786385042,0.03333333333333333
174.75887019537282,-18.434187629947342,0.03333333333333333
176.01078464673063,-19.264073622626587,0.03333333333333333
176.45702249927712,-19.242449503150183,0.03333333333333333
177.44647323552417,-19.070824571208643,0.03333333333333333
179.18714985352517,-19.518859913955684,0.03333333333333333
178.01151940662444,-18.910251002936462,0.03333333333333333
178.8218827326313,-18.821666941196987,0.03333333333333333
150.47445404449272,-20.882984339424524,0.03333333333333333
151.94928539090162,-20.638921851605037,0.03333333333333333
151.59688428951543,-20.497402104442607,0.03333333333333333
151.10456817338925,-19.53758156563571,0.03333333333333333
150.94114456666466,-19.796504330857637,0.03333333333333333
151.894397417937,-20.29234976425421,0.03333333333333333
152.13849511429345,-19.623063309986374,0.03333333333333333
153.723702515339,-20.506568739081867,0.03333333333333333
155.0148334484567,-20.945979708525886,0.03333333333333333
157.69918021469127,-19.963602613916247,0.03333333333333333
157.28649491762462,-19.53471062119464,0.03333333333333333
157.48702648692714,-19.811964197315678,0.03333333333333333
159.14529064535841,-20.30863674725202,0.03333333333333333
159.52312345967246,-19.800946060390576,0.03333333333333333
161.49649174553386,-20.864671420923628,0.03333333333333333
161.2067881727981,-20.813392034790336,0.03333333333333333
161.42659080544558,-20.767499700491783,0.03333333333333333
161.6210540011003,-20.231940490839836,0.03333333333333333
160.57902255561496,-19.87258227492121,0.03333333333333333
162.1277009054002,-20.610665633649536,0.03333333333333333
162.1899635598324,-19.878119303262526,0.03333333333333333
164.5067977448425,-20.38809382066629,0.03333333333333333
164.89864692065544,-19.89598082864617,0.03333333333333333
164.20211131014338,-19.83343303346113,0.03333333333333333
164.14889358711974,-19.65930816542182,0.03333333333333333
163.4289424829617,-19.708004647115224,0.03333333333333333
166.34556379871103,-20.47620754479956,0.03333333333333333
166.0717632412057,-20.0657637357707,0.03333333333333333
166.40156752508463,-20.76592817307542,0.03333333333333333
167.3991112076983,-19.56378777731048,0.03333333333333333
168.63672511602908,-20.13121708480183,0.03333333333333333
169.21539672608196,-19.708441480423538,0.03333333333333333
168.93145739788338,-19.53407040322005,0.03333333333333333
172.09831102699394,-19.783966187501218,0.03333333333333333
170.95229589621655,-19.807767604658398,0.03333333333333333
172.42083115514401,-20.197600920599868,0.03333333333333333
172.86858830718498,-19.984109513037332,0.03333333333333333
173.70304403292306,-20.661757288721585,0.03333333333333333
174.45820819375538,-20.1269725960127,0.03333333333333333
175.02105341364947,-20.85902350574755,0.03333333333333333
175.57140227775508,-19.6081516313464,0.03333333333333333
176.44677508796607,-20.68885084337432,0.03333333333333333
179.18159048221733,-19.950205016927896,0.03333333333333333
179.9421088643766,-20.743450878694368,0.03333333333333333
179.41628091073392,-20.67452536790989,0.03333333333333333
179.7142405925609,-20.41972327820616,0.03333333333333333
179.57909357732112,-20.255667716143577,0.03333333333333333
150.7858455684635,-21.440884622598727,0.03333333333333333
150.4744029157719,-20.88298329216635,0.03333333333333333
151.8708726412487,-21.7250381049027,0.03333333333333333
152.38017893701422,-21.662700412557093,0.03333333333333333
152.14942528629038,-21.660979463820848,0.03333333333333333
152.94020876206912,-21.11578796981607,0.03333333333333333
153.95225664021842,-21.407216529390983,0.03333333333333333
153.91269797862395,-21.25678227156659,0.03333333333333333
155.01478877037619,-20.945966737734796,0.03333333333333333
157.39313956567818,-21.936663649518326,0.03333333333333333
160.01338157627674,-21.816008925485075,0.03333333333333333
160.0787427074991,-21.638725959665823,0.03333333333333333
159.7638197095568,-21.130372669234045,0.03333333333333333
163.3405287867705,-21.885485300788265,0.03333333333333333
166.1406338019032,-21.850554034071735,0.03333333333333333
165.81154179807834,-21.225900460180746,0.03333333333333333
167.2317090904785,-21.691285610547556,0.03333333333333333
168.3303149194381,-21.97483099729879,0.03333333333333333
167.73846916883397,-21.9481524929022,0.03333333333333333
167.78088318950856,-21.05004517757182,0.03333333333333333
171.96941410327287,-21.832174580828482,0.03333333333333333
172.29164098630866,-21.433187883890685,0.03333333333333333
172.79323309863418,-21.101951939478504,0.03333333333333333
173.8693087371029,-20.8778025127827,0.03333333333333333
176.08460404845326,-20.87182641101084,0.03333333333333333
176.73956533623317,-21.14477366565624,0.03333333333333333
177.9056436743523,-21.717352625038647,0.03333333333333333
177.94503862354165,-21.307978915616886,0.03333333333333333
180.67330867914814,-21.716167128730785,0.03333333333333333
180.45501629342255,-21.23150563018105,0.03333333333333333
164.04497067273752,-23.615715357750243,0.03333333333333333
163.1376638580591,-23.149877815633783,0.03333333333333333
163.27996809002192,-23.124140036240558,0.03333333333333333
163.67740943049026,-22.88592111006189,0.03333333333333333
165.28987870937755,-23.62944456863725,0.03333333333333333
165.8880386486634,-23.561093149508928,0.03333333333333333
166.8363967667283,-23.229613692491284,0.03333333333333333
169.0379771962599,-22.229780227855386,0.03333333333333333
170.50747890578657,-22.405813665677552,0.03333333333333333
172.23256772902823,-23.18693789782795,0.03333333333333333
176.13150998327862,-23.481980975542037,0.03333333333333333
175.16838548521977,-22.769741203504854,0.03333333333333333
177.3616664992479,-23.40295833744121,0.03333333333333333
178.59283739567016,-22.371447122511164,0.03333333333333333
178.2542093178735,-22.44283513556722,0.03333333333333333
165.56322436927655,-24.255045055389477,0.03333333333333333
168.50320519372107,-23.541504091203322,0.03333333333333333
169.54506887012312,-24.06347978936654,0.03333333333333333
171.53221353286696,-24.753683586486,0.03333333333333333
172.19563399598306,-24.571040456542534,0.03333333333333333
208.6040277496671,-1.1540981962353478,0.03333333333333333
208.81326629537682,0.8771824943643223,0.03333333333333333
209.3138635088871,1.1203699583549236,0.03333333333333333
207.30901542945995,-3.2944159437317415,0.03333333333333333
207.42583046986286,-2.1997432327052358,0.03333333333333333
208.7473085299866,-3.175500100122,0.03333333333333333
209.22284977849117,-2.647844687664313,0.03333333333333333
205.3821094830455,-3.63782628321257,0.03333333333333333
207.06160294183238,-4.322788130055165,0.03333333333333333
206.95757353263463,-4.169611778952147,0.03333333333333333
206.10075094868048,-4.009087977348028,0.03333333333333333
207.95660184745404,-4.749047848537462,0.03333333333333333
209.68338049611896,-4.554083774059049,0.03333333333333333
208.907000978763,-4.195508295444852,0.03333333333333333
209.5359168247792,-4.145441774787234,0.03333333333333333
207.06075703775417,-5.590594207873474,0.03333333333333333
207.4724309569817,-4.720221683675825,0.03333333333333333
209.26799076523255,-6.019099453280302,0.03333333333333333
209.22962765551227,-5.5215434518423665,0.03333333333333333
209.32397828598442,-5.515851722394692,0.03333333333333333
210.71110760174787,-6.129363322644745,0.03333333333333333
210.7146324973245,-6.103536990697267,0.03333333333333333
209.69048660149858,-5.656378955723923,0.03333333333333333
209.9964009173357,-5.598152708539206,0.03333333333333333
209.3240001489177,-5.515808811066939,0.03333333333333333
209.8335641742529,-5.289298286562811,0.03333333333333333
210.70794581325802,-5.117068779749916,0.03333333333333333
204.6333571059852,-7.452384409906379,0.03333333333333333
204.8372534916629,-6.423972243893571,0.03333333333333333
205.63049544222767,-7.030933306908887,0.03333333333333333
206.07297920976262,-6.638938661129195,0.03333333333333333
207.9735607188505,-6.1742256348331415,0.03333333333333333
208.98638165225898,-7.484132933505204,0.03333333333333333
208.21190691161,-7.2889057141190525,0.03333333333333333
209.3452495489124,-7.003792146392355,0.03333333333333333
210.7088958191076,-7.110558301605778,0.03333333333333333
201.92937940030316,-8.653288121291096,0.03333333333333333
201.6226196236352,-8.552057568196316,0.03333333333333333
201.56363333305438,-8.330754801221937,0.03333333333333333
201.46063700505832,-7.843817532219442,0.03333333333333333
202.5153884348647,-7.652799352150383,0.03333333333333333
204.53553887890945,-8.631679978341149,0.03333333333333333
206.03483829721938,-8.534267914138718,0.03333333333333333
204.69229895835724,-7.732108218254858,0.03333333333333333
207.27368288384739,-8.821014702592953,0.03333333333333333
207.3412168342179,-7.4267822776607595,0.03333333333333333
207.26412515965538,-7.4269225347298935,0.03333333333333333
208.0099715639689,-7.965567540196769,0.03333333333333333
208.79114603868095,-8.52279498289425,0.03333333333333333
200.33657523401703,-10.073723106097312,0.03333333333333333
200.5262032373788,-9.88885831616492,0.03333333333333333
201.19630685481025,-9.343112292627694,0.03333333333333333
202.25465410904476,-9.608340421399447,0.03333333333333333
201.5212567425004,-9.37016927545501,0.03333333333333333
202.42395764997931,-8.77853420596282,0.03333333333333333
207.7174911066604,-10.194357015988384,0.03333333333333333
207.16670601170887,-9.986652574888282,0.03333333333333333
198.1183640318735,-10.5901002725042,0.03333333333333333
199.42038391290643,-10.183193478269848,0.03333333333333333
202.91878463199436,-11.37652066993024,0.03333333333333333
202.1118138648705,-11.323662452159695,0.03333333333333333
202.48722542118642,-10.838685365260892,0.03333333333333333
204.0386112531341,-10.644628507040343,0.03333333333333333
204.72353045702647,-10.327045375609252,0.03333333333333333
206.12550788844186,-11.160651987734797,0.03333333333333333
205.46537762340537,-10.841854885489148,0.03333333333333333
206.45882330895336,-10.771511417550228,0.03333333333333333
207.29155232380174,-10.46520030445848,0.03333333333333333
209.90759829999908,-10.397527607814565,0.03333333333333333
209.75240428934256,-10.129677230569786,0.03333333333333333
195.9065877412199,-12.795459691359847,0.03333333333333333
196.36962247076454,-12.398332768802188,0.03333333333333333
196.2182957489161,-12.37186182183362,0.03333333333333333
198.2623418309689,-12.409557092499607,0.03333333333333333
198.7832210949353,-12.518085580918815,0.03333333333333333
203.68593033082473,-11.481364217966735,0.03333333333333333
204.39139694845662,-12.053895006380927,0.03333333333333333
206.9175060414222,-12.272044513382413,0.03333333333333333
206.63512144466702,-11.97763223377381,0.03333333333333333
207.63885638270958,-12.278578148358983,0.03333333333333333
207.6016647682127,-11.643788434304273,0.03333333333333333
208.40402082461614,-11.509109731463525,0.03333333333333333
209.42654445422662,-12.836769136204193,0.03333333333333333
208.4935657419181,-12.531787533455205,0.03333333333333333
184.62907093085084,-13.524361325486787,0.03333333333333333
189.25066353593812,-13.00886479687068,0.03333333333333333
193.97819581811154,-14.057249558192337,0.03333333333333333
194.75339729526402,-13.578320344880119,0.03333333333333333
194.32737666051938,-13.279474222097466,0.03333333333333333
195.35261321114257,-13.96544222894464,0.03333333333333333
195.36307055333907,-13.913631031367546,0.03333333333333333
195.65536316260528,-13.126488955197306,0.03333333333333333
197.2839393578653,-14.169304565940392,0.03333333333333333
200.327260214908,-13.48664672420838,0.03333333333333333
199.92840674994304,-13.105297268473047,0.03333333333333333
201.1548543874287,-13.223100597128868,0.03333333333333333
202.90523592072688,-13.77996526430247,0.03333333333333333
203.33483310883668,-12.957894784116066,0.03333333333333333
203.74529493737472,-14.012699679257565,0.03333333333333333
203.8563344050616,-13.413308820655482,0.03333333333333333
204.04497267674807,-13.204765779334805,0.03333333333333333
205.79698794378436,-14.024598620917684,0.03333333333333333
205.53077264155658,-13.769304334282529,0.03333333333333333
206.50933963834737,-13.090231177648674,0.03333333333333333
207.09815897780413,-12.934109553263204,0.03333333333333333
207.41064757426528,-12.967880232575164,0.03333333333333333
208.71352133164572,-14.235745771728912,0.03333333333333333
210.46211602761298,-13.829598624380749,0.03333333333333333
209.7312661228944,-13.228407653980057,0.03333333333333333
181.7111039438237,-14.21553394093172,0.03333333333333333
187.03114693421784,-15.209038769814176,0.03333333333333333
186.63030702150044,-15.16667449086012,0.03333333333333333
186.25544741883732,-15.133421406001112,0.03333333333333333
187.25078594762218,-15.508518019781357,0.03333333333333333
189.26006228209985,-15.278740375443848,0.03333333333333333
189.52132492552693,-14.298441170437556,0.03333333333333333
191.42379746107338,-15.112269999485411,0.03333333333333333
191.72446460455245,-14.618408271206405,0.03333333333333333
192.68907136361557,-15.172579781217511,0.03333333333333333
193.5135004423539,-14.60795540370305,0.03333333333333333
192.7130538914233,-14.389916086934711,0.03333333333333333
193.6872028139141,-14.170532661479106,0.03333333333333333
192.7580188957391,-14.405047132372177,0.03333333333333333
194.9728646412278,-15.412041196746886,0.03333333333333333
194.13015291959584,-15.238096209462327,0.03333333333333333
194.42444994512402,-15.22156277669131,0.03333333333333333
195.1449247452037,-14.780677403719222,0.03333333333333333
194.32663252447716,-14.343376313244104,0.03333333333333333
195.54230219479203,-14.686692767894561,0.03333333333333333
196.37653778882446,-14.163796861028988,0.03333333333333333
198.00022870523387,-14.680268804180384,0.03333333333333333
198.44330871042905,-14.730655802938644,0.03333333333333333
199.310560065341,-14.346460480413047,0.03333333333333333
199.712509809839,-14.80333820142123,0.03333333333333333
201.03369500432527,-14.408235779605965,0.03333333333333333
201.40474205748023,-14.35489562938565,0.03333333333333333
202.52573835924915,-14.174315266611588,0.03333333333333333
202.7705034750565,-14.45073241642153,0.03333333333333333
205.90212433446217,-15.374046390469198,0.03333333333333333
207.50649155790643,-15.510966184417233,0.03333333333333333
207.967330643028,-15.31261910298984,0.03333333333333333
209.3966060889167,-15.253306722465586,0.03333333333333333
176.53216927105808,-0.4579777695914926,0.03333333333333333
178.19800706306424,-0.668799198555378,0.03333333333333333
179.9961382710176,-0.538366218566546,0.03333333333333333
181.1656791421168,-0.3964327915645777,0.03333333333333333
181.27966717380227,-0.11052801453383462,0.03333333333333333
180.34692325828544,0.4745788784794197,0.03333333333333333
183.06624544494187,-0.5647749352872001,0.03333333333333333
183.8562765767291,0.4313885968443522,0.03333333333333333
184.92697211199052,-0.30595397859355666,0.03333333333333333
185.27936721017497,0.4613231011053807,0.03333333333333333
186.67269731032096,-0.3347511966887692,0.03333333333333333
188.17323029456745,0.05733727989196093,0.03333333333333333
187.1144254010088,0.6298975267332533,0.03333333333333333
173.86843898709634,-1.173225786274792,0.03333333333333333
174.72637589379798,-1.6428088681911317,0.03333333333333333
174.7681233226218,-1.4402891840929772,0.03333333333333333
175.8164133589238,-1.3950092534264706,0.03333333333333333
176.51058556783028,-1.859556508787152,0.03333333333333333
178.19803381207012,-0.6688280067157996,0.03333333333333333
178.2789807839113,-0.7534990973144962,0.03333333333333333
179.40453053145168,-2.026996683135112,0.03333333333333333
179.84786691879842,-1.7228572218896734,0.03333333333333333
181.36374039468743,-2.0348793555275577,0.03333333333333333
180.04674072704597,-1.946823996795067,0.03333333333333333
181.38532437886676,-1.7772306406674534,0.03333333333333333
181.36377718031352,-2.0348700677974736,0.03333333333333333
183.81343790615867,-1.5946745490378629,0.03333333333333333
183.41164031698213,-1.2934275172309344,0.03333333333333333
185.11998162334305,-1.8391750369277204,0.03333333333333333
185.48261972911098,-1.593344147053986,0.03333333333333333
186.2268997013242,-1.4643572013240602,0.03333333333333333
187.311049563872,-1.365324370079482,0.03333333333333333
187.07243113156449,-0.728393402188983,0.03333333333333333
173.60216658108814,1.1543503176286625,0.03333333333333333
174.342406735642,1.816372111607291,0.03333333333333333
175.57152643072948,1.2680463269070683,0.03333333333333333
174.754953761198,1.3365422889920364,0.03333333333333333
174.70396229152962,2.0518388365623146,0.03333333333333333
176.17601711838367,1.0126642731290956,0.03333333333333333
176.4317054523891,1.0784890628194503,0.03333333333333333
179.48330697968646,0.6487646326323091,0.03333333333333333
179.45009797912257,1.7224646334516018,0.03333333333333333
180.15952618608105,1.2129112212203663,0.03333333333333333
182.5937438336749,0.8339468327896736,0.03333333333333333
182.54618613184985,1.0294105146017214,0.03333333333333333
182.10718354629918,1.0654288965409666,0.03333333333333333
181.7517098625927,1.1990112046487067,0.03333333333333333
182.07316434918567,1.5403006732607556,0.03333333333333333
182.78784377326684,1.7804513015111867,0.03333333333333333
186.02626911438938,0.7501115320338491,0.03333333333333333
186.60695921967758,1.2679416583975578,0.03333333333333333
186.81432661273635,1.5375555177320166,0.03333333333333333
186.76932960284316,0.6654212396891858,0.03333333333333333
187.72629290525725,0.9640254113499284,0.03333333333333333
187.0663127889704,1.828815876976476,0.03333333333333333
174.1885156408191,-3.2454104832572845,0.03333333333333333
173.78762017320943,-2.671029864496939,0.03333333333333333
174.4534314789988,-2.2302052837419986,0.03333333333333333
175.5609804603061,-2.53146576861475,0.03333333333333333
175.5323595607193,-2.470041958704415,0.03333333333333333
177.16039179299582,-2.590161024880334,0.03333333333333333
178.36942473779808,-3.2302373589059243,0.03333333333333333
177.91908255373727,-2.9980439932285683,0.03333333333333333
178.43932587217319,-2.7223441588813753,0.03333333333333333
179.1098232515024,-3.235884623466581,0.03333333333333333
179.66214199100975,-2.13252384921718,0.03333333333333333
180.11625872120902,-3.3809818524674586,0.03333333333333333
181.31583811226784,-2.706276551980267,0.03333333333333333
180.09052922878223,-2.1622933422837725,0.03333333333333333
182.10992401154323,-3.3113914028423483,0.03333333333333333
181.71869767753066,-2.7386946746940217,0.03333333333333333
181.3638167224482,-2.0349540007618967,0.03333333333333333
183.30344658214636,-2.744717589334749,0.03333333333333333
185.34256230787972,-2.2476956973408946,0.03333333333333333
184.52327797119065,-2.251013322397389,0.03333333333333333
185.71874637491143,-2.0157439199106,0.03333333333333333
188.1507145595841,-3.3109574943678086,0.03333333333333333
346.93987509101737,-16.520450797224374,0.03333333333333333
346.72324155700164,-15.869383477550635,0.03333333333333333
347.7056946340619,-15.508358999013225,0.03333333333333333
326.8688312470322,-21.3637492860274,0.03333333333333333
324.86156951906804,-22.66037812001801,0.03333333333333333
348.39379874234254,-38.143913471860344,0.03333333333333333
37.060506683759826,-39.267782818411305,0.03333333333333333
38.733937270585145,-38.51165406682597,0.03333333333333333
38.91924123138042,-40.06335849152576,0.03333333333333333
38.182188008564346,-39.5738824343745,0.03333333333333333
10.082789952303154,-43.171885062058564,0.03333333333333333
37.209294220925706,-44.33680648641513,0.03333333333333333
322.87304717093946,-45.697352338099286,0.03333333333333333
324.378027777123,-44.65543595146816,0.03333333333333333
325.6840282122797,-47.29137010940606,0.03333333333333333
59.56052015130132,-49.709797095522546,0.03333333333333333
333.02456481424275,-49.45491084638184,0.03333333333333333
333.33958572365736,-48.6690217690871,0.03333333333333333
39.623438336162145,-50.83995857685694,0.03333333333333333
317.31953210661936,-58.645527946181936,0.03333333333333333
321.8893192425199,-59.31607080492506,0.03333333333333333
150.30682541793854,-0.2095724414862372,0.03333333333333333
150.56596957389203,-0.18215733522440825,0.03333333333333333
200.0845279656676,-0.5744767991966742,0.03333333333333333
200.1063724813164,0.7067634675920942,0.03333333333333333
200.3950643473272,0.5357989310598552,0.03333333333333333
200.39511678356286,0.5357492629849118,0.03333333333333333
150.4773589204132,0.7572111474719443,0.03333333333333333
150.1052847597245,1.98112094981873,0.03333333333333333
151.237711841836,2.7067044926485995,0.03333333333333333
150.98658158403748,3.633689547383272,0.03333333333333333
216.14039477088767,4.989605677456945,0.03333333333333333
216.61338707559761,5.065007143584472,0.03333333333333333
216.7245347178442,5.421495966728137,0.03333333333333333
220.36682124265732,5.864515543127946,0.03333333333333333
172.54528964203305,-12.43047388625244,0.03333333333333333
172.50842865507803,-12.037037868255615,0.03333333333333333
213.3330872843934,-25.699358863371724,0.03333333333333333
215.01022867267537,-26.30320790332139,0.03333333333333333
214.93097028504337,-25.627419995825296,0.03333333333333333
216.2048156167939,-25.54139081438825,0.03333333333333333
215.9134264875471,-25.10120794602193,0.03333333333333333
223.55876053355632,-25.36657382299475,0.03333333333333333
