ID RA DEC Redshift
SDSSJ100215.84-001056.2 150.56599 -0.18226843 0.3531285524368286
SDSSJ113424.51+010915.4 173.60214 1.1542757 0.017150087282061577
SDSSJ114607.72-002728.9 176.53216 -0.45802681 0.01305977813899517
SDSSJ003314.83+001203.7 8.3117996 0.20101874 0.013785910792648792
SDSSJ003934.82+005135.6 9.8951018 0.85988943 0.014611596241593361
SDSSJ005959.59-005157.2 14.998308 -0.8658975 0.16633830964565277
SDSSJ005904.11+010004.1 14.767141 1.0011388 0.017820388078689575
SDSSJ010907.97+010715.5 17.283221 1.1209854 0.003895253874361515
SDSSJ012646.58-003845.9 21.694099 -0.64608289 0.006399862933903933
SDSSJ003208.54-005303.8 8.0355773 -0.88438087 1.3410943746566772
SDSSJ002916.81-010021.2 7.3200415 -1.0059017 0.013344253413379192
SDSSJ002951.46+004159.8 7.4644222 0.6999389 0.3146156668663025
SDSSJ004918.54+011308.9 12.327232 1.219143 1.3440120220184326
SDSSJ005541.32-005630.8 13.922146 -0.94188374 0.015030237846076488
SDSSJ005415.56-010456.3 13.564818 -1.0823148 0.015223330818116665
SDSSJ012405.74+005905.0 21.023901 0.984723 0.00687657855451107
SDSSJ012753.05+003817.3 21.97104 0.63815 0.15197719633579254
SDSSJ005712.60-002157.6 14.302516 -0.366003 0.009372380562126637
SDSSJ004335.14-003729.8 10.896403 -0.62495218 -3.840235422103433e-06
SDSSJ003625.39-002907.3 9.1058116 -0.4853652 0.30857253074645996
SDSSJ001435.00-004352.0 3.645817 -0.73112 0.012847534380853176
SDSSJ001428.83-004444.0 3.620113 -0.745546 0.01358651090413332
SDSSJ114526.30+000014.6 176.3596 0.004063787 0.013137465342879295
SDSSJ121214.73+000420.3 183.06137 0.072311613 0.007831381633877754
SDSSJ114818.19-013823.9 177.07581 -1.6399604 0.013033715076744556
SDSSJ120110.29-011746.3 180.29287 -1.2961962 0.004989050794392824
SDSSJ220834.09+003042.7 332.14204 0.51185059 0.013634989969432354
SDSSJ230351.64+010651.0 345.96517 1.1141683 -1.4441603525483515e-05
SDSSJ002507.43+001845.6 6.2809564 0.31267512 0.010906295850872993
SDSSJ012213.86+005731.4 20.55775 0.95872957 0.007370840758085251
SDSSJ025557.26+004133.4 43.988596 0.69261652 0.013862529769539833
SDSSJ030715.63+004352.1 46.815145 0.73113707 0.010046225972473621
SDSSJ115748.00+014320.8 179.45 1.722435 1.3651808500289917
SDSSJ230405.23-001140.4 346.02181 -0.19454328 0.32296714186668396
SDSSJ011207.48-005955.6 18.031155 -0.998785 0.012564526870846748
SDSSJ010907.60+000649.8 17.28167 0.113844 1.3720229864120483
SDSSJ011247.13+005921.6 18.196367 0.989342 0.0035812731366604567
SDSSJ011340.45+005239.2 18.418543 0.877542 0.00381461507640779
SDSSJ012213.13+005701.2 20.554718 0.950337 0.007479434367269278
SDSSJ013400.42-010358.3 23.50173 -1.066192 0.016021564602851868
SDSSJ003234.63-001557.1 8.144271500000002 -0.26586529 3.2317986488342285
SDSSJ010336.41-005508.6 15.90169600000002 -0.9190677 2.4518537521362305
SDSSJ011230.56+001441.5 18.12732599999998 0.24486078 3.2418148517608643
SDSSJ013034.18-002106.6 22.64241700000002 -0.3518384 3.2350919246673584
SDSSJ012226.77+000327.5 20.61152199999998 0.057651902 2.483975887298584
SDSSJ020025.41+002916.6 30.105886 0.48795799 0.312644898891449
SDSSJ021617.19-011046.9 34.07162499999998 -1.1797059 3.2646379470825195
SDSSJ021854.74-004809.6 34.72808600000002 -0.8026725 7.110885781003162e-05
SDSSJ011818.14+001455.3 19.57556399999999 0.24868711 1.371575117111206
SDSSJ011128.39+000143.8 17.86828300000002 0.028819758 0.7650137543678284
SDSSJ010925.97-003739.1 17.35819500000002 -0.62752001 1.3594541549682617
SDSSJ010918.56+005419.4 17.32734699999997 0.90537702 1.3557300567626953
SDSSJ011253.09+005921.7 18.221226 0.98936537 0.0036829907912760973
SDSSJ012110.75-005037.2 20.29478699999999 -0.84366598 1.3514631986618042
SDSSJ011532.90-005200.2 18.887069 -0.86673433 0.005761287175118923
SDSSJ013303.18+005102.7 23.26326599999999 0.85074697 0.31281334161758423
SDSSJ215751.28-014916.0 329.4636499999999 -1.8211202 -0.0009695565677247941
SDSSJ215618.87-011035.3 329.07862 -1.1764606 0.016175370663404465
SDSSJ220242.61-012528.1 330.6775600000001 -1.4244673 1.3761225938796997
SDSSJ220851.96-010603.8 332.21651 -1.101054 0.3516475558280945
SDSSJ025628.43+003628.3 44.118473 0.60786063 0.009188669733703136
SDSSJ025607.24+011038.7 44.03017 1.1774222 1.3485822677612305
SDSSJ030630.33-000623.0 46.626391 -0.10637626 0.1058659628033638
SDSSJ030449.86-000813.4 46.207754 -0.13706169 3.2877440452575684
SDSSJ030434.75-002830.8 46.144794 -0.47523169 0.0056119756773114204
SDSSJ030457.97+005714.1 46.241535 0.95391523 0.01211142260581255
SDSSJ020827.07-005208.2 32.112779 -0.86893213 1.3405041694641113
SDSSJ021810.52-010147.5 34.543839 -1.0298477 1.3513705730438232
SDSSJ023248.72+005138.8 38.202988 0.86077236 0.34399640560150146
SDSSJ024420.38+004029.0 41.084916 0.67473374 0.00926607009023428
SDSSJ030412.51-011133.8 46.052118 -1.1927121 0.012855948880314827
SDSSJ031129.70-001701.5 47.873731 -0.28375644 1.3608474731445312
SDSSJ022530.93-005007.0 36.378883 -0.83528203 0.058989595621824265
SDSSJ034602.53-000058.7 56.510552 -0.016296 0.30842792987823486
SDSSJ034125.37+002546.3 55.355723 0.429528 0.3216199576854706
SDSSJ142653.88+052517.3 216.72451 5.4214744 0.32278528809547424
SDSSJ144128.03+055152.4 220.36681 5.8645442 0.027212414890527725
SDSSJ144257.70+045338.9 220.74043 4.8941292 0.005154753569513559
SDSSJ023335.37-010744.7 38.39737300000002 -1.129084 0.3674398362636566
SDSSJ023020.94+001355.5 37.587266 0.232087 0.3348298966884613
SDSSJ023322.61+005059.6 38.34419800000001 0.84988349 0.00015475710097234696
SDSSJ024234.94-010351.9 40.64557600000001 -1.064427 1.3697514533996582
SDSSJ025910.39-002239.8 44.79328399999997 -0.377719 0.35989078879356384
SDSSJ025252.02-002211.8 43.216769 -0.36994777 1.3701097965240479
SDSSJ115247.51-004007.7 178.19797 -0.66879376 0.004619196988642216
SDSSJ120026.29-010607.8 180.10953 -1.1021667 0.00506423506885767
SDSSJ120020.10-010623.4 180.08377 -1.106491 0.00448679830878973
SDSSJ120038.28+011246.3 180.15948 1.2128693 1.3584496974945068
SDSSJ120123.24+002828.4 180.34685 0.4745465 1.3673779964447021
SDSSJ121043.56-003907.3 182.68148 -0.65201896 0.3310913145542145
SDSSJ004400.27+004724.7 11.00110999999998 0.79019504 0.3446032702922821
SDSSJ020115.53+003135.0 30.31471199999999 0.52640102 0.3622753322124481
SDSSJ010619.24+004823.3 16.58018700000002 0.80647784 4.440167427062988
SDSSJ114329.34-020319.7 175.87226 -2.0554768 3.3037068843841553
SDSSJ120021.77-024331.0 180.09069 -2.7252888 3.2481958866119385
SDSSJ115754.25-013815.8 179.47604 -1.6377307 4.415555000305176
SDSSJ115712.37-024111.3 179.30156 -2.6864619 0.004649951588362455
SDSSJ115314.11-032432.1 178.3088 -3.408914 0.0041430434212088585
SDSSJ115328.65-031347.3 178.36937 -3.2298046 0.004830950405448675
SDSSJ115132.94-022222.1 177.88725 -2.372798 0.003524287138134241
SDSSJ115237.68-022806.4 178.15699 -2.4684419 0.0035330932587385178
SDSSJ120047.43-032512.4 180.19764 -3.4201111 0.004978012293577194
SDSSJ135653.53-023852.0 209.22304 -2.6477659 0.012113366276025772
SDSSJ135204.18-020749.1 208.01743 -2.1303001 0.014546026475727558
SDSSJ204340.04+002853.4 310.91682 0.48151376 0.3165498375892639
SDSSJ204956.62-001201.7 312.48591 -0.20048362 0.36902621388435364
SDSSJ204720.76+000007.7 311.83652 0.0021361666 3.0715000320924446e-05
SDSSJ204910.97+001557.3 312.29569 0.26590729 0.36262980103492737
SDSSJ205316.77+005920.9 313.31988 0.98915183 4.333379745483398
SDSSJ205352.04-001601.6 313.46682 -0.26710468 0.36249497532844543
SDSSJ210014.12+004446.0 315.05882 0.74610065 -0.0001113781618187204
SDSSJ214639.54+011033.2 326.66475 1.175899 0.014947320334613323
SDSSJ205424.61+010543.6 313.60254 1.095448 0.01332031562924385
SDSSJ223149.98-005109.1 337.95823 -0.8525175 0.1531996876001358
SDSSJ223036.80-000637.0 337.65332 -0.11026706 0.0052727339789271355
SDSSJ223439.93+004127.2 338.66636 0.69089559 0.0001388813543599099
SDSSJ223508.41-005359.5 338.78504 -0.89985239 0.3278794586658478
SDSSJ223633.54+002652.6 339.13973 0.44793182 1.3543906211853027
SDSSJ224352.19-002300.0 340.96744 -0.38333539 0.009667268954217434
SDSSJ121855.80+020002.2 184.73252 2.000607 0.3270913064479828
SDSSJ122011.45+015730.8 185.04771 1.9585667 0.00679063843563199
SDSSJ121953.20+014624.6 184.97168 1.7735022 0.006680780090391636
SDSSJ122815.96+014944.1 187.06652 1.8289136 0.003041481599211693
SDSSJ135519.66+012917.2 208.83193 1.4881147 0.012863739393651485
SDSSJ100059.09+032751.5 150.24619 3.4642971 0.006579014007002115
SDSSJ204626.11+002337.7 311.60879 0.393809 0.3320327699184418
SDSSJ203801.76+001518.1 309.50732 0.255019 0.3223283886909485
SDSSJ221934.32-010417.2 334.89302 -1.071454 -8.559315756428987e-05
SDSSJ222100.03+010543.3 335.25014 1.0953482 -0.00012560612231027335
SDSSJ214056.64-002553.1 325.23598 -0.431403 -0.0007911901921033859
SDSSJ214459.88+000234.2 326.2495 0.042824 -0.000886897963937372
SDSSJ215002.70+011343.8 327.51124 1.2288411 3.2926201820373535
SDSSJ221813.90+001625.1 334.5579299999999 0.27365 0.33265557885169983
SDSSJ222332.83-010614.9 335.88681 -1.1041356 2.453535795211792
SDSSJ223649.60+005413.5 339.20668 0.90375844 3.313253879547119
SDSSJ224114.14-003714.9 340.3089 -0.62080001 0.005949517246335745
SDSSJ225149.75-002811.7 342.9572800000001 -0.46992452 3.2290024757385254
SDSSJ235546.15-002343.0 358.94228 -0.39527 3.2469112873077393
SDSSJ233438.54+002341.8 353.66059 0.39494901 1.3915729522705078
SDSSJ231652.05+005125.9 349.21687 0.857197 3.2295327186584473
SDSSJ224956.09+000218.2 342.4837 0.038386003 3.3081398010253906
SDSSJ233300.23-002030.6 353.25094 -0.34182101 3.323340892791748
SDSSJ233522.69-000635.3 353.84455 -0.109802 1.376104474067688
SDSSJ121942.46-001821.4 184.92691 -0.30593417 1.338140845298767
SDSSJ122130.97+010727.9 185.37906 1.1244127 1.3702797889709473
SDSSJ122704.47-005420.5 186.76864 -0.90569574 0.007346147671341896
SDSSJ122622.71-011512.3 186.59463 -1.2534244 0.006648483220487833
SDSSJ122641.42-002005.1 186.6726 -0.33474192 0.35326582193374634
SDSSJ122958.85+000138.0 187.4952 0.027217958 0.008045803755521774
SDSSJ113904.34-012625.2 174.76807 -1.4403307 1.379645586013794
SDSSJ120515.80-024222.7 181.31585 -2.7062928 -0.00012764922576025128
SDSSJ123148.02-025812.8 187.95008 -2.9702337 0.0077760424464941025
SDSSJ122622.59-011518.0 186.59411 -1.2550122 0.006608161609619856
SDSSJ122946.24-011742.3 187.44266 -1.2950821 0.007539903745055199
SDSSJ215417.99+005631.7 328.57496 0.94213116 0.00992741622030735
SDSSJ215619.81-011003.6 329.08253 -1.1676659 0.01628320850431919
SDSSJ215613.85-010943.3 329.05769 -1.1620155 0.016100581735372543
SDSSJ231041.98-010948.5 347.67491 -1.1634723 0.01234630960971117
SDSSJ232812.31-010345.7 352.0513 -1.0626984 0.008667918853461742
SDSSJ232555.50-003710.8 351.48125 -0.61966412 0.3318917155265808
SDSSJ232035.20-005251.2 350.14666 -0.88089692 0.014591525308787823
SDSSJ233540.09+011153.4 353.91706 1.1981547 0.008727961219847202
SDSSJ233521.03+011027.6 353.83761 1.1743461 0.08519142121076584
SDSSJ233646.84+003724.5 354.19518 0.62346769 0.008815760724246502
SDSSJ233722.02+002239.0 354.34175 0.37749261 1.3792706727981567
SDSSJ001739.96+003022.4 4.416511 0.50621391 0.0173141211271286
SDSSJ002519.92+003131.2 6.3330101 0.52532646 0.014086768962442875
SDSSJ002753.84-005800.6 6.9743469 -0.9668345 0.01449386402964592
SDSSJ012354.76+001656.2 20.978151 0.28229086 0.01830710656940937
SDSSJ022417.20+000626.0 36.071663 0.10721585 0.0677519142627716
SDSSJ022714.48+010536.1 36.810348 1.0933602 0.34858590364456177
SDSSJ023628.77-005829.9 39.119862 -0.97496223 0.008295929990708828
SDSSJ024630.37-001431.5 41.626522 -0.24208687 0.009714987128973007
SDSSJ025216.81+001741.2 43.070022 0.29478727 0.005246135406196117
SDSSJ025426.12-004122.7 43.608848 -0.6896386 0.014786223880946636
SDSSJ032244.91+004442.4 50.687132 0.74510684 0.30429449677467346
SDSSJ033331.39+005831.7 53.380785 0.97548156 0.9936339259147644
SDSSJ034427.74-002740.3 56.115584 -0.46120158 0.04114043712615967
SDSSJ033821.51+003106.4 54.589645 0.51844802 1.3515472412109375
SDSSJ034247.71+010932.9 55.69881 1.1591361 0.35995760560035706
SDSSJ100315.45+020543.1 150.81437 2.0953093 0.005819059442728758
SDSSJ114939.60+014625.1 177.41498 1.7736516 1.3633081912994385
SDSSJ231231.37-011137.5 348.13072 -1.1937498 1.3663289546966553
SDSSJ232420.34-000625.1 351.08476 -0.10696469 0.00891138892620802
SDSSJ232524.42+004612.0 351.35173 0.77001162 0.014961065724492073
SDSSJ233159.75-004818.9 352.99894 -0.80525529 0.017709357663989067
SDSSJ233025.50-000510.9 352.60626 -0.086357706 0.3200126588344574
SDSSJ232457.76+002153.3 351.24067 0.36479785 0.34461596608161926
SDSSJ100539.87+040914.7 151.41614 4.1540907 1.3557075262069702
SDSSJ142627.19+050354.0 216.61331 5.0649955 0.34629642963409424
SDSSJ000236.39+003734.8 0.65162408 0.62632166 0.2981564998626709
SDSSJ222956.55+003126.4 337.48561 0.52398865 1.3394863605499268
SDSSJ223729.87-010549.1 339.37446 -1.096982 -0.0009409008198417723
SDSSJ230030.10-003006.0 345.12542 -0.50166001 0.30850428342819214
SDSSJ230201.20+003047.1 345.50501 0.51307949 1.345332384109497
SDSSJ234038.42-005330.8 355.16008 -0.89190163 0.018826942890882492
SDSSJ233731.79+002559.6 354.38245 0.43322609 0.3138214945793152
SDSSJ000128.88+004232.4 0.37031399 0.70898758 0.3202899396419525
SDSSJ000918.76-003907.2 2.3281774 -0.65200332 0.31634095311164856
SDSSJ001912.40+000319.7 4.8016544 0.055480558 1.370976209640503
SDSSJ001628.26+010801.9 4.1177406 1.1338487 0.010366003960371017
SDSSJ001526.53+001813.1 3.8605274 0.30364724 1.3651775121688843
SDSSJ011258.59+005832.3 18.244129 0.9756504 0.004103200044482946
SDSSJ011542.19+002300.3 18.925783 0.38340584 1.3725959062576294
SDSSJ011829.64+004549.4 19.623481 0.76372123 0.3136635422706604
SDSSJ012356.36+001230.6 20.984814 0.20849277 0.007994464598596096
SDSSJ012627.05+005852.0 21.612717 0.98111814 0.008064182475209236
SDSSJ012926.60-011159.1 22.360814 -1.1997428 0.01637096330523491
SDSSJ020200.07-000921.1 30.500281 -0.15586804 1.3572136163711548
SDSSJ001745.55-002022.5 4.4398097 -0.33957808 0.31811007857322693
SDSSJ005159.73-002921.4 12.998885 -0.48927707 0.005384108517318964
SDSSJ020922.00-005455.6 32.341666 -0.91544007 1.3707114458084106
SDSSJ030757.55+000711.9 46.989794 0.11998386 1.3425660133361816
SDSSJ033310.10+000849.1 53.292088 0.146982 0.3268852233886719
SDSSJ210455.31-003522.2 316.23047 -0.58951235 0.004654172342270613
SDSSJ012120.89+000533.0 20.337055 0.092493 0.012509738095104694
SDSSJ001137.30+011457.0 2.9054062 1.2491624 0.3198268711566925
SDSSJ205712.69+001211.3 314.30288 0.20315023 0.3346914052963257
SDSSJ034428.51-004135.3 56.118809 -0.6931448 0.3213578760623932
SDSSJ031428.26+004506.7 48.617756 0.75186801 0.334221750497818
SDSSJ031937.30-002641.1 49.905417 -0.44473731 1.3747345209121704
SDSSJ033226.30-011126.2 53.109602 -1.190619 1.3615583181381226
SDSSJ034517.02-001549.9 56.320906 -0.2638585 1.334110140800476
SDSSJ034408.26-003105.9 56.034411 -0.51829283 1.6501365900039673
SDSSJ030102.49-004413.6 45.260366 -0.73709744 0.00898989662528038
SDSSJ031258.36-000453.7 48.243154 -0.081581696 0.11734645813703537
SDSSJ221241.54+003042.8 333.1731 0.51188445 0.01377107948064804
SDSSJ221846.76-011119.1 334.69485 -1.1886457 0.331407755613327
SDSSJ034019.90+010330.7 55.082914 1.0585296 0.32158172130584717
SDSSJ031618.00-003025.2 49.075006 -0.50700749 0.31648048758506775
SDSSJ030103.76-004444.8 45.265646 -0.745785 0.008740347810089588
SDSSJ025153.04-010929.2 42.970999 -1.158109 0.005093492567539215
SDSSJ025625.33+003429.2 44.105531 0.574785 0.013425735756754875
SDSSJ024625.36-002957.3 41.60567 -0.49924 0.005054784007370472
SDSSJ023641.64-000106.0 39.17348 -0.018333 0.0037939425092190504
SDSSJ022828.83-010854.1 37.120143 -1.148365 0.005421595647931099
SDSSJ022719.31+010132.0 36.830478 1.02556 0.01459476351737976
SDSSJ021529.03-005314.9 33.870951 -0.88747694 1.3686062097549438
SDSSJ013304.52+000355.9 23.268845 0.065529 1.3686764759768266e-05
SDSSJ000834.96+002708.3 2.1456496 0.45230878 0.33240002393722534
SDSSJ233726.22+002315.9 354.35926 0.387757 0.009132811799645424
SDSSJ232421.33-000629.4 351.08887 -0.10817 0.00891774334013462
SDSSJ232331.33+010806.0 350.88055 1.1350056 -2.7582262191572227e-05
SDSSJ231351.88-011031.2 348.46617 -1.175339 0.012219169177114964
SDSSJ223543.94-003931.4 338.93307 -0.658733 2.6737889129435644e-05
SDSSJ223105.91-001144.3 337.77463 -0.19565 0.00518235145136714
SDSSJ222021.17+004039.3 335.0882 0.67757074 0.3288438618183136
SDSSJ221953.87+002904.6 334.97446 0.48462 0.08710122853517532
SDSSJ220150.08-004227.1 330.45865 -0.70754 0.017157969996333122
SDSSJ215902.91-003318.5 329.76212 -0.55513 0.00988002959638834
SDSSJ215856.88+010107.1 329.737 1.018632 0.010342113673686981
SDSSJ210247.89+000934.8 315.69954 0.15968 0.013777594082057476
SDSSJ034907.93+010943.4 57.28304 1.1620583 0.013555004261434078
SDSSJ215922.03-002243.1 329.8418 -0.378627 -0.000597357633523643
SDSSJ215824.24-004413.7 329.601 -0.737139 0.016219547018408775
SDSSJ215617.30-011008.0 329.07209 -1.168887 0.01589096523821354
SDSSJ220951.35+010859.8 332.46397 1.149948 0.14852333068847656
SDSSJ221852.64-010310.3 334.71933 -1.05285 0.01644160971045494
SDSSJ233104.40-004237.2 352.76833 -0.710329 1.3559372425079346
SDSSJ233721.66+002329.3 354.34025 0.391483 0.008849144913256168
SDSSJ002237.91+000519.0 5.657951 0.088611 1.3725605010986328
SDSSJ002713.67-011017.3 6.806959 -1.17148 0.39179185032844543
SDSSJ003323.23-010742.3 8.346801 -1.128411 0.006813519634306431
SDSSJ010746.44+010349.2 16.94352 1.063676 0.002152279019355774
SDSSJ011532.60-005048.4 18.885836 -0.846785 0.005700410809367895
SDSSJ024625.43-003010.1 41.605968 -0.502817 0.004817950073629618
SDSSJ025150.90-011049.4 42.962091 -1.180395 0.0049192532896995544
SDSSJ025155.20-010950.1 42.979997 -1.163927 0.005128068849444389
SDSSJ025052.20+000017.4 42.717486 0.004835 0.005269419401884079
SDSSJ025404.70+002450.6 43.519582 0.414063 0.014789623208343983
SDSSJ025455.14+000631.9 43.729733 0.10887 0.01411166600883007
SDSSJ030427.42-003538.7 46.114269 -0.594071 0.23002037405967712
SDSSJ211200.85-001649.0 318.00353 -0.28028 0.01193905994296074
SDSSJ211246.28+002323.6 318.19282 0.389891 -8.063955465331674e-05
SDSSJ122412.89+003359.0 186.05372 0.566379 0.006759791634976864
SDSSJ022628.29+010937.8 36.617888 1.1605034 0.005126411560922861
SDSSJ120635.64+001452.3 181.64851 0.247871 -0.0003254727926105261
SDSSJ033458.48-000743.9 53.743661 -0.12886023 1.355521559715271
SDSSJ031845.17-001845.4 49.688225 -0.31260498 3.2215988636016846
SDSSJ003859.33-004252.3 9.747228000000007 -0.7145214 2.5117387771606445
SDSSJ003741.12+003320.2 9.421335399999975 0.55560472 0.014456631615757942
SDSSJ004415.82-004303.1 11.06593700000002 -0.71753499 3.24807071685791
SDSSJ114643.11+011118.6 176.67962 1.1885061 3.22078537940979
SDSSJ120920.53-002855.4 182.33556 -0.48204204 3.2372052669525146
SDSSJ122625.66+011604.6 186.6069 1.2679339 2.4788973331451416
SDSSJ122707.13+010811.4 186.7797 1.1364941 2.1885383129119873
SDSSJ132023.46-004730.9 200.09775 -0.79191678 3.255718946456909
SDSSJ135727.66-004628.9 209.36526 -0.77468757 0.0006899875588715076
SDSSJ213245.97-003818.3 323.1915300000001 -0.63841609 0.38369056582450867
SDSSJ230428.33+005701.3 346.1180400000001 0.95035435 0.31681495904922485
SDSSJ231633.70-001813.9 349.1404 -0.30385999 0.5841919779777527
SDSSJ230855.49+003705.7 347.23122 0.61824398 1.7830164432525635
SDSSJ232423.10-000630.4 351.09623 -0.10845746 0.008985850028693676
SDSSJ234440.54-001205.8 356.1689 -0.201624 5.453393896459602e-05
SDSSJ235718.36+004350.4 359.32651 0.73065817 4.366762638092041
SDSSJ000637.99-003656.3 1.658311000000026 -0.61562688 4.435016632080078
SDSSJ000809.35+004935.6 2.0389409 0.82654799 3.293405055999756
SDSSJ025100.65+001707.2 42.752703 0.28533551 2.4662647247314453
SDSSJ231259.07+010805.6 348.24613 1.1349014 3.2956037521362305
SDSSJ002940.02+010528.6 7.416759000000013 1.091264 1.3876323699951172
SDSSJ023230.64-011654.6 38.12765899999999 -1.281822 1.3651466369628906
SDSSJ214155.04-011734.3 325.47933 -1.2928615 3.291167736053467
SDSSJ220954.57-012717.7 332.47739 -1.45491 3.2962398529052734
SDSSJ222923.01-020042.8 337.34587 -2.0118825 3.2946689128875732
SDSSJ113722.20+014858.7 174.3425099999999 1.8163158 -0.00022350589279085398
SDSSJ121119.52+012953.6 182.83133 1.4982242 0.007302126381546259
SDSSJ145344.51+045645.8 223.43547 4.9460667 3.3287923336029053
SDSSJ142710.79+050758.6 216.79497 5.1329319 0.005376163404434919
SDSSJ022828.78-010859.4 37.11992199999997 -1.149832 0.005384107120335102
SDSSJ022758.19+000225.3 36.99247400000002 0.0403716 1.0648971796035767
SDSSJ023602.02+002457.6 39.00842 0.415998 0.008783228695392609
SDSSJ034908.13+010951.9 57.283871 1.164414 0.013709699735045433
SDSSJ224531.20-004509.5 341.38001 -0.752626 1.3727058172225952
SDSSJ004207.09-010130.4 10.529562 -1.0251077 0.013950571417808533
SDSSJ121435.25-015924.5 183.64687 -1.9901346 3.2335617542266846
SDSSJ213455.08+001056.9 323.7294999999999 0.18246048 3.288609504699707
SDSSJ230444.16-010251.7 346.1840099999999 -1.047689 1.3776322603225708
SDSSJ001950.06-004040.8 4.958577900000023 -0.67800979 4.3490753173828125
SDSSJ024059.15+004545.8 40.24647499999998 0.76273096 3.2337698936462402
SDSSJ023635.69-003203.6 39.14871699999998 -0.534332 1.3620915412902832
SDSSJ024852.87-002042.3 42.22029800000001 -0.34509634 0.009015650488436222
SDSSJ011257.98+005836.8 18.24159600000002 0.97690097 0.004078993108123541
SDSSJ220529.34-003110.7 331.37225 -0.519646 2.451643466949463
SDSSJ213606.59-002735.9 324.02746 -0.45996071 1.5494308471679688
SDSSJ222403.36-005724.2 336.01401 -0.956729 0.3134937584400177
SDSSJ000230.71+004959.1 0.6279739999999947 0.83307 1.3550816774368286
SDSSJ011531.91-005144.5 18.882952 -0.862364 0.0057940492406487465
SDSSJ235805.26-012154.0 359.5219099999999 -1.364988 1.3673704862594604
SDSSJ004243.87+011702.0 10.68279699999999 1.2838834 1.366474986076355
SDSSJ001753.83+005057.6 4.47428450000001 0.8493461 1.3576345443725586
SDSSJ003117.70+001705.1 7.823760199999981 0.28474017 4.336455345153809
SDSSJ003714.12-005604.1 9.308815999999979 -0.93448298 4.36165189743042
SDSSJ003545.86+002305.9 8.941073000000017 0.384986 3.2407162189483643
SDSSJ004537.05-004819.5 11.40436699999998 -0.80541028 0.30723991990089417
SDSSJ005343.78+012147.7 13.432433 1.363237 1.3572555780410767
SDSSJ010413.86-011552.2 16.05776900000001 -1.2644867 1.3658679723739624
SDSSJ221546.92-015906.6 333.9455 -1.9851678 1.361212968826294
SDSSJ224114.58-003700.6 340.31075 -0.61683516 0.005864477250725031
SDSSJ225411.97-004949.6 343.5498600000001 -0.8304352 3.297503709793091
SDSSJ225358.85-011721.0 343.49522 -1.2891663 1.3744480609893799
SDSSJ231433.37+001414.9 348.63904 0.23746281 0.014722020365297794
SDSSJ231742.60+000535.1 349.42751 0.093087013 0.3207310736179352
SDSSJ214106.46+004733.3 325.27691 0.79258599 2.454016923904419
SDSSJ213818.97+011222.4 324.57906 1.206223 0.3441741466522217
SDSSJ213338.14+012628.8 323.4089300000001 1.441333 1.0097906589508057
SDSSJ220620.32+004658.0 331.58465 0.78276929 0.3245050311088562
SDSSJ221815.62+004910.4 334.56507 0.81955287 0.24506397545337677
SDSSJ225257.45+002731.5 343.23938 0.45874975 1.3849033117294312
SDSSJ213245.25+000146.4 323.18853 0.029569002 0.2342417985200882
SDSSJ221722.46+010436.3 334.34357 1.076763 1.4015401601791382
SDSSJ020804.49-000023.2 32.01870600000001 -0.0064510004 1.3421298265457153
SDSSJ010230.04-003206.8 15.62515000000002 -0.53522698 0.3434871733188629
SDSSJ011402.36-004751.0 18.50981300000001 -0.797495 0.3500172793865204
SDSSJ010705.56+000608.9 16.77316000000002 0.10248 1.3599210977554321
SDSSJ012301.79+000323.3 20.757473 0.056479999 1.3635213375091553
SDSSJ231311.92-004538.2 348.2996499999999 -0.760598 1.3698234558105469
SDSSJ230316.41-001211.5 345.81837 -0.20319199 1.5179356336593628
SDSSJ230946.15+000048.9 347.44229 0.013581997 0.35164299607276917
SDSSJ223844.30-005655.4 339.6845900000001 -0.948711 1.3617863655090332
SDSSJ223823.26-005708.2 339.5969299999999 -0.952284 0.36115288734436035
SDSSJ224539.94-002419.7 341.41641 -0.40546601 3.277073621749878
SDSSJ215010.52-001000.6 327.54385 -0.16682801 0.33476608991622925
SDSSJ001940.23-005435.9 4.917628999999977 -0.90998398 1.3750669956207275
SDSSJ001731.27-004859.3 4.380308000000014 -0.81648599 1.3565946817398071
SDSSJ001327.31+005232.1 3.363802000000021 0.87557 0.36244115233421326
SDSSJ001535.54+005356.1 3.898099999999999 0.898913 1.360476016998291
SDSSJ000710.01+005329.1 1.791723999999988 0.89140898 0.31579041481018066
SDSSJ003722.18-001140.6 9.342412000000024 -0.194614 1.3692479133605957
SDSSJ003242.74+003110.9 8.178088000000002 0.519708 0.36079299449920654
