ra,dec,sep
154.00550483945543,-39.52510317316516,0.03333333333333333
154.00823006583937,-44.36873494349426,0.03333333333333333
154.01729776706262,-40.252683144154325,0.03333333333333333
154.02603152330494,-47.796458324101785,0.03333333333333333
154.02754462270298,-27.05716234528598,0.03333333333333333
154.0283666728146,-41.32656517054454,0.03333333333333333
154.03341374311276,-39.99199791104936,0.03333333333333333
154.03876114409366,-41.31879762309155,0.03333333333333333
154.04325847534054,-15.787963535330707,0.03333333333333333
154.05739674374954,-15.811705473891394,0.03333333333333333
154.0772810466501,-29.380211593190914,0.03333333333333333
154.07782142695768,-33.56382825508867,0.03333333333333333
154.0802513664207,-43.62757684341736,0.03333333333333333
154.08925296635758,-29.85986890487721,0.03333333333333333
154.0904183653221,-33.57016866286164,0.03333333333333333
154.0920741169289,-45.69685970059975,0.03333333333333333
154.10470828429663,-36.56241274787377,0.03333333333333333
154.11202949746232,-9.335537508516506,0.03333333333333333
154.11527063776157,-45.850496359494,0.03333333333333333
154.11691580389632,-26.51769945378335,0.03333333333333333
154.12611714327895,-47.55414643258218,0.03333333333333333
154.12753890440663,-33.488173930584495,0.03333333333333333
154.13947842888382,-16.699281735997225,0.03333333333333333
154.1500375416656,-26.98966420376364,0.03333333333333333
154.15295022250487,-40.60273359461684,0.03333333333333333
154.15705963515583,-42.49494468347587,0.03333333333333333
154.16018979002806,-46.56155111721521,0.03333333333333333
154.16063969136022,-32.94604817734357,0.03333333333333333
154.16461035415685,-21.33259864039145,0.03333333333333333
154.18397830986171,-36.48042697369803,0.03333333333333333
154.1972373892381,-47.19739992782255,0.03333333333333333
154.20845284984978,-19.999310354969143,0.03333333333333333
154.21417585149138,-16.22496721234333,0.03333333333333333
154.21487358955585,-8.803028604894065,0.03333333333333333
154.2270030555341,-24.858838548716232,0.03333333333333333
154.23145013758057,-26.13318854680364,0.03333333333333333
154.23653760054174,-42.81005183665026,0.03333333333333333
154.24045858573322,-46.62142542913833,0.03333333333333333
154.24809310362215,-31.501420716019464,0.03333333333333333
154.24885713902566,-47.379065364084646,0.03333333333333333
154.2564599411801,-31.406226380112944,0.03333333333333333
154.26877475332495,-35.32064873732275,0.03333333333333333
154.27718116335933,-44.13729171016738,0.03333333333333333
154.27814465368186,-37.31655925124487,0.03333333333333333
154.2809315019715,-33.425010957669656,0.03333333333333333
154.28812732066777,-46.85769542122587,0.03333333333333333
154.28815461265722,-47.322975227070266,0.03333333333333333
154.2952561655172,-26.958560397402387,0.03333333333333333
154.29663825225623,-47.31059657926321,0.03333333333333333
154.29959012144718,-47.30593532270175,0.03333333333333333
154.30048789072987,-30.149820368579345,0.03333333333333333
154.3010813537922,-41.25778393661842,0.03333333333333333
154.30128354970807,-47.93817054727786,0.03333333333333333
154.3048015423118,-21.066758849089943,0.03333333333333333
154.32146791053944,-33.484761350749004,0.03333333333333333
154.321667616801,-18.66666993090812,0.03333333333333333
154.32824775185725,-46.592017153816144,0.03333333333333333
154.3303306852393,-35.57990649912258,0.03333333333333333
154.33341975498936,-46.29734670892535,0.03333333333333333
154.33426791824732,-46.69180271339441,0.03333333333333333
154.33485478536977,-38.66186501412526,0.03333333333333333
154.3398572295716,-30.93716991469004,0.03333333333333333
154.3494755881962,-18.9110522610824,0.03333333333333333
154.35284268151727,-41.27132056453324,0.03333333333333333
154.35290805689343,-45.5285753170463,0.03333333333333333
154.359434392406,-45.242455950627225,0.03333333333333333
154.36122694679702,-27.5266363197613,0.03333333333333333
154.3654266748054,-47.87675696515768,0.03333333333333333
154.36657559033645,-33.98418388604563,0.03333333333333333
154.36688487342738,-23.889949586645105,0.03333333333333333
154.37187532553952,-18.97230568524968,0.03333333333333333
154.3820998500058,-25.871941639254757,0.03333333333333333
154.39253249639685,-22.190933043432,0.03333333333333333
154.39782490121135,-19.04176567711786,0.03333333333333333
154.39902200025102,-31.257535483481867,0.03333333333333333
154.4045385406498,-23.96990468177938,0.03333333333333333
154.40485551535713,-40.10012499156397,0.03333333333333333
154.41071445111498,-46.31009469046285,0.03333333333333333
154.41559301182738,-38.34806540792272,0.03333333333333333
154.4247360542644,-36.013941949013415,0.03333333333333333
154.4355319908078,-18.83915759430124,0.03333333333333333
154.44812803028265,-17.519096669374854,0.03333333333333333
154.452967006567,-18.269741015616557,0.03333333333333333
154.45297422230553,-18.269655777687305,0.03333333333333333
154.4538316357635,-18.269547715905727,0.03333333333333333
154.46481882685327,-39.05988998033556,0.03333333333333333
154.4673756421138,-25.81478253344866,0.03333333333333333
154.4704400532326,-44.5630529694192,0.03333333333333333
154.4803694152877,-45.37851002355261,0.03333333333333333
154.4960249495209,-47.02269005770572,0.03333333333333333
154.496672335581,-33.01874917991787,0.03333333333333333
154.49880286022162,-36.08717199216977,0.03333333333333333
154.5059687858521,-42.00491806281544,0.03333333333333333
154.51135149956545,-33.30229434252668,0.03333333333333333
154.51496244692612,-9.12663230749329,0.03333333333333333
154.5229009826993,-38.88995536722908,0.03333333333333333
154.52385478212994,-31.646946374240247,0.03333333333333333
154.52555188877557,-20.34353643119176,0.03333333333333333
154.52574836083934,-47.48911761349836,0.03333333333333333
154.53340717810795,-23.670620157332756,0.03333333333333333
154.5590454232595,-24.256088402522924,0.03333333333333333
154.56578570463736,-47.25495067822403,0.03333333333333333
154.56751453456167,-43.67920914630081,0.03333333333333333
154.57226133195826,-38.95549777756171,0.03333333333333333
154.5741166537925,-37.04066987957659,0.03333333333333333
154.5748686464906,-45.92506665040029,0.03333333333333333
154.5752196726437,-41.193743717978045,0.03333333333333333
154.58992748881377,-38.63959831050564,0.03333333333333333
154.59067560656675,-21.66881849744636,0.03333333333333333
154.60493511994702,-42.49128111112894,0.03333333333333333
154.605862289055,-33.74950869529673,0.03333333333333333
154.61797318551646,-31.32366605089827,0.03333333333333333
154.61798521324786,-28.734252193910383,0.03333333333333333
154.6193784269978,-21.62804795446508,0.03333333333333333
154.63547197574286,-24.62316991648619,0.03333333333333333
154.64249300523352,-17.961153606778176,0.03333333333333333
154.65293139335705,-21.036658544147294,0.03333333333333333
154.65650017043154,-17.973378231781737,0.03333333333333333
154.65991788289577,-17.9760749206826,0.03333333333333333
154.6610310274413,-43.229241402816655,0.03333333333333333
154.66395789738837,-27.36931063826638,0.03333333333333333
154.6769129573724,-39.868514240515296,0.03333333333333333
154.67772270837472,-35.16252423033944,0.03333333333333333
154.6873764812923,-30.171031531931437,0.03333333333333333
154.68851567662225,-46.74451376928374,0.03333333333333333
154.70137777468958,-30.318955893833177,0.03333333333333333
154.70983351483065,-32.59498941242942,0.03333333333333333
154.71013264375682,-27.67544824102664,0.03333333333333333
154.72285885729622,-34.53892099406186,0.03333333333333333
154.72293935897585,-40.11213368993416,0.03333333333333333
154.72423082468396,-47.28649686438772,0.03333333333333333
154.72627836918386,-25.04074324946164,0.03333333333333333
154.73766511301267,-40.94056118950044,0.03333333333333333
154.7386812762612,-29.38344354851693,0.03333333333333333
154.74073320393458,-15.511914341171751,0.03333333333333333
154.755114203685,-37.67199013139984,0.03333333333333333
154.76030750935325,-46.63783024424688,0.03333333333333333
154.76306345588918,-26.189977178796493,0.03333333333333333
154.77874562281454,-44.51148662696911,0.03333333333333333
154.79903488785746,-23.336842746968276,0.03333333333333333
154.8000981780774,-42.827993710353645,0.03333333333333333
154.80520916662726,-46.33408236759963,0.03333333333333333
154.8061411747686,-46.56994738167403,0.03333333333333333
154.80945347498073,-39.294967240796375,0.03333333333333333
154.81369200409955,-19.66294727299014,0.03333333333333333
154.81827450535948,-25.710267426359252,0.03333333333333333
154.824235787067,-37.61088224865486,0.03333333333333333
154.8382251423767,-22.14259842833651,0.03333333333333333
154.83865197802905,-22.1433030664676,0.03333333333333333
154.85203522251751,-29.86089796177984,0.03333333333333333
154.8563940095953,-41.13124239119748,0.03333333333333333
154.85668221628845,-27.98349272858178,0.03333333333333333
154.86530572166745,-37.257708487788726,0.03333333333333333
154.87146257618437,-21.861423346518382,0.03333333333333333
154.87970792078104,-32.63463877680336,0.03333333333333333
154.88201650545776,-17.24275042210279,0.03333333333333333
154.89850219006456,-30.14564655625911,0.03333333333333333
154.90729574080206,-29.520483606091062,0.03333333333333333
154.90931149625092,-32.76719179221572,0.03333333333333333
154.91082198973436,-17.787628311282187,0.03333333333333333
154.92214062464984,-25.814701960679475,0.03333333333333333
154.92262793411814,-16.524175478197993,0.03333333333333333
154.92566971269412,-46.30752203929635,0.03333333333333333
154.92841660416346,-26.52548431061678,0.03333333333333333
154.93647449822043,-42.71335237795934,0.03333333333333333
154.94294184226726,-45.60205455843844,0.03333333333333333
154.94671487846094,-29.452356522512385,0.03333333333333333
154.9486381729355,-47.71636107434684,0.03333333333333333
154.95490974726832,-29.614647107382904,0.03333333333333333
154.95639137241554,-18.20773018705503,0.03333333333333333
154.9607068131343,-43.55138716250986,0.03333333333333333
154.96254339370665,-45.137774563232135,0.03333333333333333
154.96712459984084,-43.81965150063169,0.03333333333333333
154.96984499602067,-40.57175857295801,0.03333333333333333
154.971108183195,-39.96531169643863,0.03333333333333333
154.9762250114526,-41.13013403898331,0.03333333333333333
154.9871043594248,-26.716498674754625,0.03333333333333333
154.9884061679875,-28.270186538006755,0.03333333333333333
154.98933571330562,-43.93284088638689,0.03333333333333333
155.00531743006613,-37.71577684225773,0.03333333333333333
155.0147887703762,-20.945966737734796,0.03333333333333333
155.01483344845667,-20.945979708525883,0.03333333333333333
155.01702555915534,-47.94908359726969,0.03333333333333333
155.02340022061236,-37.102455452972016,0.03333333333333333
155.02418262061244,-32.260709580672454,0.03333333333333333
155.02716387060363,-46.66471489601969,0.03333333333333333
155.03197486483327,-41.99766023281865,0.03333333333333333
155.03405328263037,-17.627830516112194,0.03333333333333333
155.03600050804016,-39.35228805873946,0.03333333333333333
155.0386307138217,-31.33549714156109,0.03333333333333333
155.04625288566925,-46.170245727463154,0.03333333333333333
155.04676705156544,-20.95809056061223,0.03333333333333333
155.05462329074564,-44.60330458518199,0.03333333333333333
155.05780419952671,-41.31182202263003,0.03333333333333333
155.08138553631943,-16.767821568480812,0.03333333333333333
155.09548438747302,-30.74205026104014,0.03333333333333333
155.09810730387568,-25.5152783031719,0.03333333333333333
155.10118483134866,-34.71767074380409,0.03333333333333333
155.10410077815797,-33.50896767217342,0.03333333333333333
155.11884791676323,-23.47924382987377,0.03333333333333333
155.12839025567155,-22.28956339867863,0.03333333333333333
155.13632707464745,-23.448329902566297,0.03333333333333333
155.13731175142732,-23.447929408396305,0.03333333333333333
155.14289209307142,-37.13502247894441,0.03333333333333333
155.14779649787718,-31.41947649499749,0.03333333333333333
155.15782855389222,-41.27766869075781,0.03333333333333333
155.15874095201357,-23.75442564314773,0.03333333333333333
155.1691733570293,-26.09124505529067,0.03333333333333333
155.1756706372574,-33.83399007627319,0.03333333333333333
155.18046602174618,-20.798507707460985,0.03333333333333333
155.18570401942102,-23.884340860310544,0.03333333333333333
155.19208147717984,-44.42741050911146,0.03333333333333333
155.19358538472298,-35.964208769590364,0.03333333333333333
155.19358538472298,-35.964208769590364,0.03333333333333333
155.19588785125208,-40.12618220072893,0.03333333333333333
155.20376267846092,-23.46585528316608,0.03333333333333333
155.21652825381415,-42.90318886464116,0.03333333333333333
155.22988980962552,-26.148403895303424,0.03333333333333333
155.23321751169985,-44.03781026975956,0.03333333333333333
155.2492724100533,-16.733295241446182,0.03333333333333333
155.25097913585114,-44.496073285050976,0.03333333333333333
155.2555989229045,-42.14807518247897,0.03333333333333333
155.27988996495824,-46.11456285338626,0.03333333333333333
155.28100340822803,-46.11867006495563,0.03333333333333333
155.28862213986295,-32.86107252975438,0.03333333333333333
155.29313525433037,-47.45201698266848,0.03333333333333333
155.3081465795175,-38.925990548676126,0.03333333333333333
155.31527239101098,-19.06728599948269,0.03333333333333333
155.3179426423813,-16.859681367590422,0.03333333333333333
155.32350561166393,-25.44855783056095,0.03333333333333333
155.3276227312144,-18.75498201550805,0.03333333333333333
155.3352111746318,-39.76354535495074,0.03333333333333333
155.3376370346406,-21.607687357095795,0.03333333333333333
155.35096433273344,-35.08289663945455,0.03333333333333333
155.35138973078116,-17.35180452632072,0.03333333333333333
155.35259285223094,-45.49643159700975,0.03333333333333333
155.3550762372673,-37.033806503422085,0.03333333333333333
155.35718354238418,-41.12662164514569,0.03333333333333333
155.36921606110948,-27.806728377700303,0.03333333333333333
155.37148514970016,-46.01689261504538,0.03333333333333333
155.3753827640433,-39.65573450167673,0.03333333333333333
155.3870431241586,-30.46652452669514,0.03333333333333333
155.39657899009768,-34.283337770492594,0.03333333333333333
155.39924683710603,-47.316427665698775,0.03333333333333333
155.41380758679867,-28.37986219852677,0.03333333333333333
155.4200731904796,-46.44628333996957,0.03333333333333333
155.4209595613643,-32.03311137176345,0.03333333333333333
155.4376000082586,-37.10767560148921,0.03333333333333333
155.4483389762642,-38.939792529170354,0.03333333333333333
155.45430275040545,-42.067072297103984,0.03333333333333333
155.454470875294,-42.08494434883,0.03333333333333333
155.4547996655019,-41.83112275085789,0.03333333333333333
155.45877535013,-43.26514434547765,0.03333333333333333
155.4591466358251,-42.197508277948025,0.03333333333333333
155.45920809271115,-41.145568765235616,0.03333333333333333
155.45930676220527,-41.15894322313178,0.03333333333333333
155.46942772125428,-17.134394137468966,0.03333333333333333
155.48421266283367,-28.962537489465,0.03333333333333333
155.48816753522624,-39.34383685964831,0.03333333333333333
155.49263456758064,-36.144231856872224,0.03333333333333333
155.5017006350443,-19.883513948117372,0.03333333333333333
155.5052467818298,-30.82055129863441,0.03333333333333333
155.50874324389133,-30.29347115369337,0.03333333333333333
155.50926414134003,-39.87941443605516,0.03333333333333333
155.5107193405658,-36.793316952597486,0.03333333333333333
155.51486705504755,-24.437476672884834,0.03333333333333333
155.5312258962914,-45.468703945888215,0.03333333333333333
155.5428502642629,-31.26338366854759,0.03333333333333333
155.5435910274541,-25.78356574021383,0.03333333333333333
155.55544694602114,-42.00722744988533,0.03333333333333333
155.5634583749728,-42.3196052822431,0.03333333333333333
155.56523208059585,-31.192635884770777,0.03333333333333333
155.5766427328921,-39.22972938787124,0.03333333333333333
155.5771908803411,-37.5573354655961,0.03333333333333333
155.5960318288781,-29.575815535775188,0.03333333333333333
155.59782527260782,-46.38640267955067,0.03333333333333333
155.59928957204747,-44.76517236132875,0.03333333333333333
155.6000496800014,-44.76478998137347,0.03333333333333333
155.60427861416758,-21.433820668717853,0.03333333333333333
155.60861050776143,-47.865568956838,0.03333333333333333
155.61341392301364,-39.37673618537828,0.03333333333333333
155.62073408683986,-33.49053312525627,0.03333333333333333
155.62340115545766,-36.97607306388829,0.03333333333333333
155.62361054696058,-36.976048700859046,0.03333333333333333
155.62448128552006,-36.9813939888863,0.03333333333333333
155.62454691522856,-36.98143824847827,0.03333333333333333
155.63243299496605,-36.98343184714162,0.03333333333333333
155.63250822228844,-36.98302494373318,0.03333333333333333
155.64002833778184,-36.29596973302902,0.03333333333333333
155.64152178552226,-44.21159530720073,0.03333333333333333
155.64372242832337,-42.53583273943797,0.03333333333333333
155.6553943564631,-41.408458236164776,0.03333333333333333
155.65773837745573,-26.484415946448067,0.03333333333333333
155.66642433355923,-30.49182167237173,0.03333333333333333
155.66847508708935,-47.782481466879965,0.03333333333333333
155.67058184624227,-33.87650429192508,0.03333333333333333
155.6794639144695,-28.30686518325711,0.03333333333333333
155.6970649848251,-42.46772818550743,0.03333333333333333
155.70206412488218,-45.89548222122048,0.03333333333333333
155.71203702114673,-34.259831044128816,0.03333333333333333
155.7170133093288,-41.34076067469791,0.03333333333333333
155.72208826133675,-29.38336205845597,0.03333333333333333
155.73924334561045,-42.41183972466324,0.03333333333333333
155.73998611305817,-42.18722211057263,0.03333333333333333
155.74184029315992,-33.77569700519076,0.03333333333333333
155.7461654701636,-42.18675377815239,0.03333333333333333
155.74810048793466,-42.82746318744498,0.03333333333333333
155.74995769527143,-37.35499383335378,0.03333333333333333
155.75264330372022,-41.3660569137541,0.03333333333333333
155.75642254209131,-32.957322729685906,0.03333333333333333
155.75973043034236,-39.16661255574749,0.03333333333333333
155.7646409332348,-32.95606987172852,0.03333333333333333
155.76578689009742,-29.155568396802217,0.03333333333333333
155.76816002663315,-32.9585581787026,0.03333333333333333
155.76849717138174,-32.95688012808808,0.03333333333333333
155.773972223727,-29.58310847354589,0.03333333333333333
155.77829042155835,-41.19150375203482,0.03333333333333333
155.7825809770674,-45.517174434480985,0.03333333333333333
155.78588195700658,-42.23447384445773,0.03333333333333333
155.79672067195563,-47.43321935705146,0.03333333333333333
155.80695671827593,-41.670464984281246,0.03333333333333333
155.80921890870118,-35.11718732528404,0.03333333333333333
155.80948470045544,-40.151977662819824,0.03333333333333333
155.8279522221924,-24.24426183927988,0.03333333333333333
155.83302361550494,-45.80612372660433,0.03333333333333333
155.84590945114488,-38.45324270686989,0.03333333333333333
155.8473437068966,-32.22034027346049,0.03333333333333333
155.86332016875696,-47.41311531934977,0.03333333333333333
155.87560948753315,-35.45971887834598,0.03333333333333333
155.8756123914709,-35.45972891727149,0.03333333333333333
155.8792031071268,-35.78769802208376,0.03333333333333333
155.87993846149,-34.863958938960856,0.03333333333333333
155.8912806740398,-44.090451349013854,0.03333333333333333
155.89886302744364,-34.690479911164026,0.03333333333333333
155.91777428751132,-35.825975288268005,0.03333333333333333
155.91778896569792,-35.825982705450976,0.03333333333333333
155.91783940733507,-31.251208225991643,0.03333333333333333
155.919375414285,-29.68591102897061,0.03333333333333333
155.92854491337582,-45.223255575370366,0.03333333333333333
155.9396412872598,-44.174547149193,0.03333333333333333
155.9426573992853,-36.50737785188725,0.03333333333333333
155.94462606913075,-46.46416603702324,0.03333333333333333
155.96476276969537,-15.935014949318251,0.03333333333333333
155.96513392732916,-35.83307270259279,0.03333333333333333
155.96518910906656,-35.833054125603944,0.03333333333333333
155.96548955567525,-35.23328624102957,0.03333333333333333
155.98134887514604,-29.783115423003657,0.03333333333333333
155.986786867308,-31.7458940582948,0.03333333333333333
155.99244966577723,-40.98527269522292,0.03333333333333333
156.00684499621315,-16.72049921879153,0.03333333333333333
156.02207830613173,-33.415165852840616,0.03333333333333333
156.04175865950393,-41.907604191533736,0.03333333333333333
156.04884828089322,-32.432842532107244,0.03333333333333333
156.05276619488762,-20.36206619763856,0.03333333333333333
156.06691259228776,-37.42213985620419,0.03333333333333333
156.07403267371512,-26.08218840485706,0.03333333333333333
156.08946269809243,-43.917108333597646,0.03333333333333333
156.12144025120492,-41.63095645664013,0.03333333333333333
156.12515610257998,-29.150907466900883,0.03333333333333333
156.12563635192342,-21.795850703010792,0.03333333333333333
156.12836649538534,-36.4313089939912,0.03333333333333333
156.1309531167453,-23.55266399516915,0.03333333333333333
156.13246937658735,-21.79076708153765,0.03333333333333333
156.14215903894765,-24.07938653230875,0.03333333333333333
156.14307428254764,-39.77440085329668,0.03333333333333333
156.1488774023867,-35.228953901154654,0.03333333333333333
156.15271326415757,-24.57046234799539,0.03333333333333333
156.16213283732492,-24.767141436458484,0.03333333333333333
156.1729145050098,-47.81804977413991,0.03333333333333333
156.18550099001823,-41.81812379390818,0.03333333333333333
156.1988595607791,-46.29131627801621,0.03333333333333333
156.2000000030511,-20.66522895537134,0.03333333333333333
156.2040895728696,-35.28201197410005,0.03333333333333333
156.20600849914268,-40.92004486256037,0.03333333333333333
156.21791179441414,-36.21649652723736,0.03333333333333333
156.21987403040202,-36.71812699023402,0.03333333333333333
156.22307846947996,-40.291007308249895,0.03333333333333333
156.26902862985952,-46.63293710764972,0.03333333333333333
156.27040272512463,-28.758734052197514,0.03333333333333333
156.2895097678711,-35.280805698043444,0.03333333333333333
156.29326770648933,-35.6534846222649,0.03333333333333333
156.30609371925286,-35.67130335611048,0.03333333333333333
156.3125664990008,-42.28514556205827,0.03333333333333333
156.31350892860823,-18.21292027071904,0.03333333333333333
156.31418885220106,-42.26442072991575,0.03333333333333333
156.31635948355287,-44.21676579982562,0.03333333333333333
156.32251532141277,-41.6338130701476,0.03333333333333333
156.32984475676017,-16.45355727822426,0.03333333333333333
156.3393959825532,-47.4117668783759,0.03333333333333333
156.3413131249369,-42.26192092331361,0.03333333333333333
156.34156798735006,-39.95376685883914,0.03333333333333333
156.34167357192405,-45.68650140784354,0.03333333333333333
156.34262052611717,-37.02736852042053,0.03333333333333333
156.34939965443613,-45.311350358855535,0.03333333333333333
156.3554287550704,-23.82697526462508,0.03333333333333333
156.35562664637453,-29.63506641587793,0.03333333333333333
156.36010223287343,-15.347421325983785,0.03333333333333333
156.37557651098797,-39.83673933556892,0.03333333333333333
156.37824684235528,-26.48347428271964,0.03333333333333333
156.3817960496226,-36.271628299812384,0.03333333333333333
156.38792215020175,-34.47881590725184,0.03333333333333333
156.38836876935196,-40.80186510452564,0.03333333333333333
156.39566235889487,-21.833687724271325,0.03333333333333333
156.39778941396403,-32.20888762058281,0.03333333333333333
156.40205954556623,-47.38435766300764,0.03333333333333333
156.40450936105194,-46.348862820110256,0.03333333333333333
156.4155534437398,-32.53935314869115,0.03333333333333333
156.41752761990838,-46.11493768282992,0.03333333333333333
156.42149881400746,-29.88234160237536,0.03333333333333333
156.45101964453303,-43.74846285711741,0.03333333333333333
156.45111734923591,-18.84736986293819,0.03333333333333333
156.4532645193975,-41.35037051504776,0.03333333333333333
156.45512096770528,-31.046526984301572,0.03333333333333333
156.48587355306995,-44.30721870499864,0.03333333333333333
156.4858840222167,-46.73098437764053,0.03333333333333333
156.49495102074565,-29.84792173902913,0.03333333333333333
156.49721440655316,-46.26141564816617,0.03333333333333333
156.49783731781193,-35.61711010395486,0.03333333333333333
156.49784710699856,-35.61712031109553,0.03333333333333333
156.49921196335015,-47.40401518787631,0.03333333333333333
156.5085972776564,-46.174344659094885,0.03333333333333333
156.51255441075102,-46.57336601010841,0.03333333333333333
156.52737224226877,-16.352773882343904,0.03333333333333333
156.5291818100336,-24.55412085121974,0.03333333333333333
156.53085826350642,-24.555606178694944,0.03333333333333333
156.53317157543972,-24.557364698517805,0.03333333333333333
156.53795332575402,-42.43688860621244,0.03333333333333333
156.53873986874154,-42.53879115200721,0.03333333333333333
156.5394666515134,-42.45523752162576,0.03333333333333333
156.54540891346127,-24.789247061462408,0.03333333333333333
156.56764264022974,-41.13507606652308,0.03333333333333333
156.56875718177042,-40.78904822784231,0.03333333333333333
156.58111865670887,-14.80454341566838,0.03333333333333333
156.58476735167105,-38.11578187276838,0.03333333333333333
156.58597635455078,-36.02455599255284,0.03333333333333333
156.58599164017292,-36.02450819533732,0.03333333333333333
156.58899328879244,-33.92762774910217,0.03333333333333333
156.58913142789638,-29.19507840499672,0.03333333333333333
156.5904324509266,-29.19937594593883,0.03333333333333333
156.60033775114837,-40.30835538427272,0.03333333333333333
156.60342802203195,-19.176920436035296,0.03333333333333333
156.6071150343996,-18.65735447952775,0.03333333333333333
156.60949561110598,-41.87883879553581,0.03333333333333333
156.6099690936511,-24.89024343502137,0.03333333333333333
156.61606320991115,-35.235435882579644,0.03333333333333333
156.62505960439515,-32.53061157675815,0.03333333333333333
156.631961345584,-17.102452772524327,0.03333333333333333
156.63686859291474,-17.412300113877397,0.03333333333333333
156.63836049025772,-39.06273513188007,0.03333333333333333
156.64736596784215,-42.03080216969064,0.03333333333333333
156.65359715367828,-36.41046022400685,0.03333333333333333
156.65360064591027,-36.41042654571879,0.03333333333333333
156.65669556490536,-26.622343098465777,0.03333333333333333
156.66785664701092,-32.60800381567117,0.03333333333333333
156.67526149389363,-35.16301978064512,0.03333333333333333
156.68002378395994,-36.86126247915987,0.03333333333333333
156.6814475599765,-36.86639430478189,0.03333333333333333
156.6831894413124,-23.408708582087836,0.03333333333333333
156.68627639989256,-23.4109578181214,0.03333333333333333
156.68651423897248,-23.41218552276528,0.03333333333333333
156.69913263898138,-43.45311015338165,0.03333333333333333
156.7005342860699,-29.386670244468476,0.03333333333333333
156.71494397222526,-32.27944947829484,0.03333333333333333
156.71794221734686,-28.139549007538125,0.03333333333333333
156.725754761349,-45.21990091321533,0.03333333333333333
156.72729334741692,-41.574883550368725,0.03333333333333333
156.72800971552653,-45.41054977416097,0.03333333333333333
156.730768747104,-41.61062495381118,0.03333333333333333
156.73364283092252,-20.756333539933827,0.03333333333333333
156.73709900864853,-30.76818073572321,0.03333333333333333
156.7371807190874,-40.50327762262371,0.03333333333333333
156.75076147874103,-22.046508140374176,0.03333333333333333
156.7560721480087,-44.6992819154981,0.03333333333333333
156.75880783687302,-31.934569190509595,0.03333333333333333
156.76211329601654,-43.97818242789426,0.03333333333333333
156.76445754882354,-15.205350622053016,0.03333333333333333
156.77031504662384,-37.90534625512277,0.03333333333333333
156.7734881966567,-32.3620261458089,0.03333333333333333
156.77427199442948,-43.72812711312928,0.03333333333333333
156.7743671229785,-32.81428580024473,0.03333333333333333
156.80001968091793,-33.23718440512215,0.03333333333333333
156.80019020983946,-36.71512181717673,0.03333333333333333
156.80069349100978,-41.69810753682771,0.03333333333333333
156.80081470058738,-34.268922436189726,0.03333333333333333
156.80128292703978,-42.49183212065216,0.03333333333333333
156.8101815860462,-27.35892340781918,0.03333333333333333
156.81096746289865,-27.664565912368097,0.03333333333333333
156.81448237839354,-19.892552637448443,0.03333333333333333
156.81593563685482,-35.90850934966684,0.03333333333333333
156.81750867466565,-35.27383239361631,0.03333333333333333
156.82037393499743,-42.06366521335948,0.03333333333333333
156.8206897799309,-28.71775975401663,0.03333333333333333
156.82129777970445,-40.11057397102356,0.03333333333333333
156.82159828158376,-28.42732975469674,0.03333333333333333
156.82627995642952,-28.61115338703439,0.03333333333333333
156.83444311537312,-23.8054382317716,0.03333333333333333
156.8389403878331,-29.71121348088308,0.03333333333333333
156.84854180126786,-20.5831425106976,0.03333333333333333
156.8488749300271,-38.77638002124268,0.03333333333333333
156.85783289649171,-21.47924806259163,0.03333333333333333
156.86817095162536,-19.61764938135883,0.03333333333333333
156.87083674920933,-28.51699222516987,0.03333333333333333
156.87806034452822,-36.85541973954618,0.03333333333333333
156.88832438292593,-23.78805156777329,0.03333333333333333
156.89427548789595,-23.785247309658708,0.03333333333333333
156.90163714717752,-40.34581382019134,0.03333333333333333
156.91157219647872,-37.135179491834414,0.03333333333333333
156.9122960796478,-37.15926708252722,0.03333333333333333
156.91353056812983,-23.76714596418568,0.03333333333333333
156.92353447415698,-29.79118683152404,0.03333333333333333
156.9368549703934,-24.878046975945832,0.03333333333333333
156.93890818575144,-43.57839654916231,0.03333333333333333
156.94014222188747,-38.37954704362385,0.03333333333333333
156.9408510734874,-46.91259279016511,0.03333333333333333
156.94565291012069,-34.533594382572325,0.03333333333333333
156.94997173096957,-39.12284230409804,0.03333333333333333
156.95119307477913,-19.53704392221264,0.03333333333333333
156.9527843307932,-47.87320829968724,0.03333333333333333
156.95692879682616,-42.20277277074104,0.03333333333333333
156.95900356252417,-19.6172498057079,0.03333333333333333
156.95925416587195,-35.27223147945947,0.03333333333333333
156.9597791681585,-43.90576634134269,0.03333333333333333
156.95987056162335,-43.90578498083468,0.03333333333333333
156.96365603572264,-43.89957006382954,0.03333333333333333
156.96371293405733,-43.903895415957074,0.03333333333333333
156.96375808362262,-43.90381928622784,0.03333333333333333
156.9655292631724,-43.90377424167152,0.03333333333333333
156.96556060694496,-43.90370677872753,0.03333333333333333
156.97034612111383,-43.90320661166486,0.03333333333333333
156.9703863167105,-43.90311040224713,0.03333333333333333
156.9703863167105,-43.90311040224713,0.03333333333333333
156.9850799887099,-17.75766366028359,0.03333333333333333
156.9871716683425,-39.66334522725121,0.03333333333333333
156.99843446252984,-42.04017367473497,0.03333333333333333
157.00853498372226,-28.76223698585541,0.03333333333333333
157.01729078637996,-40.31704547930923,0.03333333333333333
157.02447484094606,-26.501808599550348,0.03333333333333333
157.04173370356813,-44.24897101056271,0.03333333333333333
157.07015660907055,-31.520904159987904,0.03333333333333333
157.0713317563462,-31.526453366794524,0.03333333333333333
157.0714671452928,-31.526706732703754,0.03333333333333333
157.07315339977532,-31.52343682289,0.03333333333333333
157.0738805455873,-31.526761872618163,0.03333333333333333
157.07404274939904,-31.52674828779136,0.03333333333333333
157.08217964557096,-26.002760145939376,0.03333333333333333
157.08575659126507,-31.51208466963553,0.03333333333333333
157.08682546745442,-31.5237055837496,0.03333333333333333
157.08830196297993,-27.51344729031644,0.03333333333333333
157.09382704157602,-38.9753603383414,0.03333333333333333
157.09409655899375,-38.97615385846858,0.03333333333333333
157.10703669197628,-28.759860099650243,0.03333333333333333
157.10707675693394,-28.75992161505641,0.03333333333333333
157.12689732121262,-46.492003229163615,0.03333333333333333
157.12900130331832,-16.320215163623836,0.03333333333333333
157.13332354490555,-35.6751030224716,0.03333333333333333
157.1334421504776,-35.67517614761696,0.03333333333333333
157.1404078501596,-35.99474102512056,0.03333333333333333
157.14043097147865,-35.994714141940406,0.03333333333333333
157.1423336623129,-41.60676311844429,0.03333333333333333
157.1444205870776,-36.43801925574093,0.03333333333333333
157.14443243685827,-36.43800911509028,0.03333333333333333
157.14493131740704,-26.86042765931804,0.03333333333333333
157.14980720575156,-23.80597234616635,0.03333333333333333
157.1611593654926,-21.002073295796052,0.03333333333333333
157.17900380093772,-31.0382414041846,0.03333333333333333
157.18125334862518,-35.84917154713335,0.03333333333333333
157.1814163363485,-35.84914231288448,0.03333333333333333
157.1827613944662,-16.21759565677345,0.03333333333333333
157.18493107238663,-45.36155174346195,0.03333333333333333
157.20226164334682,-31.497596144412988,0.03333333333333333
157.20231950833008,-44.062795135498575,0.03333333333333333
157.20248511058583,-31.49630272635869,0.03333333333333333
157.2028804433088,-31.49482495110867,0.03333333333333333
157.20297751618577,-31.500540880244923,0.03333333333333333
157.20566773687943,-31.500588205537557,0.03333333333333333
157.20569991935625,-31.496123463279417,0.03333333333333333
157.20933057861822,-41.15734396746223,0.03333333333333333
157.21332218355892,-46.61488543283234,0.03333333333333333
157.216450088993,-43.87635341906551,0.03333333333333333
157.2275119784955,-33.334317251598854,0.03333333333333333
157.22880372967452,-47.588750911827184,0.03333333333333333
157.23003497582252,-44.38496876460093,0.03333333333333333
157.2305629148468,-31.6809005664235,0.03333333333333333
157.23075625148542,-44.660889192519264,0.03333333333333333
157.23913854071745,-37.77142066144557,0.03333333333333333
157.2400750749936,-44.67111993399182,0.03333333333333333
157.24187820994632,-30.14102445233805,0.03333333333333333
157.24285240697344,-40.08325187334543,0.03333333333333333
157.24480320530367,-40.08454282351103,0.03333333333333333
157.24734727850398,-20.090926184012,0.03333333333333333
157.24815276826885,-44.65190169427293,0.03333333333333333
157.24822094202898,-44.69900856655475,0.03333333333333333
157.25001705949006,-40.0911134544598,0.03333333333333333
157.25007993263452,-46.16451233194445,0.03333333333333333
157.2522212661315,-44.669677346461214,0.03333333333333333
157.25296711210694,-40.08275785582687,0.03333333333333333
157.25895275770068,-43.27355324028985,0.03333333333333333
157.2659233789175,-37.38742101621452,0.03333333333333333
157.26596204452088,-30.49880504523656,0.03333333333333333
157.26818582887202,-44.66730290167291,0.03333333333333333
157.27170366896428,-39.96336478630965,0.03333333333333333
157.27182201835475,-40.07859446338748,0.03333333333333333
157.2721063815389,-42.32492893829957,0.03333333333333333
157.27661316204086,-39.95996455768724,0.03333333333333333
157.27686450664152,-46.85325018169552,0.03333333333333333
157.27814864686056,-39.96011409058203,0.03333333333333333
157.29148612931195,-30.111629847641343,0.03333333333333333
157.29613556479967,-30.342418658284583,0.03333333333333333
157.2990808731983,-41.31992186496115,0.03333333333333333
157.30017723755245,-41.32119417117752,0.03333333333333333
157.34255073953707,-39.83738689968701,0.03333333333333333
157.35633179188892,-47.75227994065392,0.03333333333333333
157.37405019891546,-32.24632879931549,0.03333333333333333
157.37829000769648,-44.12493286121477,0.03333333333333333
157.38261057018073,-39.84300580447559,0.03333333333333333
157.38344775691206,-36.09027152836995,0.03333333333333333
157.3863769012278,-44.124305618354825,0.03333333333333333
157.39048580711517,-36.95087229129138,0.03333333333333333
157.39313956567818,-21.93666364951833,0.03333333333333333
157.39716924773967,-36.00622930172137,0.03333333333333333
157.3975645773373,-32.7209493904378,0.03333333333333333
157.39829963494358,-36.1777432808618,0.03333333333333333
157.40031446587986,-35.66003290883738,0.03333333333333333
157.40710824826235,-47.10122646715279,0.03333333333333333
157.4077999649121,-34.85263121615488,0.03333333333333333
157.4141223876572,-28.759785159922025,0.03333333333333333
157.4160928875041,-36.9999377610388,0.03333333333333333
157.41978508374973,-30.978612018639836,0.03333333333333333
157.42996183452945,-42.89946679205203,0.03333333333333333
157.43242972539596,-43.67740570404573,0.03333333333333333
157.43398685971368,-16.19545074262073,0.03333333333333333
157.44349339350674,-39.10929059361073,0.03333333333333333
157.44841159113602,-38.34584667417829,0.03333333333333333
157.4560369113502,-26.82756011691817,0.03333333333333333
157.46072208706,-24.110468357492604,0.03333333333333333
157.46149251169254,-25.368217938732165,0.03333333333333333
157.46364486567506,-18.34956279905785,0.03333333333333333
157.48702648692716,-19.81196419731568,0.03333333333333333
157.49113672369805,-37.64799142144471,0.03333333333333333
157.5082823692729,-28.690320488328016,0.03333333333333333
157.51734495289435,-21.234682857281957,0.03333333333333333
157.51799841122823,-29.28820088725746,0.03333333333333333
157.52100332069162,-21.4700782978423,0.03333333333333333
157.52301418173172,-45.642131869351815,0.03333333333333333
157.54459177334178,-23.998623039232555,0.03333333333333333
157.55338586562974,-44.22078247054936,0.03333333333333333
157.55559534808083,-47.67824479473654,0.03333333333333333
157.55559671075378,-37.933404413072495,0.03333333333333333
157.5557139186204,-34.517386964236415,0.03333333333333333
157.5614695764965,-39.47754439458408,0.03333333333333333
157.5721769146539,-15.45399055692816,0.03333333333333333
157.5798373698833,-25.95864342247679,0.03333333333333333
157.58428642747418,-38.54445436634949,0.03333333333333333
157.5865330732154,-20.87934640450374,0.03333333333333333
157.59126785417254,-41.95405127201797,0.03333333333333333
157.5944528223087,-30.393654456794685,0.03333333333333333
157.5996545529949,-41.97150545128337,0.03333333333333333
157.60458317305788,-45.05340500125059,0.03333333333333333
157.60900661081035,-39.7342840647888,0.03333333333333333
157.61190834441297,-15.105589918524997,0.03333333333333333
157.61659074705602,-33.93357000335861,0.03333333333333333
157.62246231293616,-45.21273995830853,0.03333333333333333
157.62309053735115,-42.43980177680134,0.03333333333333333
157.6274499803631,-36.47975718945754,0.03333333333333333
157.6274682004481,-36.479748605745336,0.03333333333333333
157.63889201882088,-22.0491439621366,0.03333333333333333
157.6394861749144,-19.85596780132997,0.03333333333333333
157.64253067573634,-32.336012250547405,0.03333333333333333
157.66905222944192,-21.93978004650535,0.03333333333333333
157.67357306505625,-39.30133974728964,0.03333333333333333
157.6761971976844,-18.186403338933346,0.03333333333333333
157.67806641887574,-39.314829182637936,0.03333333333333333
157.68426452239405,-30.322290124201263,0.03333333333333333
157.68436953457962,-46.00374484012681,0.03333333333333333
157.694205950698,-40.17593641371045,0.03333333333333333
157.69563840174916,-40.17583636414145,0.03333333333333333
157.69722258191555,-40.20181584795645,0.03333333333333333
157.6977841266346,-34.04977113849795,0.03333333333333333
157.70006664284864,-35.34591193808601,0.03333333333333333
157.71159484599627,-23.750669907165115,0.03333333333333333
157.7403937388915,-34.70791610390661,0.03333333333333333
157.75042642895878,-36.07021576856019,0.03333333333333333
157.75043194542434,-36.07021144412396,0.03333333333333333
157.75073627506603,-40.17847373737768,0.03333333333333333
157.75420406818526,-40.18452364842955,0.03333333333333333
157.7728737877827,-38.39409787177778,0.03333333333333333
157.77288290757383,-35.14851984066215,0.03333333333333333
157.78024741408038,-32.21597682924593,0.03333333333333333
157.78231718390796,-35.98767087129938,0.03333333333333333
157.7876709211596,-43.16975162723199,0.03333333333333333
157.79034509678925,-25.4409982829208,0.03333333333333333
157.8053830054379,-47.10677538955529,0.03333333333333333
157.80763358540827,-40.62297400322205,0.03333333333333333
157.8135810747673,-30.338381842467456,0.03333333333333333
157.81430944262675,-43.90432999222294,0.03333333333333333
157.816992231496,-30.95885892936796,0.03333333333333333
157.81953500367177,-31.24377439322205,0.03333333333333333
157.82003004117104,-31.27729568565035,0.03333333333333333
157.8226182390652,-45.21203446196877,0.03333333333333333
157.82309190557518,-43.85795848819607,0.03333333333333333
157.82550573980603,-40.62091375189723,0.03333333333333333
157.83419374162492,-30.130498558424232,0.03333333333333333
157.84482324301217,-46.218614730967616,0.03333333333333333
157.86149566545544,-46.38391367530961,0.03333333333333333
157.8737000054749,-46.29251720327681,0.03333333333333333
157.87422625968134,-33.910473698964914,0.03333333333333333
157.8745742217274,-32.71308133498473,0.03333333333333333
157.88549302886645,-47.029563111526734,0.03333333333333333
157.89103396413373,-41.19779496810856,0.03333333333333333
157.89108581905117,-41.19075301839261,0.03333333333333333
157.90010532781625,-33.5663934390017,0.03333333333333333
157.9060714048898,-47.79190261459901,0.03333333333333333
157.90990817558028,-31.211916108816304,0.03333333333333333
157.91474660497497,-34.34437665607575,0.03333333333333333
157.9157482039136,-40.12278829831333,0.03333333333333333
157.9162489407496,-38.958346000955856,0.03333333333333333
157.92042785557695,-38.958572888838034,0.03333333333333333
157.9217198220052,-43.35624669981462,0.03333333333333333
157.92616935881813,-22.25278386531985,0.03333333333333333
157.9327000757458,-35.77895948213855,0.03333333333333333
157.94111095053734,-39.75400215780811,0.03333333333333333
157.94430123769396,-23.891267272476178,0.03333333333333333
157.95667967421565,-35.20854909506354,0.03333333333333333
157.95851086159658,-35.20228131985725,0.03333333333333333
157.96713209517503,-34.853619773852564,0.03333333333333333
157.97734473492798,-31.474484753652423,0.03333333333333333
157.9814541753429,-45.67945256853184,0.03333333333333333
157.98405233671775,-45.68987982842273,0.03333333333333333
157.98905881760817,-41.81141143980291,0.03333333333333333
157.9894006489728,-33.90825261656071,0.03333333333333333
157.99092543337298,-41.651029582265245,0.03333333333333333
157.99153307207197,-40.96953258945375,0.03333333333333333
157.99723763795436,-40.58064013547735,0.03333333333333333
157.99794447012798,-22.2794549226076,0.03333333333333333
158.0183181357173,-19.61848105179589,0.03333333333333333
158.0236735972533,-34.08498876733627,0.03333333333333333
158.04504061524366,-37.63294522306785,0.03333333333333333
158.0489204481915,-33.64232235788485,0.03333333333333333
158.05072173217235,-31.87480535390553,0.03333333333333333
158.05336369296683,-41.11720316640463,0.03333333333333333
158.090461042157,-46.888813176639246,0.03333333333333333
158.10753158703113,-39.22405852779767,0.03333333333333333
158.11177517896718,-36.53238181882229,0.03333333333333333
158.11186875564476,-36.53250456338255,0.03333333333333333
158.11997546227613,-25.707753298000075,0.03333333333333333
158.12417697298562,-36.53364468588688,0.03333333333333333
158.1256987115821,-31.659090412236168,0.03333333333333333
158.13740005312798,-19.075379388079803,0.03333333333333333
158.15043406999143,-17.571000537524007,0.03333333333333333
158.15101879671104,-25.89420448510725,0.03333333333333333
158.1555938620448,-38.798576319740654,0.03333333333333333
158.1590113706164,-40.1879601801249,0.03333333333333333
158.16301470732466,-17.424732982478805,0.03333333333333333
158.16447774664368,-17.42666506899127,0.03333333333333333
158.16712553174582,-37.34512469842775,0.03333333333333333
158.17859625462543,-33.90953396493444,0.03333333333333333
158.1828122150467,-32.452403778507346,0.03333333333333333
158.18610857967315,-15.626479162962765,0.03333333333333333
158.1861221048357,-15.62645785674479,0.03333333333333333
158.1883283940989,-42.15989635745246,0.03333333333333333
158.19225171525824,-29.54676610006816,0.03333333333333333
158.20054754776302,-47.484493126835815,0.03333333333333333
158.20087196055724,-37.02581146979736,0.03333333333333333
158.20771610627224,-45.93087224488471,0.03333333333333333
158.20808367866445,-27.52228342274539,0.03333333333333333
158.21051097131732,-30.274780230833592,0.03333333333333333
158.2180602726437,-24.864530089076364,0.03333333333333333
158.22059781127666,-15.768578577390072,0.03333333333333333
158.2251374750082,-43.606901853029534,0.03333333333333333
158.22683549022443,-36.07769431455888,0.03333333333333333
158.2291159200138,-35.2725694778633,0.03333333333333333
158.2294185555316,-36.07652594163755,0.03333333333333333
158.24144058596747,-27.66604440994422,0.03333333333333333
158.2421185858783,-27.670454006293745,0.03333333333333333
158.24260778952137,-27.664740931643703,0.03333333333333333
158.2428997592095,-27.67178902122373,0.03333333333333333
158.24293489199883,-27.673850404324693,0.03333333333333333
158.24311747608323,-27.66531693846842,0.03333333333333333
158.24363198157894,-27.667432949791166,0.03333333333333333
158.24673600744714,-27.543583140163975,0.03333333333333333
158.2496293443126,-35.27867821150978,0.03333333333333333
158.25835298929235,-38.9822948606348,0.03333333333333333
158.2610147305006,-38.978070095604856,0.03333333333333333
158.2610279670715,-38.97815775786147,0.03333333333333333
158.26281080961286,-38.973866135363416,0.03333333333333333
158.26282210656467,-38.973831326956216,0.03333333333333333
158.2780778388728,-44.80947166455663,0.03333333333333333
158.2810611353463,-46.431505794242376,0.03333333333333333
158.2866766963434,-44.34419101427875,0.03333333333333333
158.30547555903215,-36.63009233541324,0.03333333333333333
158.3121139325006,-26.01451486839521,0.03333333333333333
158.31470062992764,-19.545260583549265,0.03333333333333333
158.32031260872998,-30.943380044943265,0.03333333333333333
158.32238113390918,-47.843661314011726,0.03333333333333333
158.32248528920698,-43.07862690646628,0.03333333333333333
158.32274830618536,-28.48424217466512,0.03333333333333333
158.32486025303402,-43.07882400178837,0.03333333333333333
158.33112857195036,-31.970121012074724,0.03333333333333333
158.346994258765,-45.14122777124472,0.03333333333333333
158.3508997046563,-30.118991306263823,0.03333333333333333
158.35490438739998,-30.991352206229795,0.03333333333333333
158.35537641384838,-34.342189332798526,0.03333333333333333
158.36186299361182,-44.5764715885525,0.03333333333333333
158.3644562583185,-46.23090331515317,0.03333333333333333
158.3644572133546,-20.48531124692267,0.03333333333333333
158.3671308310827,-30.120746755695063,0.03333333333333333
158.37226625708146,-30.98312638263572,0.03333333333333333
158.3792286378692,-33.31468340177555,0.03333333333333333
158.3797434153699,-33.98462419823268,0.03333333333333333
158.38943596481604,-28.509406852872907,0.03333333333333333
158.39827189257082,-44.11213152051369,0.03333333333333333
158.41005147345388,-29.50273442149675,0.03333333333333333
158.41024920939543,-28.06966758508714,0.03333333333333333
158.41179578872104,-25.853983200495968,0.03333333333333333
158.41193008834333,-28.08510857869867,0.03333333333333333
158.41488873538538,-19.537345708923617,0.03333333333333333
158.42289004830695,-19.61712573343971,0.03333333333333333
158.42359612267933,-36.5327733901958,0.03333333333333333
158.42525076381247,-34.22844282953004,0.03333333333333333
158.42525371875757,-34.228421143123214,0.03333333333333333
158.42768010902918,-32.72912328849959,0.03333333333333333
158.43253666330725,-41.13576627856563,0.03333333333333333
158.45118020824287,-43.63394304876279,0.03333333333333333
158.47888903471153,-27.831034366945826,0.03333333333333333
158.47952254570234,-27.830103225913547,0.03333333333333333
158.48001646127952,-26.42985622989806,0.03333333333333333
158.4914011875381,-44.275437510669136,0.03333333333333333
158.49780616565397,-30.507192558186414,0.03333333333333333
158.5031268315751,-35.282679860025794,0.03333333333333333
158.50313124725002,-35.28257740972755,0.03333333333333333
158.50984457723192,-44.43337844977764,0.03333333333333333
158.5240230495818,-21.34788738599182,0.03333333333333333
158.52840956441412,-16.892213111608424,0.03333333333333333
158.52844022099433,-16.89226685415695,0.03333333333333333
158.5336711795307,-24.409269409889788,0.03333333333333333
158.54289174424508,-47.34329699002653,0.03333333333333333
158.54689528633313,-31.77437601715521,0.03333333333333333
158.5474987001428,-47.50803020514863,0.03333333333333333
158.5475216173611,-31.77255457975076,0.03333333333333333
158.5614193851044,-16.856823894847548,0.03333333333333333
158.57124908130157,-18.20564785486966,0.03333333333333333
158.57125488451416,-18.205678768367413,0.03333333333333333
158.58160422553593,-42.66845852789671,0.03333333333333333
158.5878867593663,-16.413574703652426,0.03333333333333333
158.59681646722433,-35.270216368743704,0.03333333333333333
158.60754685647734,-25.961772931735005,0.03333333333333333
158.6101752088428,-26.1258346342212,0.03333333333333333
158.61142286949843,-27.50109937658653,0.03333333333333333
158.61565294594385,-28.022726834725017,0.03333333333333333
158.6222802111339,-33.89994773290312,0.03333333333333333
158.62232608831232,-41.13434274256442,0.03333333333333333
158.6315197867927,-46.35679374400471,0.03333333333333333
158.64275672332974,-43.43606335191865,0.03333333333333333
158.6457411624049,-36.34875504645144,0.03333333333333333
158.64580682217078,-36.348802299533645,0.03333333333333333
158.65542174280745,-24.92541217741464,0.03333333333333333
158.66144673587488,-28.583352366148148,0.03333333333333333
158.66197102542506,-43.44345195952516,0.03333333333333333
158.6733417394862,-44.465033282625264,0.03333333333333333
158.6805808802115,-23.953838774971224,0.03333333333333333
158.6937591718765,-36.1742890977584,0.03333333333333333
158.69666579164382,-37.59887673758166,0.03333333333333333
158.72379963689147,-35.05099134211767,0.03333333333333333
158.72747432181612,-20.548791249883188,0.03333333333333333
158.73321629680913,-41.86374198416132,0.03333333333333333
158.7335893010778,-46.57137860519149,0.03333333333333333
158.74382525909093,-40.91202846007671,0.03333333333333333
158.75098716961466,-33.912593184239086,0.03333333333333333
158.76197984814078,-29.506601635883555,0.03333333333333333
158.7676765432111,-43.05742277842085,0.03333333333333333
158.77656407083606,-44.43849301922054,0.03333333333333333
158.78124836560468,-21.062574359591824,0.03333333333333333
158.78217874356557,-27.991310579496265,0.03333333333333333
158.7823494620274,-30.068786156744128,0.03333333333333333
158.78351501600434,-27.99304915311445,0.03333333333333333
158.7912945246491,-16.854708064044495,0.03333333333333333
158.79319545675307,-43.525377205554015,0.03333333333333333
158.79753234842065,-34.469101574644334,0.03333333333333333
158.8002200325526,-37.99205111182224,0.03333333333333333
158.8009457986422,-44.51873531918282,0.03333333333333333
158.81543031966171,-47.03149634826969,0.03333333333333333
158.82434549107452,-24.73162918103885,0.03333333333333333
158.82649536450134,-36.880079669499686,0.03333333333333333
158.82799732327132,-36.87848044358572,0.03333333333333333
158.82868568726076,-36.881433115022816,0.03333333333333333
158.8331651242044,-24.727807632991176,0.03333333333333333
158.83325684095217,-45.64744421600136,0.03333333333333333
158.8342775908149,-24.729549430352,0.03333333333333333
158.83598453595846,-24.72612035423752,0.03333333333333333
158.8379665383195,-31.524378594700558,0.03333333333333333
158.84031456075968,-27.695706429361035,0.03333333333333333
158.8458249657373,-33.24428613528143,0.03333333333333333
158.8466355766965,-36.31254352598495,0.03333333333333333
158.84800692914553,-24.73672817817823,0.03333333333333333
158.8553579623175,-24.748191661873708,0.03333333333333333
158.85933642579576,-24.753136157195524,0.03333333333333333
158.8634821899029,-23.70361095135684,0.03333333333333333
158.86374998540282,-32.493190938039284,0.03333333333333333
158.8639430164635,-39.984900341716674,0.03333333333333333
158.87593706522492,-24.109974038834004,0.03333333333333333
158.87762314422565,-23.63360665351414,0.03333333333333333
158.88207558555908,-30.83334548440517,0.03333333333333333
158.88249892539807,-47.047621863841954,0.03333333333333333
158.8848417270248,-46.57005131586814,0.03333333333333333
158.88757556070607,-16.353839318428847,0.03333333333333333
158.8888299543364,-43.62414513616379,0.03333333333333333
158.89231455964594,-44.57808865211405,0.03333333333333333
158.8939179081362,-33.93290130430328,0.03333333333333333
158.9029477474436,-19.60869959790035,0.03333333333333333
158.91641703708513,-33.46295344792378,0.03333333333333333
158.9235000205083,-28.25149652176995,0.03333333333333333
158.9444886478129,-40.10634064866945,0.03333333333333333
158.94461395196518,-18.210643563896905,0.03333333333333333
158.94627312233283,-39.18165791351428,0.03333333333333333
158.95547624205378,-28.7465140314197,0.03333333333333333
158.9555318813896,-42.474082771175446,0.03333333333333333
158.9579502624468,-44.53969252757685,0.03333333333333333
158.95988600518336,-27.770050984299058,0.03333333333333333
158.97107780891025,-42.49748498897575,0.03333333333333333
158.97554153607146,-35.698809399824974,0.03333333333333333
158.98398239079535,-30.38830255962765,0.03333333333333333
158.98434782241017,-36.7700288789179,0.03333333333333333
158.9902144191605,-43.21530650419695,0.03333333333333333
158.99506830450332,-15.630689547953155,0.03333333333333333
158.9995223500505,-35.64324433445779,0.03333333333333333
