ra,dec,sep
30.059015260305173,-29.74622384388247,0.03333333333333333
30.070720875882834,-33.80434721376681,0.03333333333333333
30.105854148548683,0.4879895823228443,0.03333333333333333
30.12468753803324,-29.62495471668187,0.03333333333333333
30.22926062206253,-29.59069575111854,0.03333333333333333
30.24502774425558,-32.95707662666413,0.03333333333333333
30.31036584086444,-31.728583712955565,0.03333333333333333
30.31471271654344,0.5264157435180954,0.03333333333333333
30.40571725445402,0.5125087478368078,0.03333333333333333
30.500247645814035,-0.155885605135301,0.03333333333333333
30.91449801304501,-33.85209446128753,0.03333333333333333
31.01398944574882,0.565890668297603,0.03333333333333333
31.14774462904211,-45.99000661095606,0.03333333333333333
31.25347770425113,1.401015050803151,0.03333333333333333
31.289174577467552,-33.81646052143335,0.03333333333333333
31.32290815253848,1.2030121061937862,0.03333333333333333
31.36884579845383,-34.07351212219662,0.03333333333333333
31.4105222522477,-0.6038758673793653,0.03333333333333333
31.504506839160268,-47.16834631637135,0.03333333333333333
31.726835966260627,0.2647050172742986,0.03333333333333333
31.83471909535146,-33.03174281330757,0.03333333333333333
31.84843723326606,0.0309469414329229,0.03333333333333333
32.01870359151427,-0.0063899756832095,0.03333333333333333
32.08402499975504,-46.49026491131399,0.03333333333333333
32.11278143734105,-0.8688706450161886,0.03333333333333333
32.18400738288024,-1.2174127278461904,0.03333333333333333
32.34166379711758,-0.9153964683450352,0.03333333333333333
32.52462604554216,-32.936072370857666,0.03333333333333333
32.56819803105134,-33.7204160094266,0.03333333333333333
32.63568662552727,-32.785662473963114,0.03333333333333333
32.789676481558175,1.2310197090235793,0.03333333333333333
32.82671592148975,-32.99741645926839,0.03333333333333333
32.96830036476228,-33.03846436635994,0.03333333333333333
33.10437995801359,-33.083042512325804,0.03333333333333333
33.125908416277305,-34.17285280556378,0.03333333333333333
33.14335456235507,0.4117715370631744,0.03333333333333333
33.24732893379955,0.2303940824825076,0.03333333333333333
33.24735987740884,0.2304187731993025,0.03333333333333333
33.299295671509114,0.2219084650980615,0.03333333333333333
33.39493673004336,0.5388291344152083,0.03333333333333333
33.41317749759462,-32.456989598512266,0.03333333333333333
33.45630627331382,-33.47385404795327,0.03333333333333333
33.477530234060936,-31.646385225612445,0.03333333333333333
33.60091505746918,-33.24777452929094,0.03333333333333333
33.60243816164764,-33.246524296985925,0.03333333333333333
33.69844878804215,-32.709786589316614,0.03333333333333333
33.81627043825897,-30.71881951613144,0.03333333333333333
33.87092614743144,-0.8874609989930496,0.03333333333333333
33.9339774403445,-31.651234279166523,0.03333333333333333
33.940331606106575,-31.752771527439805,0.03333333333333333
34.006750737249284,-31.61438842877632,0.03333333333333333
34.00960934236933,0.4196575876366211,0.03333333333333333
34.05466482541579,0.0309547461839221,0.03333333333333333
34.05728735762157,-30.84910309956719,0.03333333333333333
34.07162177605453,-1.17963313592842,0.03333333333333333
34.524644241847646,0.3258019394011645,0.03333333333333333
34.543835265892945,-1.0297901208560476,0.03333333333333333
34.65203578244378,0.3215996936596547,0.03333333333333333
34.72796840924125,-0.8026880127959009,0.03333333333333333
34.832630315404984,-30.701325864325906,0.03333333333333333
34.866661573073486,-30.76277662129932,0.03333333333333333
35.06959407013171,-31.458030842867213,0.03333333333333333
35.12963952197508,0.0372292874497671,0.03333333333333333
35.21770511947952,-1.3720774757677747,0.03333333333333333
35.26623759095782,-30.39740940996353,0.03333333333333333
35.2695711065285,0.0358020529420479,0.03333333333333333
35.3022376237971,-30.43306611004649,0.03333333333333333
35.34695621156967,-31.18022670746661,0.03333333333333333
35.41909507565958,0.0384833625390224,0.03333333333333333
35.5667567505806,0.028822397629808,0.03333333333333333
35.82052533020276,-1.0137779997035794,0.03333333333333333
36.07140219729569,0.10724100290268,0.03333333333333333
36.21975140764737,-34.10951561423316,0.03333333333333333
36.37884288953809,-0.8353138394540365,0.03333333333333333
36.49632603448252,-0.6626587405871224,0.03333333333333333
36.61785108970139,1.1604400554801353,0.03333333333333333
36.61785108970139,1.1604400554801353,0.03333333333333333
36.69277213609015,-43.59156135457005,0.03333333333333333
36.81029852296449,1.0934074799976583,0.03333333333333333
36.83039522616293,1.025612852538597,0.03333333333333333
36.90951623742346,-31.607345845404307,0.03333333333333333
36.912532021121066,-43.591056165247366,0.03333333333333333
36.99250641431996,0.0404421118141437,0.03333333333333333
37.05048940001287,-1.3475696129234571,0.03333333333333333
37.06050668375983,-39.267782818411305,0.03333333333333333
37.06898747534153,-1.3265406344282715,0.03333333333333333
37.07164506673428,-34.634290682387146,0.03333333333333333
37.07164506673428,-34.634290682387146,0.03333333333333333
37.07164506673428,-34.634290682387146,0.03333333333333333
37.07164506673428,-34.634290682387146,0.03333333333333333
37.104182479478894,-1.1367063036883334,0.03333333333333333
37.10896697211698,-1.1398993636083066,0.03333333333333333
37.11819782921327,-1.1508972291068025,0.03333333333333333
37.1197026918213,-1.1496158836885042,0.03333333333333333
37.11981026174455,-1.1484995146593346,0.03333333333333333
37.121412675448006,-1.1416835406232886,0.03333333333333333
37.12304629444717,-1.146708527085732,0.03333333333333333
37.13504214102179,-35.27524199624294,0.03333333333333333
37.13504214102179,-35.27524199624294,0.03333333333333333
37.13504214102179,-35.27524199624294,0.03333333333333333
37.13504214102179,-35.27524199624294,0.03333333333333333
37.209294220925706,-44.33680648641513,0.03333333333333333
37.21374885903872,-38.678289488634135,0.03333333333333333
37.21397659133058,-38.64920689963474,0.03333333333333333
37.352969731157295,-1.051789857167018,0.03333333333333333
37.43891173256027,0.1489862508458985,0.03333333333333333
37.47787637713116,-30.599559376424764,0.03333333333333333
37.48634261387853,-34.4447496317604,0.03333333333333333
37.48634261387853,-34.4447496317604,0.03333333333333333
37.48634261387853,-34.4447496317604,0.03333333333333333
37.48634261387853,-34.4447496317604,0.03333333333333333
37.48751137869475,-1.0089856734353149,0.03333333333333333
37.54069701310436,-31.60505123369656,0.03333333333333333
37.58720416243717,0.2321681675793745,0.03333333333333333
37.59970670687598,-1.2672872500408137,0.03333333333333333
37.63800738676328,-31.599348444856403,0.03333333333333333
37.65805208584396,-34.25551896625499,0.03333333333333333
37.65805208584396,-34.25551896625499,0.03333333333333333
37.65805208584396,-34.25551896625499,0.03333333333333333
37.65805208584396,-34.25551896625499,0.03333333333333333
37.65996121175878,-31.59293871121739,0.03333333333333333
37.66134768052658,-31.592505252650188,0.03333333333333333
37.68654733427838,-43.65864098610118,0.03333333333333333
37.9188448320097,-40.90278127493404,0.03333333333333333
37.99545513154192,-42.03245414235094,0.03333333333333333
38.00345276446272,-38.52267192925405,0.03333333333333333
38.03891271958179,-1.3861949894293877,0.03333333333333333
38.07083034116065,-33.84838905228906,0.03333333333333333
38.07534927116573,-33.84528829588545,0.03333333333333333
38.08372994629839,-41.85108570930628,0.03333333333333333
38.11981054243514,-34.21287820528653,0.03333333333333333
38.11981054243514,-34.21287820528653,0.03333333333333333
38.11981054243514,-34.21287820528653,0.03333333333333333
38.11981054243514,-34.21287820528653,0.03333333333333333
38.12763748929023,-1.2817952492366265,0.03333333333333333
38.16704474937851,-38.86321836830332,0.03333333333333333
38.16776423815397,-39.29760976000358,0.03333333333333333
38.174504835656805,-39.295229245873685,0.03333333333333333
38.18123823465533,-39.293050057193696,0.03333333333333333
38.182188008564346,-39.5738824343745,0.03333333333333333
38.19576335572484,0.0526331474610367,0.03333333333333333
38.20293944460951,0.8607798584028256,0.03333333333333333
38.2057384977626,0.0077251718230375,0.03333333333333333
38.24581503354316,-33.857833507890355,0.03333333333333333
38.24666961230192,-35.36655433543424,0.03333333333333333
38.24666961230192,-35.36655433543424,0.03333333333333333
38.24666961230192,-35.36655433543424,0.03333333333333333
38.24666961230192,-35.36655433543424,0.03333333333333333
38.34423535712647,0.8498264300321089,0.03333333333333333
38.35827465381395,-0.9445651391434908,0.03333333333333333
38.37958500587165,-39.05307873206164,0.03333333333333333
38.39285833594685,-39.04470809996566,0.03333333333333333
38.39735766972906,-1.1290537121536242,0.03333333333333333
38.4043516329295,-39.02992290459976,0.03333333333333333
38.458546540755535,0.242420464012594,0.03333333333333333
38.523334698710585,0.9014534063019336,0.03333333333333333
38.56970226818897,-38.38710741808387,0.03333333333333333
38.73393727058514,-38.51165406682597,0.03333333333333333
39.00061803115051,0.4135692451937822,0.03333333333333333
39.00429454433953,0.4171800798497762,0.03333333333333333
39.008177086791626,0.4160589344731706,0.03333333333333333
39.11980508074,-0.9749932035748634,0.03333333333333333
39.14871940890983,-0.5342706372644691,0.03333333333333333
39.17346232031733,-0.0184094210220275,0.03333333333333333
39.41043686282069,-32.92490639489926,0.03333333333333333
39.50177727166784,-51.24197255340974,0.03333333333333333
39.51783882095801,1.1814393620189445,0.03333333333333333
39.58084534512644,1.3229541647014316,0.03333333333333333
39.62343833616215,-50.83995857685694,0.03333333333333333
39.699796033786015,1.432920416908691,0.03333333333333333
40.03406955218659,-0.2232038201127186,0.03333333333333333
40.19763559343848,-50.82695817074366,0.03333333333333333
40.22373767834307,-34.17009867624952,0.03333333333333333
40.24643683967374,0.7627476177593495,0.03333333333333333
40.33675682421283,-0.9078367794116105,0.03333333333333333
40.35018950842367,0.0315710933696559,0.03333333333333333
40.36872861826452,1.4046969946952377,0.03333333333333333
40.49216359967355,-35.247759355416186,0.03333333333333333
40.58875770358495,-0.7219302965390709,0.03333333333333333
40.59258570565698,-50.30657723896384,0.03333333333333333
40.626859937097386,0.6262263573870926,0.03333333333333333
40.6454475160122,-1.0644227483678184,0.03333333333333333
40.67786591314231,-34.90554589480728,0.03333333333333333
40.69556506354039,0.0239358351857076,0.03333333333333333
40.717339002177006,-35.56024408155241,0.03333333333333333
40.81773956917263,-1.2660443017659364,0.03333333333333333
40.85052572966759,-1.22645722290896,0.03333333333333333
40.89507772422855,1.399304556484244,0.03333333333333333
40.89577426086234,1.3766193425082969,0.03333333333333333
40.89837979736232,1.3771938278420643,0.03333333333333333
40.90566622617787,1.3830923960547865,0.03333333333333333
40.90704549503712,1.3729265625996037,0.03333333333333333
40.90856577945561,1.406483827058392,0.03333333333333333
40.9107645013782,1.4017665887895092,0.03333333333333333
40.91641391405376,1.3974777776012366,0.03333333333333333
40.924456177590734,1.3500496104193842,0.03333333333333333
40.92809118446975,1.3595621460159046,0.03333333333333333
40.933458965510255,1.3779211213547329,0.03333333333333333
40.933662341125626,1.3590304280726293,0.03333333333333333
40.93905231664032,1.3989273849115056,0.03333333333333333
40.94010660449516,1.3859340012068206,0.03333333333333333
40.942462283555216,-34.23334124411217,0.03333333333333333
40.94567354830121,1.3799188287448487,0.03333333333333333
41.0247029238943,-34.980006275589055,0.03333333333333333
41.05066702435974,1.4440903812712853,0.03333333333333333
41.08490113689615,0.6747792541231726,0.03333333333333333
41.14419576198907,-0.1817089175891227,0.03333333333333333
41.43640723369631,-0.8764797221982424,0.03333333333333333
41.52198188668681,-33.08317001603085,0.03333333333333333
41.580771518265486,-34.71571373159738,0.03333333333333333
41.60058125535593,-0.4980253582007756,0.03333333333333333
41.60311859466317,-0.5045181639339942,0.03333333333333333
41.60538742277559,-0.4991950700734108,0.03333333333333333
41.605538796361046,-0.4827265558775097,0.03333333333333333
41.60593375574607,-0.5027112363938046,0.03333333333333333
41.61070793418088,-0.5000978872359795,0.03333333333333333
41.612923618793694,-0.2404429446407126,0.03333333333333333
41.62516763588682,-0.245264496904176,0.03333333333333333
41.62645113638281,-0.2421830256928586,0.03333333333333333
41.6593325780574,-0.2431631808444202,0.03333333333333333
41.666379178579845,-0.2414228128603676,0.03333333333333333
41.85346008029874,-1.3481438212132906,0.03333333333333333
41.940334723845005,-33.368180784711804,0.03333333333333333
42.22020967186947,-0.3450287643994487,0.03333333333333333
42.71736482115805,0.0046780791592983,0.03333333333333333
42.71987309866308,0.3371759380400896,0.03333333333333333
42.75267977777988,0.2853735115843281,0.03333333333333333
42.96139191914964,-1.1782587988386246,0.03333333333333333
42.9622421148964,-1.1801268136804175,0.03333333333333333
42.97126781048589,-1.1579714471696143,0.03333333333333333
42.97196002085732,-1.1709593715469422,0.03333333333333333
42.98001935079101,-1.1639445025458024,0.03333333333333333
43.021238862137125,1.4209898072839555,0.03333333333333333
43.06969129708544,0.2947725157476631,0.03333333333333333
43.13891726995626,0.136726877573004,0.03333333333333333
43.19424265451256,-0.6878222333695794,0.03333333333333333
43.216052219466846,-1.0449782368592324,0.03333333333333333
43.21668023139433,-0.3698979850578264,0.03333333333333333
43.24908496755586,0.0320209074013152,0.03333333333333333
43.376243118161874,-0.7914841048787871,0.03333333333333333
43.51953349578219,0.4140327723195526,0.03333333333333333
43.5908367962737,-0.3023876366412518,0.03333333333333333
43.60887244004112,-0.6896473847720612,0.03333333333333333
43.72967916472421,0.1089569441198251,0.03333333333333333
43.73193542181384,-1.2049457159091728,0.03333333333333333
43.76980314488674,0.0321145324520454,0.03333333333333333
43.98850261320957,0.692640180601257,0.03333333333333333
44.030210339218165,1.1774555299992029,0.03333333333333333
44.10549886585857,0.5748223254603584,0.03333333333333333
44.118458575759135,0.6078355659352473,0.03333333333333333
44.29430364802591,-0.2253132966246054,0.03333333333333333
44.372630607509976,-33.199132315050534,0.03333333333333333
44.377983246414544,-1.3478759056631353,0.03333333333333333
44.439740352809245,-33.482079149106816,0.03333333333333333
44.79324003091252,-0.3777292200872463,0.03333333333333333
44.85558959760276,0.7273367471611171,0.03333333333333333
44.86076224366632,-33.46027156410539,0.03333333333333333
45.26043934469504,-0.7371448867232501,0.03333333333333333
45.26211113303913,-0.7398043239325977,0.03333333333333333
45.26403926307113,-0.7469694174002102,0.03333333333333333
45.265060414260745,-0.7406459958771656,0.03333333333333333
45.265533171356985,-0.7458009414301933,0.03333333333333333
45.41920640433478,1.434391765733292,0.03333333333333333
45.49108533884014,0.1961723149545119,0.03333333333333333
45.57185428832632,-32.13672694018426,0.03333333333333333
45.57961963974664,-32.65039477271859,0.03333333333333333
45.79093859633274,0.2271602138922271,0.03333333333333333
45.99795607976692,1.1540679276997874,0.03333333333333333
46.03047609452898,-33.145973678453394,0.03333333333333333
46.05196517556931,-1.1927199888695097,0.03333333333333333
46.05227804547239,-1.194898515966731,0.03333333333333333
46.07402391239703,-0.8254163698523541,0.03333333333333333
46.11427486268706,-0.5940396367579688,0.03333333333333333
46.13989041271619,-33.789883639903515,0.03333333333333333
46.144829680398814,-0.4751996068898478,0.03333333333333333
46.20769411378219,-0.1370507568661265,0.03333333333333333
46.2415646756668,0.9538832761700016,0.03333333333333333
46.32601371119922,-0.1594812724372881,0.03333333333333333
46.518007067213006,0.2152537703047854,0.03333333333333333
46.55298185202796,1.3659244829765935,0.03333333333333333
46.59191581362047,-31.54468011024383,0.03333333333333333
46.6217332236032,-33.89231237580181,0.03333333333333333
46.62637094367816,-0.1063532167324183,0.03333333333333333
46.68059810661236,-55.0910621665049,0.03333333333333333
46.81501686424852,0.7312750476021798,0.03333333333333333
46.89767701075476,-55.43612858104071,0.03333333333333333
46.95594022720145,1.4410824048726425,0.03333333333333333
46.98979992986573,0.120017369478221,0.03333333333333333
47.22044853734907,-32.04173929465971,0.03333333333333333
47.327435587173234,-55.64079186158609,0.03333333333333333
47.34240193640671,0.8495076696737619,0.03333333333333333
47.388386174322825,0.1713455380432214,0.03333333333333333
47.41717010682658,-31.649117324095315,0.03333333333333333
47.57980375234875,-31.76321326601292,0.03333333333333333
47.59098006955065,-33.14802549209479,0.03333333333333333
47.59104496081817,-33.148009028089255,0.03333333333333333
47.59841213658425,-33.15388010617976,0.03333333333333333
47.61207209043975,-33.16464645301439,0.03333333333333333
47.6121685162809,-33.164627012804964,0.03333333333333333
47.67503857759192,-34.161992432874115,0.03333333333333333
47.87373270347458,-0.2837361426333072,0.03333333333333333
47.87885012806618,-31.880860044582445,0.03333333333333333
48.01272148055232,-32.882165817667094,0.03333333333333333
48.08069112038904,-31.033090170434228,0.03333333333333333
48.09119617544737,-30.9716275312946,0.03333333333333333
48.10624300339053,-32.43789811306689,0.03333333333333333
48.19814174610859,-31.4941291854725,0.03333333333333333
48.19823554408302,-31.48578664419667,0.03333333333333333
48.202558396796846,-31.48630904526674,0.03333333333333333
48.204651458810766,-31.49197477035192,0.03333333333333333
48.24315359852245,-0.0815656430783389,0.03333333333333333
48.36534818598656,0.0427320842068484,0.03333333333333333
48.36684581048716,-56.3783369546484,0.03333333333333333
48.44613561024231,-31.48711372085554,0.03333333333333333
48.481627896154585,-1.371755537480764,0.03333333333333333
48.48367671208701,-31.470164460703632,0.03333333333333333
48.52842833986016,-1.3707264999808113,0.03333333333333333
48.61771428658176,0.7519402356960914,0.03333333333333333
48.637234037249584,-31.538342848531062,0.03333333333333333
48.63725659916625,-31.538394417267995,0.03333333333333333
48.64676974906038,-33.455085228877685,0.03333333333333333
48.67903995681255,-30.724301738688894,0.03333333333333333
48.74740560523959,-33.7456819352516,0.03333333333333333
48.8514470268513,-32.84285738587125,0.03333333333333333
49.06257448977247,-31.209016348667934,0.03333333333333333
49.06378553118447,-31.209241913161897,0.03333333333333333
49.06663334504583,-30.71926461791548,0.03333333333333333
49.0750504981236,-0.5069279648561904,0.03333333333333333
49.12071651255526,-55.485171148558365,0.03333333333333333
49.14992228488951,-32.516244171886775,0.03333333333333333
49.21104988541157,-33.30106752208543,0.03333333333333333
49.21108348383686,-33.30109956831036,0.03333333333333333
49.250960078299634,-1.4117196745184093,0.03333333333333333
49.2878260528247,0.842996813987001,0.03333333333333333
49.31054292153229,-32.58345539835712,0.03333333333333333
49.31706222778505,-32.57221613254912,0.03333333333333333
49.391375655495935,-1.3249306475185865,0.03333333333333333
49.62107027321726,-0.0112548928671764,0.03333333333333333
49.64455415494176,1.3534308943446736,0.03333333333333333
49.68820265523018,-0.3125867996899615,0.03333333333333333
49.89933563306084,-32.47200542144232,0.03333333333333333
49.90071356515417,-32.47343235668155,0.03333333333333333
49.90430583847439,-30.41872237826728,0.03333333333333333
49.905357996326025,-0.4447129467729893,0.03333333333333333
50.03164807421675,-30.756002488276064,0.03333333333333333
50.04392259322714,-36.93513057506685,0.03333333333333333
50.1186980865654,-1.3196402489222163,0.03333333333333333
50.19893883611037,-32.182276735393586,0.03333333333333333
50.21338247207208,-56.16601978565693,0.03333333333333333
50.22562961938192,-33.716155505154866,0.03333333333333333
50.24962590204311,-56.28096494661059,0.03333333333333333
50.2516667827433,-37.09872705664976,0.03333333333333333
50.26147033287045,-33.027351915583104,0.03333333333333333
50.31999185651895,0.1432899380403876,0.03333333333333333
50.46706107226198,-31.153930849410905,0.03333333333333333
50.598240165986425,0.9202229621445512,0.03333333333333333
50.65899296852554,-37.31340417050729,0.03333333333333333
50.68707745560916,0.7450965554947673,0.03333333333333333
50.70681403919572,-31.144951700821395,0.03333333333333333
50.74224501554805,-55.50658737752579,0.03333333333333333
50.752099776928816,-32.7572830102304,0.03333333333333333
50.763548346079226,-55.68451397788894,0.03333333333333333
50.83577982354325,-0.9011096604164728,0.03333333333333333
50.88001491152107,-33.814450010932724,0.03333333333333333
50.89703192148888,-36.616515954879965,0.03333333333333333
50.97415438270463,-37.51324251123992,0.03333333333333333
50.97643122248776,-37.5119853576242,0.03333333333333333
50.97707468268986,-37.51038196542084,0.03333333333333333
50.97941107300696,-37.50932372939759,0.03333333333333333
51.26729795433997,-36.92773995131392,0.03333333333333333
51.2805169852364,-36.361899269814245,0.03333333333333333
51.28529713968471,-36.36947193437858,0.03333333333333333
51.29391146950884,-36.36696534192466,0.03333333333333333
51.29417122299063,-36.364116837786646,0.03333333333333333
51.30287432554955,-36.36952517246167,0.03333333333333333
51.3044429528618,-36.369356180322086,0.03333333333333333
51.318000716553456,-36.37365298806249,0.03333333333333333
51.32131595413716,-36.37648232247583,0.03333333333333333
51.32388790798288,0.0534926719068344,0.03333333333333333
51.340397707083454,-32.46067132187973,0.03333333333333333
51.35273693256361,-36.3969327223046,0.03333333333333333
51.4342556649562,-36.26333289514362,0.03333333333333333
51.48028596578508,-32.88302604889567,0.03333333333333333
51.80880881678991,-33.483525691742734,0.03333333333333333
51.81468087200482,-33.48259080401655,0.03333333333333333
51.81813277351561,-34.54808730769783,0.03333333333333333
51.81826932424134,-33.49311484159038,0.03333333333333333
51.839005024518855,-34.13314853982729,0.03333333333333333
51.9203862408725,-37.75849733697645,0.03333333333333333
51.95562972916677,-33.699617307354536,0.03333333333333333
51.98875139192221,-37.14833273749018,0.03333333333333333
51.99239213809064,-37.14656137274093,0.03333333333333333
51.9926898184399,-37.14818170304613,0.03333333333333333
51.99847118632749,-37.14658751593436,0.03333333333333333
52.01186899065637,-36.80321259400991,0.03333333333333333
52.01996524043048,-38.13954925473811,0.03333333333333333
52.458392770183,-36.86086546234528,0.03333333333333333
52.4584504902718,-36.86085132790806,0.03333333333333333
52.458461610494496,-36.86078857720132,0.03333333333333333
52.49109802264673,-33.739887063220124,0.03333333333333333
52.51194603857071,-37.09133050343128,0.03333333333333333
52.52121443556863,-36.03034401023534,0.03333333333333333
52.54123236268947,-37.25481431943697,0.03333333333333333
52.55487609384101,-36.058351744648746,0.03333333333333333
52.65199168817787,-36.61459842951033,0.03333333333333333
52.78822496215591,0.2002754668002282,0.03333333333333333
52.799546980797366,-31.20741742009937,0.03333333333333333
52.84001689365989,-33.73574071010932,0.03333333333333333
52.86913605810892,-31.374955539913845,0.03333333333333333
52.87348184865126,-30.212439132692563,0.03333333333333333
52.87395881050353,-30.20870376637984,0.03333333333333333
52.87454916127415,-30.21535521793645,0.03333333333333333
52.87598809949751,-33.51416844973754,0.03333333333333333
52.87767069685057,-30.214388032625184,0.03333333333333333
52.97653912169734,-31.33812124672424,0.03333333333333333
53.00416234244469,-33.69539656544062,0.03333333333333333
53.06056154725957,-33.10818101302587,0.03333333333333333
53.10952432881614,-1.1905549158813071,0.03333333333333333
53.10958810574174,-1.190642242028551,0.03333333333333333
53.1970994781965,1.4120796679568566,0.03333333333333333
53.202451735196185,-33.82600444094056,0.03333333333333333
53.21344009201404,1.0335237733843754,0.03333333333333333
53.292001605589874,0.1469919509442148,0.03333333333333333
53.38077827143503,0.9754159933830268,0.03333333333333333
53.44449125708184,-34.74386797665114,0.03333333333333333
53.48866975996919,-34.61157584521097,0.03333333333333333
53.50745961827551,-34.73551729784952,0.03333333333333333
53.53354023293812,-37.39602303007275,0.03333333333333333
53.541591353414624,-1.2562069029523055,0.03333333333333333
53.54809274925381,-37.168580455539306,0.03333333333333333
53.70111266370997,-34.48231025789825,0.03333333333333333
53.70119364265332,-30.391190522939684,0.03333333333333333
53.74365145217437,-0.1288517115468432,0.03333333333333333
53.88263985564855,-1.3705875974189836,0.03333333333333333
53.96767383110566,0.042089609476311,0.03333333333333333
53.96767491216677,0.0421405411409651,0.03333333333333333
54.10248034793493,-36.316292915671305,0.03333333333333333
54.130666038447394,-30.37693228534811,0.03333333333333333
54.14669238654196,-33.48365861830581,0.03333333333333333
54.16255726658193,-0.2408741468099613,0.03333333333333333
54.180608832800935,-30.732931993965323,0.03333333333333333
54.20854128099514,-36.45410215583513,0.03333333333333333
54.25376903638978,-31.47020267947373,0.03333333333333333
54.29428138799668,0.6078160633510274,0.03333333333333333
54.3230735912183,-35.300148099171814,0.03333333333333333
54.34036266307306,-31.59859753270717,0.03333333333333333
54.34789682717199,-32.19181798633715,0.03333333333333333
54.43497518020293,0.5941790008879552,0.03333333333333333
54.44906465247561,-0.5424345008584204,0.03333333333333333
54.552491071098295,-32.08838801645791,0.03333333333333333
54.58960430404596,0.5184971700047292,0.03333333333333333
54.60711097590077,-34.56291347667671,0.03333333333333333
54.67234367033864,-35.52621813852562,0.03333333333333333
54.67235585673245,-35.52616012986378,0.03333333333333333
54.69472427671282,-33.063021381556524,0.03333333333333333
54.70552791301895,-32.64978160317823,0.03333333333333333
54.70829522281823,-33.806670415313604,0.03333333333333333
54.81256723371773,-35.807333616712974,0.03333333333333333
54.86439460038415,-34.61862342769125,0.03333333333333333
54.96525457319549,-0.8473854945976225,0.03333333333333333
55.02507653846957,-35.62517521226551,0.03333333333333333
55.026218994327806,-35.62338871339224,0.03333333333333333
55.02864499194436,-35.62908128603585,0.03333333333333333
55.03061811606564,-35.619383610442306,0.03333333333333333
55.03080413274328,-35.62886597887759,0.03333333333333333
55.03575396910976,-35.6261832037439,0.03333333333333333
55.03933018100111,-35.6292629872087,0.03333333333333333
55.05160899500496,-35.62780439037955,0.03333333333333333
55.08289490156473,1.0585242193939064,0.03333333333333333
55.08871476251146,-34.65158064066873,0.03333333333333333
55.09307385916324,-1.372896054391219,0.03333333333333333
55.09580981936138,-35.26861884407053,0.03333333333333333
55.21032155384233,-35.439371817285185,0.03333333333333333
55.31594853632193,-1.3701955322609898,0.03333333333333333
55.31959229248378,0.0287741210874143,0.03333333333333333
55.33000060766816,-1.3681405986694464,0.03333333333333333
55.35570706937588,0.4295265182126321,0.03333333333333333
55.36765312479217,-33.64785681053523,0.03333333333333333
55.38460541024991,-34.89109788777535,0.03333333333333333
55.38562960618687,-34.88861116743838,0.03333333333333333
55.4829324603685,-37.23587317256143,0.03333333333333333
55.55194367753929,-37.658014631318046,0.03333333333333333
55.55556185639352,-33.41326515987398,0.03333333333333333
55.56732310028989,-0.2686930194258193,0.03333333333333333
55.69883615683876,1.1591704436722594,0.03333333333333333
55.75376189279608,-36.27169531460084,0.03333333333333333
55.75610324059871,-36.27922745069839,0.03333333333333333
55.76773169781176,-36.27391057439166,0.03333333333333333
55.76923703270252,-36.267762019948925,0.03333333333333333
55.76928012868025,-36.27043425256432,0.03333333333333333
55.76939354280558,0.4200849545421101,0.03333333333333333
55.76941105345061,-36.27050188011122,0.03333333333333333
55.86491622787323,-0.7540494353689235,0.03333333333333333
55.87505303744666,-35.68898801829732,0.03333333333333333
55.95149144051901,-34.11479640982247,0.03333333333333333
56.00322074574657,-33.08830307709804,0.03333333333333333
56.01948427011065,-38.13665123007838,0.03333333333333333
56.03437204036832,-0.5182824235374773,0.03333333333333333
56.042194414945925,0.7587368440730393,0.03333333333333333
56.07781364534063,-37.79995502611016,0.03333333333333333
56.0794719465683,-36.24773651525552,0.03333333333333333
56.10193153504484,-37.06039810082772,0.03333333333333333
56.1115159452355,-1.3505278020425429,0.03333333333333333
56.11555619710486,-0.4611633605478731,0.03333333333333333
56.11880807282637,-0.6931042608726868,0.03333333333333333
56.14004289975637,1.3084713461417323,0.03333333333333333
56.247737468253845,-36.59237036638799,0.03333333333333333
56.30183667169758,-35.572025608951066,0.03333333333333333
56.30189132188154,-35.57204660502966,0.03333333333333333
56.32088432677072,-0.2638128432166242,0.03333333333333333
56.393779746262815,-37.11760710785724,0.03333333333333333
56.4068185365494,-1.3283217479210592,0.03333333333333333
56.42712194450585,-35.35067459393458,0.03333333333333333
56.43910392669589,-36.34612610981142,0.03333333333333333
56.51053562993339,-0.0162825970895807,0.03333333333333333
56.57186743413093,-34.93782079316491,0.03333333333333333
56.58711031310763,-34.95036096470176,0.03333333333333333
56.61511753810488,-37.193843652466754,0.03333333333333333
56.621215914899935,-37.15030515738393,0.03333333333333333
56.74769684502736,-36.49257235082898,0.03333333333333333
56.84143331660593,-32.85143564003734,0.03333333333333333
56.85238267402881,-1.1367294673044177,0.03333333333333333
56.85304938528908,-36.654665579910166,0.03333333333333333
57.22792765104508,0.4687870759429622,0.03333333333333333
57.28305368748847,1.162003553131273,0.03333333333333333
57.28392132799132,1.164452164764057,0.03333333333333333
57.28697520415392,1.1628501269812663,0.03333333333333333
57.44721498698711,-37.52445002351697,0.03333333333333333
57.5003098460388,-35.519698395226584,0.03333333333333333
57.5125504578195,-35.963501437944004,0.03333333333333333
57.52557853727989,-36.79709503484863,0.03333333333333333
57.6390606482243,-39.37909200095996,0.03333333333333333
57.74100567327152,0.4260298565588763,0.03333333333333333
57.77028133417981,-0.5462868202155821,0.03333333333333333
57.830647615852506,0.5379309203257563,0.03333333333333333
57.84195337769419,-34.548528074896375,0.03333333333333333
57.87526558121553,-37.54847316493064,0.03333333333333333
57.92465917430867,-38.46333201406113,0.03333333333333333
58.00442302052404,-38.43336905008649,0.03333333333333333
58.07004130619461,-38.05461269973871,0.03333333333333333
58.09248027378109,-38.57728246479672,0.03333333333333333
58.23642185865937,1.3467039728310437,0.03333333333333333
58.26395087466568,-35.018538450106696,0.03333333333333333
58.33223269027387,-36.86552435917897,0.03333333333333333
58.3753764994077,-34.920661784988006,0.03333333333333333
58.42683137700293,-36.31713306068735,0.03333333333333333
58.46820891471356,-38.56792611285339,0.03333333333333333
58.51681154265012,-36.06192558989524,0.03333333333333333
58.53639795930956,-35.04660396121433,0.03333333333333333
58.54573394495856,-39.39399150176758,0.03333333333333333
58.584695516539774,-36.59119475308943,0.03333333333333333
58.64684189666947,-34.66211460567267,0.03333333333333333
58.686646766963584,-36.25113830113986,0.03333333333333333
58.760643529078,-38.594508054321246,0.03333333333333333
58.81671653823677,-37.49575812066213,0.03333333333333333
58.87662639118911,-38.86880451684173,0.03333333333333333
58.91021078569528,0.4763724886809515,0.03333333333333333
58.91079038205737,-40.75190025359076,0.03333333333333333
58.913047000913735,-34.42172669245311,0.03333333333333333
58.96909533625018,-40.68543671030852,0.03333333333333333
59.023230308727214,-49.47798028782121,0.03333333333333333
59.06384436492245,-39.03327540278258,0.03333333333333333
59.12523850646553,-39.32590560882194,0.03333333333333333
59.14014798995329,-38.63571522809396,0.03333333333333333
59.20763486983075,-33.12779171719599,0.03333333333333333
59.20960380214664,-40.31509606489043,0.03333333333333333
59.21160650977977,-0.2430266735645456,0.03333333333333333
59.25324389277852,-33.61751966481372,0.03333333333333333
59.342101075938615,-37.03168069989505,0.03333333333333333
59.36268479109446,-35.54001148146726,0.03333333333333333
59.36271224621581,-35.53996722738137,0.03333333333333333
59.384437936839966,-0.0132210920265977,0.03333333333333333
59.38624967792415,-0.0132965797032029,0.03333333333333333
59.38881157144212,-0.0119773358047688,0.03333333333333333
59.417672228728094,-48.918102321839015,0.03333333333333333
59.41990203940905,-48.89783102211906,0.03333333333333333
59.42472528342621,-48.9021497228637,0.03333333333333333
59.43163193325266,-48.89194920387039,0.03333333333333333
59.43243548361581,-48.91218806057894,0.03333333333333333
59.43487872383388,-48.89496633997448,0.03333333333333333
59.446473126933135,-48.65825798874877,0.03333333333333333
59.44649556560861,-48.90941999468587,0.03333333333333333
59.49134677455187,-1.3710543952283427,0.03333333333333333
59.5115477854082,-35.7784229725168,0.03333333333333333
59.61150464189447,-33.3300308614873,0.03333333333333333
59.623171389690654,-36.48366561690528,0.03333333333333333
59.690802565282205,-37.28245753340851,0.03333333333333333
59.70879254996271,-38.09392633088924,0.03333333333333333
59.726741338799165,-40.100564603514144,0.03333333333333333
59.757162586785896,-40.12181925692376,0.03333333333333333
59.76629933224044,1.359321839400579,0.03333333333333333
59.76629933224044,1.359321839400579,0.03333333333333333
59.861876916027455,-1.2784874168736258,0.03333333333333333
59.91916180391396,1.38909076208475,0.03333333333333333
59.94255004065473,-39.2033518144577,0.03333333333333333
59.95056251892101,1.1697009295272882,0.03333333333333333
59.95844261308967,-38.03769277389853,0.03333333333333333
60.0739186827952,-48.81442958688316,0.03333333333333333
60.12006841891675,-49.02523124610912,0.03333333333333333
60.12177496507805,-49.02651415393258,0.03333333333333333
60.12243387703378,-49.03011512394491,0.03333333333333333
60.12371699393936,-49.0284135721714,0.03333333333333333
60.19197563815276,-34.40769068554132,0.03333333333333333
60.21768812149347,-35.23875799491577,0.03333333333333333
60.22136110841383,-35.23783495731069,0.03333333333333333
60.26385173594768,-48.85898172619652,0.03333333333333333
60.33082269990064,-32.87635440036846,0.03333333333333333
60.50730638947664,-32.84199219371004,0.03333333333333333
60.5845362238363,-36.395518802593614,0.03333333333333333
60.621595765429134,-34.987613878513216,0.03333333333333333
60.72271861096518,-39.22107910695684,0.03333333333333333
60.77977927224759,-36.01786020797044,0.03333333333333333
60.794009739694005,-34.94910807950281,0.03333333333333333
60.98117102517535,-38.22297932292475,0.03333333333333333
60.98645768730256,-38.23292063597632,0.03333333333333333
61.01867737597881,-38.7244139100259,0.03333333333333333
61.13744822400311,-37.78680506553068,0.03333333333333333
61.17143615831319,-34.96550088599031,0.03333333333333333
61.324627000901984,-38.240263918032994,0.03333333333333333
61.33411004167963,-36.81713635849983,0.03333333333333333
61.334161042869695,-36.81718612542376,0.03333333333333333
61.33498273596544,-36.81638793661925,0.03333333333333333
61.33500967007201,-36.81633617582762,0.03333333333333333
61.366561383475336,-38.18946988054663,0.03333333333333333
61.42984081358311,-39.33580169429023,0.03333333333333333
61.44024220626328,-39.085447738584165,0.03333333333333333
61.461089602803966,-31.447032900319133,0.03333333333333333
61.46492094767717,-38.9155136723638,0.03333333333333333
61.52075157560391,-37.67020142522169,0.03333333333333333
61.59165888647231,-34.43470050388933,0.03333333333333333
61.688951227378624,-36.11288855866574,0.03333333333333333
62.05262460002735,-34.63015941886716,0.03333333333333333
62.068007771475166,-37.08972701286848,0.03333333333333333
62.151159665351486,-33.976444876734725,0.03333333333333333
62.19065080920443,-35.386881123666875,0.03333333333333333
62.27668281669692,-36.176887605438,0.03333333333333333
62.28311240227252,-37.58574569750496,0.03333333333333333
62.34732489216319,-40.3569244652755,0.03333333333333333
62.35960161994791,-40.36264299306141,0.03333333333333333
62.39608238663241,-34.8455025163446,0.03333333333333333
62.447108098077024,-40.497556259671455,0.03333333333333333
62.59228942897399,-39.091257405224894,0.03333333333333333
62.69551246741594,-38.93521891764468,0.03333333333333333
62.75630200512988,-31.404518399014904,0.03333333333333333
62.75824331799736,-31.399205324720725,0.03333333333333333
62.7988896872499,-38.32791818274745,0.03333333333333333
62.85540327584038,-37.57125080588128,0.03333333333333333
62.877144254160285,-33.89197020875841,0.03333333333333333
62.896990490717535,-30.370728973400283,0.03333333333333333
62.91284438336789,-38.22545042985919,0.03333333333333333
62.93456723404044,-34.93504459479156,0.03333333333333333
62.954807671776514,-32.891474272258414,0.03333333333333333
62.96693097700873,-32.85239941394745,0.03333333333333333
62.98927341346487,-32.90926393688288,0.03333333333333333
62.99313394223484,-30.29433547304941,0.03333333333333333
62.9931906508685,-37.97889641219351,0.03333333333333333
62.9965418481101,-32.90247595803799,0.03333333333333333
63.00296609900155,-32.89680208521691,0.03333333333333333
63.00488196203801,-32.8943347515897,0.03333333333333333
63.06902708588149,-33.550370301593475,0.03333333333333333
63.087898058224816,-34.353146062047095,0.03333333333333333
63.1913861763616,-33.93787859182847,0.03333333333333333
63.22209217387362,-31.30837649675762,0.03333333333333333
63.24997813266718,-38.32846190144912,0.03333333333333333
63.26609460487469,-30.82971799215683,0.03333333333333333
63.28666715635338,-34.4314273018866,0.03333333333333333
63.28673508740715,-30.932835215830448,0.03333333333333333
63.2867384506959,-34.43148439812589,0.03333333333333333
63.28960855878878,-34.43161785416173,0.03333333333333333
63.289774016730725,-34.431575664789385,0.03333333333333333
63.31520054373095,-35.299534506738325,0.03333333333333333
63.40214567158733,-37.28986381831527,0.03333333333333333
63.40257497050464,-37.29088397004818,0.03333333333333333
63.499155148740286,-30.784120188923065,0.03333333333333333
63.582761490703696,-36.529047185286,0.03333333333333333
63.62045319055986,-37.0073879562555,0.03333333333333333
63.68626194448439,-38.83885116585975,0.03333333333333333
63.693661648584,-33.084851091156885,0.03333333333333333
63.69702380724687,-38.15559587523354,0.03333333333333333
63.69708578504268,-38.15566918832742,0.03333333333333333
63.69712720047956,-38.15560848301908,0.03333333333333333
63.80305583751092,-41.9974572651981,0.03333333333333333
63.8167281550091,-36.805407937709525,0.03333333333333333
63.88475643759778,-35.340724891166985,0.03333333333333333
63.88577859092931,-35.34554734830376,0.03333333333333333
63.88594973224503,-36.86837921412378,0.03333333333333333
63.88978229975599,-35.34382307334081,0.03333333333333333
63.89625433226905,-40.387696960088185,0.03333333333333333
63.95558306479625,-41.16474102636899,0.03333333333333333
64.10822077453973,-33.486111408107185,0.03333333333333333
64.15425757966293,-40.42346943765615,0.03333333333333333
64.1773145578525,-35.89978272829993,0.03333333333333333
64.18705629002226,-40.19975164810155,0.03333333333333333
64.28539573989883,-35.48847973371498,0.03333333333333333
64.44807018814325,-35.69876333848103,0.03333333333333333
64.47918229474992,-41.40547935850925,0.03333333333333333
64.57226106990075,-36.79988782540247,0.03333333333333333
64.62088772954027,-33.088169033595946,0.03333333333333333
64.70986471758329,-41.56058578737202,0.03333333333333333
64.79365674232797,-36.083586566401614,0.03333333333333333
64.80580137747255,-35.37114973053714,0.03333333333333333
64.8532030807007,-36.24607066086218,0.03333333333333333
65.0154524171883,-36.55407212529337,0.03333333333333333
65.02824515881092,-32.85555378019325,0.03333333333333333
65.11550821559,-32.92865509512103,0.03333333333333333
65.2170565654493,-31.47120260632644,0.03333333333333333
65.23682931827716,-32.84522864914376,0.03333333333333333
65.33158159309117,-32.88715579661857,0.03333333333333333
65.37168620132731,-38.53555684266341,0.03333333333333333
65.38394088777272,-42.05235729307373,0.03333333333333333
65.4106652856814,-33.87083506442577,0.03333333333333333
65.4606632261987,-39.59376011379909,0.03333333333333333
65.49885249631198,-43.33368652817837,0.03333333333333333
65.50806277649032,-39.71336855007225,0.03333333333333333
65.51756281045779,-34.8103172717504,0.03333333333333333
65.52998581305012,-41.43215639954278,0.03333333333333333
65.55214139221746,-36.37502495357301,0.03333333333333333
65.7471407009181,-30.2603558498819,0.03333333333333333
65.75722765886043,-40.183950321065225,0.03333333333333333
65.7596989895329,-31.3818581840434,0.03333333333333333
65.77135138735194,-37.43361165143239,0.03333333333333333
65.80032427789384,-35.69038522182861,0.03333333333333333
65.80944964688618,-35.75989464599872,0.03333333333333333
65.81763599279769,-35.88536577745356,0.03333333333333333
65.81765313428029,-35.88540695896827,0.03333333333333333
65.85854766263255,-36.486853188754274,0.03333333333333333
65.8762742366267,-40.91778108084199,0.03333333333333333
65.90847649242295,-43.04701900907633,0.03333333333333333
65.97239490459414,-37.68470687680279,0.03333333333333333
66.01465581431563,-32.86399757890652,0.03333333333333333
66.0375402229069,-36.09383466375401,0.03333333333333333
66.06259513680004,-39.13963918433756,0.03333333333333333
66.11657063836688,-40.76945449557293,0.03333333333333333
66.116594274288,-40.76948525727069,0.03333333333333333
66.13145190931772,-42.2797433946917,0.03333333333333333
66.16562377106017,-36.48693778281389,0.03333333333333333
66.27901003512955,-36.41214005968759,0.03333333333333333
66.34842903902589,-35.56941827377986,0.03333333333333333
66.36651421253734,-31.21415946631441,0.03333333333333333
66.37371157847447,-39.96830476346393,0.03333333333333333
66.39680479244743,-44.05353546509923,0.03333333333333333
66.43833947913836,-30.41781043415805,0.03333333333333333
66.4620685991333,-44.485578565115794,0.03333333333333333
66.4870237601996,-41.65913760262777,0.03333333333333333
66.49750313852422,-43.27294370064416,0.03333333333333333
66.62318534876601,-42.43920847271984,0.03333333333333333
66.62323035714532,-42.43924304243636,0.03333333333333333
66.62889562359112,-37.51007314714841,0.03333333333333333
66.63402164549336,-30.559529364791057,0.03333333333333333
66.63573911050027,-41.03239942176444,0.03333333333333333
66.63620828253902,-43.93576109352354,0.03333333333333333
66.67813960082368,-30.19308400340948,0.03333333333333333
66.68476952384738,-42.261434192503216,0.03333333333333333
66.68695800025141,-42.09458791504701,0.03333333333333333
66.68714006680887,-42.97731957959581,0.03333333333333333
66.6911703957809,-42.28025488102691,0.03333333333333333
66.6914092630297,-42.28019438403142,0.03333333333333333
66.71486292757422,-44.745926110806025,0.03333333333333333
66.73987307073496,-34.29989264264048,0.03333333333333333
66.757560326945,-36.61030160698656,0.03333333333333333
66.77686219392896,-41.10833056938508,0.03333333333333333
66.79882700451711,-40.897673271958666,0.03333333333333333
66.80320856855066,-30.965524356047236,0.03333333333333333
66.83017366086848,-41.54629318326341,0.03333333333333333
66.88304468308749,-42.16598691809869,0.03333333333333333
66.92599861968759,-42.63898741357326,0.03333333333333333
66.97054603556819,-37.79619119498234,0.03333333333333333
66.98529616733305,-30.51830663578417,0.03333333333333333
67.10172298525353,-37.97072238394591,0.03333333333333333
67.11963551092221,-43.24142208891916,0.03333333333333333
67.14366322192994,-30.80043869011771,0.03333333333333333
67.21902099610418,-31.10367663026357,0.03333333333333333
67.25936516855306,-34.174878369612536,0.03333333333333333
67.25936656213217,-34.17492735123749,0.03333333333333333
67.36571362465413,-36.71075326214969,0.03333333333333333
67.38527593034927,-41.77350616805376,0.03333333333333333
67.3871734392093,-41.77175485155893,0.03333333333333333
67.39145014555153,-41.769797876373445,0.03333333333333333
67.47206073381773,-31.28371379912721,0.03333333333333333
67.50984080180106,-43.31132986571617,0.03333333333333333
67.51935281912917,-36.28260235054653,0.03333333333333333
67.69645004932534,-38.681966091818246,0.03333333333333333
67.69689514859351,-43.66154018505646,0.03333333333333333
67.70409709594306,-44.64399613615505,0.03333333333333333
67.80094953903482,-41.9627075679438,0.03333333333333333
67.80574615737329,-38.39972095234683,0.03333333333333333
67.82982136889095,-31.24508603707816,0.03333333333333333
67.87052894018697,-43.60124333347708,0.03333333333333333
67.89309301999218,-37.662639239041575,0.03333333333333333
67.8964360270498,-36.53374753445684,0.03333333333333333
67.91485862835738,-30.25392017250568,0.03333333333333333
67.92999335356494,-36.511226686375,0.03333333333333333
68.00122778546749,-36.204799503588525,0.03333333333333333
68.01045751811193,-43.67993245030921,0.03333333333333333
68.05701257992376,-32.92860400652713,0.03333333333333333
68.10072582475581,-38.6335461956776,0.03333333333333333
68.12178527796358,-34.85045819027929,0.03333333333333333
68.14438206286587,-45.1007532826362,0.03333333333333333
68.17071267311985,-35.15820739010939,0.03333333333333333
68.17071948060519,-35.15823830829838,0.03333333333333333
68.17821309908314,-31.53936195720687,0.03333333333333333
68.17822137890568,-31.5394371864904,0.03333333333333333
68.18464527311787,-43.71217548345894,0.03333333333333333
68.18465267691735,-32.02224565575888,0.03333333333333333
68.18478538933437,-43.70928934149801,0.03333333333333333
68.18966571007957,-37.139680521299255,0.03333333333333333
68.20606891199887,-41.11751015743147,0.03333333333333333
68.21747211652333,-34.62452584437809,0.03333333333333333
68.27453702019554,-39.81127052696397,0.03333333333333333
68.27661502350472,-40.18091274925068,0.03333333333333333
68.28626931914117,-37.67361279771363,0.03333333333333333
68.29080626237631,-43.77044714232464,0.03333333333333333
68.48107216715707,-34.876742852037964,0.03333333333333333
68.56768541466435,-44.98919559316145,0.03333333333333333
68.59301627996459,-35.02425304000783,0.03333333333333333
68.60917657251491,-42.0729730977443,0.03333333333333333
68.62828508861851,-33.34680875599037,0.03333333333333333
68.63260983525949,-36.09694917702268,0.03333333333333333
68.8282173522223,-41.97470412178054,0.03333333333333333
68.83252077391391,-42.20328938270354,0.03333333333333333
68.92411946177829,-47.878850433212456,0.03333333333333333
68.92951209068453,-40.13549189440109,0.03333333333333333
68.94805259587673,-40.20203707190222,0.03333333333333333
68.9754821915109,-45.48099214027559,0.03333333333333333
68.98828125353752,-38.69574066236963,0.03333333333333333
69.02588067903834,-32.77242021762371,0.03333333333333333
69.14208871596554,-45.74744462567399,0.03333333333333333
69.14584232183208,-43.98713396058535,0.03333333333333333
69.14797836810227,-41.75029832196053,0.03333333333333333
69.14888462683612,-41.75239832662224,0.03333333333333333
69.15565229794632,-41.746614550770026,0.03333333333333333
69.19237351459147,-36.50105881001689,0.03333333333333333
69.29324122880686,-47.327953702971165,0.03333333333333333
69.29655862698584,-46.68521526277068,0.03333333333333333
69.30085231930745,-32.16436449339053,0.03333333333333333
69.32384050113563,-48.23893440284696,0.03333333333333333
69.32409717827755,-48.23432875189287,0.03333333333333333
69.3258708273691,-32.36953198691898,0.03333333333333333
69.33399579986576,-48.23206033291395,0.03333333333333333
69.34069056701995,-48.24142373599332,0.03333333333333333
69.3959956471664,-44.34132589285379,0.03333333333333333
69.43274836807088,-32.377656053399974,0.03333333333333333
69.43657489083384,-32.381714257977386,0.03333333333333333
69.44202350674915,-32.38465812021077,0.03333333333333333
69.47579325041247,-44.27857275468792,0.03333333333333333
69.52780750517849,-36.76576184357559,0.03333333333333333
69.5422898717455,-41.66281712778853,0.03333333333333333
69.57952005670485,-46.09461809670686,0.03333333333333333
69.58714364533755,-32.917169083336574,0.03333333333333333
69.59805855964451,-33.08572978600444,0.03333333333333333
69.64865076501255,-43.84302701627772,0.03333333333333333
69.7018368318987,-48.67563376969096,0.03333333333333333
69.70191117640987,-48.304728559382106,0.03333333333333333
69.7223122068964,-48.33694179042149,0.03333333333333333
69.7302000396561,-42.74698497627646,0.03333333333333333
69.80485350652401,-42.22720858311444,0.03333333333333333
69.83042887612186,-34.50507795866411,0.03333333333333333
69.84716192991094,-41.89768519973397,0.03333333333333333
69.86435708444397,-42.98661407860815,0.03333333333333333
69.87089375469449,-34.474876120323685,0.03333333333333333
69.87459654285492,-46.69717368096237,0.03333333333333333
69.94914116728808,-44.76102088828864,0.03333333333333333
