ra,dec,sep
300.0148680103785,-0.4229383981651737,0.03333333333333333
300.0189412125117,-1.264771734855611,0.03333333333333333
300.0289662072845,-1.3779447872833908,0.03333333333333333
300.04527813224405,-0.6751174045555544,0.03333333333333333
300.04927248730775,-0.9350273288972992,0.03333333333333333
300.04991548436647,-0.9923367471374946,0.03333333333333333
300.0585124729908,-0.2495596083937681,0.03333333333333333
300.06874202483925,-0.7787821166392881,0.03333333333333333
300.07090264179976,-0.973263049875035,0.03333333333333333
300.071826876672,-1.0258376908648783,0.03333333333333333
300.08263672227287,-0.4245508769383705,0.03333333333333333
300.0858257033098,-1.280251761786359,0.03333333333333333
300.0946983193205,-1.0054768227713726,0.03333333333333333
300.0993360042956,0.0350592210028806,0.03333333333333333
300.11346967725945,-0.276695053256002,0.03333333333333333
300.1146035674866,-0.4374457046191908,0.03333333333333333
300.1168452234563,-0.6458970186402923,0.03333333333333333
300.1455406108784,0.8718896909808914,0.03333333333333333
300.244027384038,-0.6891641120429892,0.03333333333333333
300.2560289690223,-1.0284662506600273,0.03333333333333333
300.2725675393638,0.6195127141356265,0.03333333333333333
300.2921887411124,-0.5312836767589465,0.03333333333333333
300.30372669039843,-0.415298724136396,0.03333333333333333
300.31873508556987,1.3872509204027472,0.03333333333333333
300.3208541211627,1.3568312978125805,0.03333333333333333
300.336497723026,-0.6775200653081372,0.03333333333333333
300.33899578764,0.530187970358375,0.03333333333333333
300.33951740205924,-0.9573535591691308,0.03333333333333333
300.35018456222423,-0.4799506975357701,0.03333333333333333
300.3545065679409,-1.1290647631130943,0.03333333333333333
300.35527593161567,-0.9700238346961376,0.03333333333333333
300.3660172244357,-1.046153294375785,0.03333333333333333
300.36806591652305,0.0360342824885443,0.03333333333333333
300.379134513446,-1.0101309952426685,0.03333333333333333
300.3804002228328,-0.9247625740613352,0.03333333333333333
300.38329139982653,-1.2940007398722584,0.03333333333333333
300.3866598013343,-1.0386815973884078,0.03333333333333333
300.38697719363364,-0.9448504255799148,0.03333333333333333
300.3890425095972,-0.792142901178701,0.03333333333333333
300.39362611403845,-1.0235743105158503,0.03333333333333333
300.39428284112466,-0.9973834064578252,0.03333333333333333
300.39581412821155,-0.8169453366311414,0.03333333333333333
300.3982630178249,-0.9495280854279428,0.03333333333333333
300.4015960819107,-0.6886480212269789,0.03333333333333333
300.40536496629625,-0.7054975069396755,0.03333333333333333
300.40841176549736,-0.9597746206826095,0.03333333333333333
300.40875547452526,-1.1369034381654326,0.03333333333333333
300.41047801299857,-0.0580799345776693,0.03333333333333333
300.41092153578023,-0.8979403096760963,0.03333333333333333
300.4137499082249,-1.320197312051654,0.03333333333333333
300.41395566586584,-0.4529351127186107,0.03333333333333333
300.4148766255612,-0.0857810279583496,0.03333333333333333
300.4152951827091,-0.8616397939909709,0.03333333333333333
300.41682938534603,-0.3239753228549467,0.03333333333333333
300.4226870392434,-1.1726971543243538,0.03333333333333333
300.4234148581192,-1.0076711376614127,0.03333333333333333
300.424070655717,-0.29448452135775,0.03333333333333333
300.429668506515,-0.8899186210742663,0.03333333333333333
300.430611505149,-0.8889423386209059,0.03333333333333333
300.4321955778412,0.8217833390436116,0.03333333333333333
300.4324875599695,-0.5000468338885009,0.03333333333333333
300.4333279318023,-0.7273459979270184,0.03333333333333333
300.43508720721786,-0.432455344736743,0.03333333333333333
300.43668354358675,-0.8163419074732587,0.03333333333333333
300.43718313992923,-0.7919349189089704,0.03333333333333333
300.44043556076014,-0.7636510883965889,0.03333333333333333
300.4404852384501,-0.6527507929325207,0.03333333333333333
300.44105790811795,-0.8990435028448489,0.03333333333333333
300.4420405667223,-0.3652659599146429,0.03333333333333333
300.4425759762864,-0.0299468691190126,0.03333333333333333
300.4459958051778,-1.1494977993682556,0.03333333333333333
300.4498553453062,-0.2459319204266004,0.03333333333333333
300.451869366982,-0.0427188284834919,0.03333333333333333
300.4527268412885,-0.8198195584791484,0.03333333333333333
300.453714050106,-0.3472737139953057,0.03333333333333333
300.45929366797054,-1.015795399725241,0.03333333333333333
300.4597804949058,-1.2284965414273985,0.03333333333333333
300.4605209886979,-1.1424319602219188,0.03333333333333333
300.46218374101466,-1.0294331756997894,0.03333333333333333
300.46275152409726,-1.0777674228365866,0.03333333333333333
300.4639534513646,0.9585558060244486,0.03333333333333333
300.4646472986976,-0.766306664638033,0.03333333333333333
300.4651162351232,-0.6976034048715789,0.03333333333333333
300.4651771226687,-0.3197652762387386,0.03333333333333333
300.465188742271,-0.7833112187296778,0.03333333333333333
300.465681866949,-0.3706136637999566,0.03333333333333333
300.4662713276008,-0.8769196018480083,0.03333333333333333
300.4673741701324,-0.5244187218280418,0.03333333333333333
300.4677752316199,-0.1944483090681302,0.03333333333333333
300.46809782794696,-0.094687743217274,0.03333333333333333
300.46901346116664,-1.1582461174493603,0.03333333333333333
300.4696045817199,0.0059383980348133,0.03333333333333333
300.47099840023594,0.9402359216074586,0.03333333333333333
300.4713356191894,-0.9840509480931444,0.03333333333333333
300.4724342930187,-0.192101002094178,0.03333333333333333
300.4731609116636,-0.5717400206425964,0.03333333333333333
300.4744796260375,-0.97660384149227,0.03333333333333333
300.4762507394965,-0.6481637720901623,0.03333333333333333
300.47671325334875,-0.9005126301870663,0.03333333333333333
300.47708034988574,-1.2768137494788536,0.03333333333333333
300.47926136904374,-0.538705441830552,0.03333333333333333
300.481617334788,-0.7521850109964303,0.03333333333333333
300.4828851343012,-1.0216933687503902,0.03333333333333333
300.4843517864106,-0.960552773802019,0.03333333333333333
300.4845526039875,-0.4406340779054679,0.03333333333333333
300.4856339148096,-0.8113882297625444,0.03333333333333333
300.48589855227283,-0.5011738439154569,0.03333333333333333
300.48650289238,-0.2826910709760342,0.03333333333333333
300.48650712723537,-0.8111670874924845,0.03333333333333333
300.48686594911106,-0.440149686268322,0.03333333333333333
300.48686727861855,-0.8029518822789433,0.03333333333333333
300.48799672051,-0.0048485683202681,0.03333333333333333
300.4882515855391,-1.0087144437187676,0.03333333333333333
300.4893740196676,-0.5016673714113602,0.03333333333333333
300.489398677273,-1.009321724077933,0.03333333333333333
300.4896022699266,-0.8183293014671876,0.03333333333333333
300.49186158047405,-0.1447733721678397,0.03333333333333333
300.4931157814824,-0.031493515971251,0.03333333333333333
300.4933328008632,-0.7181337688882885,0.03333333333333333
300.49566837695147,-1.3632931597655884,0.03333333333333333
300.497074867526,-0.6095953312756764,0.03333333333333333
300.4977012075009,-1.0320366189104209,0.03333333333333333
300.499653135281,-0.2069875737028026,0.03333333333333333
300.5002199343484,-0.9134712946129844,0.03333333333333333
300.50151478081284,-1.174339150062363,0.03333333333333333
300.50231994784593,-0.4268802915591077,0.03333333333333333
300.50243749047087,-0.471440683097463,0.03333333333333333
300.504845191776,-0.7409441898789566,0.03333333333333333
300.50667042091266,-0.6783510573419324,0.03333333333333333
300.509185263204,-0.7600712996792519,0.03333333333333333
300.51064451493124,-0.6144844740962985,0.03333333333333333
300.5110656375609,-0.1292121087001247,0.03333333333333333
300.5131741881827,-0.6973295974695825,0.03333333333333333
300.5137029024691,-0.9262179367978192,0.03333333333333333
300.5139312120695,-0.7653777572551057,0.03333333333333333
300.5140058540694,-0.8195788097845834,0.03333333333333333
300.52023317280054,0.0026424843096352,0.03333333333333333
300.5251162372374,-1.367771543045952,0.03333333333333333
300.52527710329105,-1.1506088650124977,0.03333333333333333
300.5272028724831,-0.6353209153565252,0.03333333333333333
300.5272830751909,-0.9273598952327384,0.03333333333333333
300.52736051053324,-0.6531714024027886,0.03333333333333333
300.52900157948625,-1.2372227107352172,0.03333333333333333
300.53046474822344,-1.215881250493815,0.03333333333333333
300.5320257196691,-1.348274406461055,0.03333333333333333
300.5328421661972,-0.9344555031770654,0.03333333333333333
300.5356881183024,-0.1463080527230391,0.03333333333333333
300.53585565265,-1.2314563401914544,0.03333333333333333
300.53696654996605,-0.0100962157287097,0.03333333333333333
300.5385305159852,-1.023356156317471,0.03333333333333333
300.5386451594098,-1.022640941672645,0.03333333333333333
300.5391399075772,-0.0278924040995832,0.03333333333333333
300.5411311774659,0.0127643088647029,0.03333333333333333
300.5417758615154,-0.8682708156520874,0.03333333333333333
300.5420067368648,-1.0180588193062108,0.03333333333333333
300.5422145349788,-1.0674307540305674,0.03333333333333333
300.54572447124536,-0.970878528758192,0.03333333333333333
300.5461225819046,-0.2034009687819792,0.03333333333333333
300.54655035618936,-0.6516693937529752,0.03333333333333333
300.54686413181486,-0.2172312312497107,0.03333333333333333
300.5470141640387,-0.1721337477726667,0.03333333333333333
300.5470749975246,-0.12022562517252,0.03333333333333333
300.5477777939724,0.0140731807338094,0.03333333333333333
300.5492434495286,-0.615103477688097,0.03333333333333333
300.5496233274733,-1.0569052678192732,0.03333333333333333
300.55103881467187,-0.2037889453683518,0.03333333333333333
300.5525462802001,-0.9618395861736696,0.03333333333333333
300.55268413179965,-0.0730958179371908,0.03333333333333333
300.55277542846903,-0.3287618896203773,0.03333333333333333
300.5529078494564,-0.4346469500838398,0.03333333333333333
300.5539726243363,-0.9726789801845336,0.03333333333333333
300.554007229924,-0.9609927845192672,0.03333333333333333
300.55412350587346,-0.0172958314106157,0.03333333333333333
300.55477022157044,-0.6703873927733182,0.03333333333333333
300.55778211463905,-0.9933824797925896,0.03333333333333333
300.5585886580585,-0.9478403942125568,0.03333333333333333
300.56135752699555,-0.5312175282510222,0.03333333333333333
300.5613924064445,-0.6854214563990866,0.03333333333333333
300.56188429044533,-1.3679273245528103,0.03333333333333333
300.5621979595151,-1.0230513651342947,0.03333333333333333
300.56725455438703,-0.9372531849738198,0.03333333333333333
300.5688209175557,-0.284680496169413,0.03333333333333333
300.5707289952594,-1.141785912257191,0.03333333333333333
300.57343704852826,-0.4114145759205062,0.03333333333333333
300.57423786264445,-1.1480957657389617,0.03333333333333333
300.5746579125373,-1.2226122942197624,0.03333333333333333
300.5751764401445,-1.3271071117795774,0.03333333333333333
300.57575096943737,-0.1569190458954681,0.03333333333333333
300.5767850030132,-0.6813547069936526,0.03333333333333333
300.57694874602373,-1.270540218992288,0.03333333333333333
300.5795592673903,-1.0590981221960702,0.03333333333333333
300.58230432185235,-1.0916630101818026,0.03333333333333333
300.58683459389204,-1.184117268254732,0.03333333333333333
300.58736807332906,-0.6395879790900749,0.03333333333333333
300.5874363424582,-1.2566342135885051,0.03333333333333333
300.58760240043654,-0.4866960349742643,0.03333333333333333
300.58803520940404,-0.2930816596264748,0.03333333333333333
300.58889440708776,-0.4139889489102688,0.03333333333333333
300.5892168878143,-0.231183632787656,0.03333333333333333
300.58966932020354,-0.389319085276723,0.03333333333333333
300.593214236535,-0.5822711197569487,0.03333333333333333
300.59330319696454,-0.1232990069381582,0.03333333333333333
300.59537419587053,-0.7676560438732982,0.03333333333333333
300.5965056613687,-0.471191344999277,0.03333333333333333
300.597296121736,-0.5636336234668379,0.03333333333333333
300.5974417418031,-1.0239949752485058,0.03333333333333333
300.60074621896223,-0.2746714742589204,0.03333333333333333
300.6017196760065,-1.0719885508058993,0.03333333333333333
300.6021773622603,-0.7954564907748602,0.03333333333333333
300.60246367004675,-0.4814993133932151,0.03333333333333333
300.6035374416,-0.5849112179937811,0.03333333333333333
300.604020304633,-1.1773318339411136,0.03333333333333333
300.6051648418602,-0.2735240984038083,0.03333333333333333
300.60582169756566,-0.6430912254817589,0.03333333333333333
300.607131424845,-0.7566609698499807,0.03333333333333333
300.60749164955985,-0.7753710486215962,0.03333333333333333
300.6081479919972,-1.2109473547121556,0.03333333333333333
300.6083406925567,-0.545675329354487,0.03333333333333333
300.6116020173026,-0.3968624424920345,0.03333333333333333
300.6121502792213,-0.5380759361091475,0.03333333333333333
300.6125883973374,-0.233179563044477,0.03333333333333333
300.61295649581785,-0.9577938176766418,0.03333333333333333
300.61325471117704,-0.5768319821984748,0.03333333333333333
300.6134344150313,-1.0617725678497487,0.03333333333333333
300.613990977155,-0.2433825142254952,0.03333333333333333
300.6141444197775,-1.2368299017558062,0.03333333333333333
300.614230141622,-1.3399271335731862,0.03333333333333333
300.6148434745698,-0.4173314094649658,0.03333333333333333
300.6155449085187,-1.1200513069500222,0.03333333333333333
300.61558424060024,-0.1290643741081619,0.03333333333333333
300.6159279530526,-0.1272614287907947,0.03333333333333333
300.61743460697045,-0.1945828121840143,0.03333333333333333
300.6175249588278,-0.6675484772467052,0.03333333333333333
300.6190716805786,-0.0998570467761534,0.03333333333333333
300.6194164568446,-0.0447350605325997,0.03333333333333333
300.6225653133855,-0.9103787860016068,0.03333333333333333
300.62399111833406,-0.7622894554101459,0.03333333333333333
300.6244620870709,-0.4218162807216066,0.03333333333333333
300.6247796745636,-0.9444335952327156,0.03333333333333333
300.6262826232152,-0.5159780149888022,0.03333333333333333
300.6266862849461,-0.2724197135741071,0.03333333333333333
300.62815680210974,-0.088446356014535,0.03333333333333333
300.6291155890626,-0.9068918728896108,0.03333333333333333
300.63123968417506,-0.2223250752796223,0.03333333333333333
300.6319607838696,-0.7140536652643207,0.03333333333333333
300.63465235097743,-0.6934661479185033,0.03333333333333333
300.63690224603494,-0.8072073823622374,0.03333333333333333
300.63736562932394,-1.267140943136703,0.03333333333333333
300.6375347793213,-0.2364565139830124,0.03333333333333333
300.6379284726814,-0.9374654085798264,0.03333333333333333
300.63912586443973,-0.5725823974881757,0.03333333333333333
300.6403576099884,-0.2591273529756727,0.03333333333333333
300.6410501975984,-0.0252711788418915,0.03333333333333333
300.6426405414758,-1.293589300871686,0.03333333333333333
300.64271942909875,-1.228878783802816,0.03333333333333333
300.64292717035755,-0.0138399079612189,0.03333333333333333
300.64303509752006,-1.3304909618287395,0.03333333333333333
300.6432006927517,-1.156159012811781,0.03333333333333333
300.6433808586586,-0.463363501467672,0.03333333333333333
300.6434876861641,-1.2175676445993135,0.03333333333333333
300.64405171223154,-0.2151243532586372,0.03333333333333333
300.6453276208875,-1.221268522067864,0.03333333333333333
300.6460953906891,-1.3677956788174113,0.03333333333333333
300.6468469394941,-0.0472236205119119,0.03333333333333333
300.64942424158414,-1.015069383043442,0.03333333333333333
300.64977476983324,-0.9555968693338016,0.03333333333333333
300.65048391977643,-0.5823641645899232,0.03333333333333333
300.6516668216181,-0.7985041350106442,0.03333333333333333
300.65237407525865,-0.0799247222003167,0.03333333333333333
300.65238151789384,-1.0356820370276802,0.03333333333333333
300.65363452303615,-1.3018927853239446,0.03333333333333333
300.6538642511555,-0.8149748262057152,0.03333333333333333
300.6548323551616,-1.1452468184789422,0.03333333333333333
300.654968903354,-0.9522416605001052,0.03333333333333333
300.65560162488697,-0.1736368650201011,0.03333333333333333
300.6559191003798,-0.3557152153082528,0.03333333333333333
300.65796102134203,-0.1747891292522054,0.03333333333333333
300.6579946257815,-1.0279435041234604,0.03333333333333333
300.6580338260206,-0.7868721367067263,0.03333333333333333
300.65834559367727,-1.369139233365189,0.03333333333333333
300.6596882737129,-1.2668902131601651,0.03333333333333333
300.66039228334085,-0.79917061662724,0.03333333333333333
300.6610340900121,-0.9435619987121324,0.03333333333333333
300.66249534307366,0.0053251495947081,0.03333333333333333
300.6631992357468,-0.6801287128566702,0.03333333333333333
300.663328637143,-0.7668332547811255,0.03333333333333333
300.66417466355625,-0.207318040158395,0.03333333333333333
300.6647794591307,-0.9260078490693852,0.03333333333333333
300.6667365132611,-1.130672583838905,0.03333333333333333
300.66685450052785,-0.1397370906434481,0.03333333333333333
300.6690692674406,-0.0708757143949305,0.03333333333333333
300.66944383688104,-1.1272087537743447,0.03333333333333333
300.67059829952507,-0.4641226590990018,0.03333333333333333
300.672317897485,-1.0210299230408957,0.03333333333333333
300.6735368044043,-0.1544335232674564,0.03333333333333333
300.6738330735259,-0.0252031361399848,0.03333333333333333
300.6747503813508,-0.4094934416801241,0.03333333333333333
300.6761174393003,-1.021745674321721,0.03333333333333333
300.6761328555756,-0.1333930868506836,0.03333333333333333
300.6773747927863,-1.092326984333611,0.03333333333333333
300.6776889591823,-1.056958313781177,0.03333333333333333
300.6791098138247,-1.22933430482337,0.03333333333333333
300.6791679289131,-0.2997714707131711,0.03333333333333333
300.6793933080272,-0.8210620245281813,0.03333333333333333
300.67987611919875,-0.9208972406670376,0.03333333333333333
300.6807375563228,-0.1839332194171009,0.03333333333333333
300.6810241572009,0.027235454828739,0.03333333333333333
300.6823308368038,-0.1136938896290918,0.03333333333333333
300.68563808807363,-0.4545500232159303,0.03333333333333333
300.68802573289025,-0.4860571446994277,0.03333333333333333
300.6927945929293,-0.1821464014041484,0.03333333333333333
300.6930747838074,-0.3496634373928139,0.03333333333333333
300.694762500902,-0.7275643768881855,0.03333333333333333
300.69558180724835,-0.0004087715698154375,0.03333333333333333
300.6971929509248,-0.7513317748839782,0.03333333333333333
300.6980551982633,-0.4298986571373036,0.03333333333333333
300.698696263724,-0.9744605210146032,0.03333333333333333
300.7004467501665,-0.6797433140432525,0.03333333333333333
300.70138331782755,-1.3044706487451196,0.03333333333333333
300.70204298261416,0.0254397424256887,0.03333333333333333
300.70211090756374,0.8201470298052073,0.03333333333333333
300.7032217519005,-1.0462783586648234,0.03333333333333333
300.70389553411445,-1.2309099607798508,0.03333333333333333
300.7039910668452,-0.2993999949360969,0.03333333333333333
300.70518401553323,-0.4596690476479974,0.03333333333333333
300.70537781514514,-0.0674442230637953,0.03333333333333333
300.70543861462534,-0.2434127969344151,0.03333333333333333
300.7064619593417,-1.0676057376710528,0.03333333333333333
300.70924323304365,-0.8810247150839259,0.03333333333333333
300.7121540939564,-0.34042420857733,0.03333333333333333
300.7131621198697,-0.0496749351090322,0.03333333333333333
300.7137726278591,-0.5424811839418183,0.03333333333333333
300.71451890184653,-0.2655443256611542,0.03333333333333333
300.7147754742776,-0.2633324729152774,0.03333333333333333
300.7160666278816,-0.393241368920482,0.03333333333333333
300.7162519702045,-1.1822603099746127,0.03333333333333333
300.71734505900616,-0.0973610993087748,0.03333333333333333
300.7191560874158,-0.8891851040883695,0.03333333333333333
300.720459700849,-1.327527928019636,0.03333333333333333
300.72092021585337,-0.7350331530119552,0.03333333333333333
300.72134635275694,-1.3653170295999275,0.03333333333333333
300.7213464375699,-1.3260672035243424,0.03333333333333333
300.72143195730115,-0.4645003898112925,0.03333333333333333
300.7218069970037,-0.5925687079015501,0.03333333333333333
300.72218425618365,-1.2698566627159018,0.03333333333333333
300.7225334108939,-0.5931895359307975,0.03333333333333333
300.7251370249657,-0.4592865230102173,0.03333333333333333
300.72886597856456,-0.9043298436366114,0.03333333333333333
300.7290093974698,-0.8017967714649751,0.03333333333333333
300.7310181041588,-1.1650885322905635,0.03333333333333333
300.7350969556901,-0.5041695244562971,0.03333333333333333
300.7360728461154,-0.5033074514080306,0.03333333333333333
300.7369849010217,-0.8213497800836647,0.03333333333333333
300.7403860431112,-0.5146940870929658,0.03333333333333333
300.74056331650365,-0.6454291082984387,0.03333333333333333
300.74066975483134,-1.2597174459786762,0.03333333333333333
300.74073541252784,-0.5531471598522165,0.03333333333333333
300.74154341846133,-0.9073958217726512,0.03333333333333333
300.74169500895164,-0.0673251049802209,0.03333333333333333
300.74190179845635,-0.4429106656012788,0.03333333333333333
300.7428123315277,-1.1789504329039702,0.03333333333333333
300.7431517729358,-0.6752751742240822,0.03333333333333333
300.7445176633354,-0.1993519367742929,0.03333333333333333
300.7447346315229,-0.3882625017441796,0.03333333333333333
300.74489411967505,-0.0322712733610429,0.03333333333333333
300.7449162628144,-0.5350123804020057,0.03333333333333333
300.7479557627362,-0.3623050324561624,0.03333333333333333
300.74813318182413,-0.4569289599365395,0.03333333333333333
300.74886152774417,-0.9582146250448924,0.03333333333333333
300.7520270839135,-0.4537098632330058,0.03333333333333333
300.75308663147524,-0.8007982305812696,0.03333333333333333
300.7531771204898,-0.4579719918036382,0.03333333333333333
300.7534094098951,-0.2412854748687461,0.03333333333333333
300.7536072636676,-0.5456660269419042,0.03333333333333333
300.7537094009576,-0.1802620373303729,0.03333333333333333
300.75483447558065,-0.1001330761081278,0.03333333333333333
300.75555323564896,-1.004523158372092,0.03333333333333333
300.7570936996531,-1.2624370538392722,0.03333333333333333
300.75816799593065,0.0385554607269211,0.03333333333333333
300.75828989684146,-1.0142376066228564,0.03333333333333333
300.75898895265584,-0.7308055457675932,0.03333333333333333
300.75937821365494,-0.3159401996782511,0.03333333333333333
300.7614543938572,-1.09186410687589,0.03333333333333333
300.7617338995076,-0.7774672598165691,0.03333333333333333
300.76249460883173,-0.4874824927414219,0.03333333333333333
300.76305706850434,-1.0204839564443626,0.03333333333333333
300.7632859671904,-0.5883612438082033,0.03333333333333333
300.7653543172148,-1.0486175946973924,0.03333333333333333
300.76617182425724,-0.0650477474489488,0.03333333333333333
300.76625800319505,-0.6990917299287323,0.03333333333333333
300.76646438779267,-0.5991880949068918,0.03333333333333333
300.76724759731985,-1.0074371393107548,0.03333333333333333
300.7681798839308,-1.2021410853726064,0.03333333333333333
300.769218214955,-0.8228208712687746,0.03333333333333333
300.7719979423747,-1.3696684017911094,0.03333333333333333
300.7720388683275,-0.9285029181576367,0.03333333333333333
300.7726675588032,-0.1169052095130235,0.03333333333333333
300.7728770906871,-1.0909794259911765,0.03333333333333333
300.7738985762336,-0.2968551072556658,0.03333333333333333
300.77423636341257,-1.1469934470973615,0.03333333333333333
300.7747311666229,-0.0034415116259447,0.03333333333333333
300.7758819235343,1.4193387576187326,0.03333333333333333
300.77873488507424,-0.1564399999008951,0.03333333333333333
300.7788968591781,-0.7911256101035967,0.03333333333333333
300.7805002309601,-0.8440518996924041,0.03333333333333333
300.7811006385481,-0.6638558309071034,0.03333333333333333
300.7812933110342,-1.052689308736758,0.03333333333333333
300.78178447816504,-0.4967333520898485,0.03333333333333333
300.78370853352953,-0.8178067263011454,0.03333333333333333
300.78432661630075,-0.5035852263368495,0.03333333333333333
300.7852056540895,-0.7751032892161615,0.03333333333333333
300.7872669964292,-0.3052607717629647,0.03333333333333333
300.7874189285607,-0.6175949700528143,0.03333333333333333
300.7878307789042,-0.6162620654037199,0.03333333333333333
300.7878740028306,-0.5964979562098386,0.03333333333333333
300.78855672275705,-0.2810500001543988,0.03333333333333333
300.7891230468803,-0.617683546803266,0.03333333333333333
300.78979681560287,-0.7768910183044175,0.03333333333333333
300.790406287612,-0.3242608769391735,0.03333333333333333
300.7911266759232,-0.9011165357216862,0.03333333333333333
300.7917552618097,-0.8307404452925734,0.03333333333333333
300.79190981538284,-0.6355054286682874,0.03333333333333333
300.79221556341105,-1.1066531584902608,0.03333333333333333
300.7929351126436,-0.8994888191178192,0.03333333333333333
300.79298644395874,-1.053541912792789,0.03333333333333333
300.7957285702475,-0.3489490365838045,0.03333333333333333
300.795792502491,-0.4002934377099782,0.03333333333333333
300.79625004170805,-0.777466812660329,0.03333333333333333
300.7966469801969,-1.3693515137444114,0.03333333333333333
300.7974475562367,-0.6867434973627781,0.03333333333333333
300.8000289680213,-0.868891405225879,0.03333333333333333
300.80406721236244,-0.2439530324412301,0.03333333333333333
300.80436901017555,-0.3951748608113421,0.03333333333333333
300.80527367983177,-0.851093381020503,0.03333333333333333
300.80559174914106,-0.3780924336037317,0.03333333333333333
300.8073773080856,-0.9330762122692738,0.03333333333333333
300.8079386242728,-0.2672224449125281,0.03333333333333333
300.8084123576375,1.1632110808376566,0.03333333333333333
300.80998289594584,-0.6907597475852544,0.03333333333333333
300.80999705284006,-0.2499621036191838,0.03333333333333333
300.81170025961256,-0.2078712635882733,0.03333333333333333
300.8128703814847,-0.3555513613210198,0.03333333333333333
300.8131189961477,-0.4286521085390466,0.03333333333333333
300.81679806662686,-0.2398624919964881,0.03333333333333333
300.8184331535814,-0.3326835810442292,0.03333333333333333
300.819941021812,-0.468614944628676,0.03333333333333333
300.82619357803384,0.6829776454195251,0.03333333333333333
300.8263782219706,0.0184084052983524,0.03333333333333333
300.8268877875143,-0.557574175332399,0.03333333333333333
300.82744046318885,-0.0519996583941103,0.03333333333333333
300.8274473975877,-1.1674389062684134,0.03333333333333333
300.83036058877764,-0.153101676911891,0.03333333333333333
300.83060320138446,-0.3371200659266991,0.03333333333333333
300.8310730340401,-1.334819662474663,0.03333333333333333
300.8313732642982,-0.9893483290503604,0.03333333333333333
300.8323909163434,-0.5326627768221351,0.03333333333333333
300.83267847152666,-0.0966872829918113,0.03333333333333333
300.834235378912,-0.7282687033002025,0.03333333333333333
300.8351460200155,-0.2493376807734985,0.03333333333333333
300.83626390516963,-1.095619648448013,0.03333333333333333
300.8379117291273,-1.1534896162617314,0.03333333333333333
300.8384888764035,-0.1156583010104474,0.03333333333333333
300.8387912866506,-0.5422348300377242,0.03333333333333333
300.83888970843014,-0.8122158433195907,0.03333333333333333
300.8389405310965,-0.9939302058730132,0.03333333333333333
300.8408482063952,-0.8939699767506465,0.03333333333333333
300.8408723395876,-0.3830150707462268,0.03333333333333333
300.841776927187,-1.093471887208217,0.03333333333333333
300.8428732489282,-1.2907212825143126,0.03333333333333333
300.842986036292,-0.7901858627197321,0.03333333333333333
300.84561379759015,-1.0157439948788165,0.03333333333333333
300.8490067578914,-0.8727462480008988,0.03333333333333333
300.8508382521347,-1.166950783730589,0.03333333333333333
300.85191515287363,-0.3632929237446086,0.03333333333333333
300.85272279515755,-1.3554511130935607,0.03333333333333333
300.8537819599392,-0.1836890282250658,0.03333333333333333
300.85430364360064,-1.2948130217185188,0.03333333333333333
300.8543329353864,-0.3561244274696677,0.03333333333333333
300.85435149021293,-0.0022933945521216,0.03333333333333333
300.8560686770512,-0.3853520685246155,0.03333333333333333
300.8581586383765,-0.557407535828755,0.03333333333333333
300.85835160951666,0.4663787999833877,0.03333333333333333
300.8607463683534,-0.3984546665529229,0.03333333333333333
300.86082216553325,-0.765090882378296,0.03333333333333333
300.861670754726,-0.0185126256993981,0.03333333333333333
300.8619011454165,-0.5237023752645548,0.03333333333333333
300.86304483407986,-1.2991908360402882,0.03333333333333333
300.8645503741173,-0.4945172417342503,0.03333333333333333
300.8648880871391,-0.4334246476733466,0.03333333333333333
300.8649920686261,0.0081892375934424,0.03333333333333333
300.8651882711679,-0.1073414776822444,0.03333333333333333
300.86624776896724,-0.5375185128885146,0.03333333333333333
300.8704944333161,-0.7666629276203807,0.03333333333333333
300.8718676871411,-0.6790032871693549,0.03333333333333333
300.8764155230596,-0.3653935703103015,0.03333333333333333
300.8782363133244,-0.688087142854083,0.03333333333333333
300.8784793439882,-0.807072265633442,0.03333333333333333
300.8793849362017,-0.7192795779167915,0.03333333333333333
300.8799188474029,-0.7225810836955168,0.03333333333333333
300.8799403869556,-0.4805440045737295,0.03333333333333333
300.88091667560474,-0.8554069667731802,0.03333333333333333
300.8816612177946,-0.4445890512196623,0.03333333333333333
300.88282449892483,-0.7204707029522968,0.03333333333333333
300.8852820509734,-0.0514422579731647,0.03333333333333333
300.8859907880293,-0.4493205753060366,0.03333333333333333
300.8875477517788,-0.5208098541839705,0.03333333333333333
300.8878860425268,0.0158328262618944,0.03333333333333333
300.8883961992035,-0.143285493519791,0.03333333333333333
300.8890782921202,-0.5968388700943348,0.03333333333333333
300.890757792222,-0.948446957314226,0.03333333333333333
300.8926793161823,-1.2375016752944077,0.03333333333333333
300.89512402473576,-0.4513960860370856,0.03333333333333333
300.8971770293829,-1.2374607901729726,0.03333333333333333
300.89827782077447,-0.4506372952308571,0.03333333333333333
300.8983745055124,-0.3266078253205695,0.03333333333333333
300.9005468656507,-0.8279204392408777,0.03333333333333333
300.9005520441037,-1.0304429380339717,0.03333333333333333
300.9007016677444,-1.1216141840536,0.03333333333333333
300.9008847742969,-0.8062115898444024,0.03333333333333333
300.90126327555464,-0.1819895918679847,0.03333333333333333
300.9014303995684,-0.1223553417286203,0.03333333333333333
300.90281535425555,-1.1679203470304549,0.03333333333333333
300.90322665736653,-0.8081661465827457,0.03333333333333333
300.90410502231487,-0.0495357198633389,0.03333333333333333
300.9045303673834,-0.8694417017031382,0.03333333333333333
300.9057661516465,-1.294574573069658,0.03333333333333333
300.90630709456104,-0.6848696379607413,0.03333333333333333
300.90671052578784,-0.7743718777324895,0.03333333333333333
300.90751956551304,-0.3613356196497493,0.03333333333333333
300.90812676553674,-0.5331766050948025,0.03333333333333333
300.9086377946138,-0.361566778099342,0.03333333333333333
300.9093990537695,-0.4371211332123142,0.03333333333333333
300.91068105464774,-0.8900718593077053,0.03333333333333333
300.9108445294392,-0.7224365310948495,0.03333333333333333
300.9161396746554,-0.2103398231352745,0.03333333333333333
300.917122930952,-0.8139899806985897,0.03333333333333333
300.919823184808,-1.3182705618186388,0.03333333333333333
300.9198653720322,-0.7947567769456952,0.03333333333333333
300.92092250680486,-1.1620702473604354,0.03333333333333333
300.9234978054096,-1.1316144452949477,0.03333333333333333
300.92350893337704,-1.2291062938133486,0.03333333333333333
300.9246324643311,-0.7372691051532761,0.03333333333333333
300.9247474438008,0.0059649819825681,0.03333333333333333
300.9250476022714,-0.0976640921781472,0.03333333333333333
300.9258053111833,-0.0973810244131332,0.03333333333333333
300.92983028808555,-0.1638318695039491,0.03333333333333333
300.931269893933,-0.0861031470922113,0.03333333333333333
300.93139534354054,-0.5048333406430658,0.03333333333333333
300.9347208277314,-0.4465542029635725,0.03333333333333333
300.93513521867163,-0.2212909328021084,0.03333333333333333
300.9359466741334,-0.0097852502479532,0.03333333333333333
300.9360209316923,-1.2378267556143323,0.03333333333333333
300.94074915334073,-1.1602197427639678,0.03333333333333333
300.9414186535385,-0.274321208504481,0.03333333333333333
300.94274414726704,-1.3427937508751195,0.03333333333333333
300.9436362785298,-1.3172797604770057,0.03333333333333333
300.9438298491954,-0.5471499604572799,0.03333333333333333
300.94389692591227,-0.3853541670062817,0.03333333333333333
300.9444217399615,-0.2228993341152775,0.03333333333333333
300.94478998107485,-1.0896609892190467,0.03333333333333333
300.94517351282855,-0.9781071864483312,0.03333333333333333
300.94607123992347,-0.4524381272601245,0.03333333333333333
300.948196381872,-0.1342586596481319,0.03333333333333333
300.9491544229017,-0.1085058412890659,0.03333333333333333
300.9491617179638,-0.5313767666625107,0.03333333333333333
300.9498280923816,-0.2072506468745778,0.03333333333333333
300.9509240709259,-1.1267353012190282,0.03333333333333333
300.9512622106618,-1.1258616429156505,0.03333333333333333
300.95267826519506,-1.1261322337044957,0.03333333333333333
300.9531554421792,0.034168906080654,0.03333333333333333
300.9541536065186,-0.9790495332821656,0.03333333333333333
300.9557279088543,-0.7522275918808266,0.03333333333333333
300.95696457886106,-0.9153255779584012,0.03333333333333333
300.95854167570087,-0.3808422556211409,0.03333333333333333
300.95933711365007,-0.7337112522675966,0.03333333333333333
300.96054902057216,-0.6831284175060645,0.03333333333333333
300.9609287056042,-1.1809695969690952,0.03333333333333333
300.9612499164703,-0.8724162374033542,0.03333333333333333
300.9612800421787,-1.315109501644864,0.03333333333333333
300.96317136286336,-0.0795384039824007,0.03333333333333333
300.9642056514051,-0.5959544764205329,0.03333333333333333
300.96443358717045,-1.349147378624382,0.03333333333333333
300.965869059702,-0.246387338271266,0.03333333333333333
300.9670491331048,-0.9358058586786095,0.03333333333333333
300.967302089873,-0.1163260146127742,0.03333333333333333
300.96747562981045,-0.9432848991894712,0.03333333333333333
300.9680266225941,-0.889586459321014,0.03333333333333333
300.96904512486464,-1.023994301255367,0.03333333333333333
300.9733329072736,-1.1939686483323426,0.03333333333333333
300.9733329072736,-1.1939686483323426,0.03333333333333333
300.9736936879565,-0.9648139292658924,0.03333333333333333
300.97398694927034,0.0213610362768993,0.03333333333333333
300.97408027662203,0.020536857348944,0.03333333333333333
300.9744218585411,-1.291154282720932,0.03333333333333333
300.97513913263003,-0.9885347935741204,0.03333333333333333
300.9759607940269,-0.9804193688758792,0.03333333333333333
300.97709662187333,-0.4570674476616496,0.03333333333333333
300.9771634821814,-0.4665628916501697,0.03333333333333333
300.97766551546897,-1.0484429218897071,0.03333333333333333
300.97812035145813,-0.2250580312062306,0.03333333333333333
300.9782263119157,-1.236703655491568,0.03333333333333333
300.9791372555072,-0.3065463862876692,0.03333333333333333
300.9799446216236,-0.8623473697671502,0.03333333333333333
300.98169462525266,-0.9431582918744996,0.03333333333333333
300.9828698571489,-0.3259221956346381,0.03333333333333333
300.9866649758775,-0.0324887833288411,0.03333333333333333
300.98719162311147,-0.2489695713444538,0.03333333333333333
300.98725204129994,-0.3089223595524964,0.03333333333333333
300.98773827599746,-1.0874824643369292,0.03333333333333333
300.988141278054,-0.2488947216091693,0.03333333333333333
300.99164305067126,-0.0447559973185937,0.03333333333333333
300.9928801061333,0.0366406137833252,0.03333333333333333
300.9932108428316,-0.0823214947799956,0.03333333333333333
300.99409890466086,-0.1870247040392849,0.03333333333333333
300.99423014589166,-0.4125259608509166,0.03333333333333333
300.99450601852993,0.0206376758346439,0.03333333333333333
300.9946884722711,0.0192168803634085,0.03333333333333333
300.99532436978745,-0.6240152468848067,0.03333333333333333
300.9955301194914,-0.0970978136275215,0.03333333333333333
300.9968838309992,0.0215612404181673,0.03333333333333333
300.99840896553206,-1.2717927181639412,0.03333333333333333
301.0009275324949,-0.4680204077424659,0.03333333333333333
301.0015767022062,-0.6082241412092136,0.03333333333333333
301.0031606291729,-0.8726337820835302,0.03333333333333333
301.0036718459415,-0.9382926003304772,0.03333333333333333
301.0040284464339,-0.749450555915103,0.03333333333333333
301.0040798698389,-0.0559344138037655,0.03333333333333333
301.0047682485269,-0.8506634660905222,0.03333333333333333
301.005216533491,-0.9169714768152264,0.03333333333333333
301.00555271527264,-0.2120649061751818,0.03333333333333333
301.0073168391822,-0.9794250409727292,0.03333333333333333
301.00823645008893,-0.200697843792971,0.03333333333333333
301.0087109258865,-1.0196447885191815,0.03333333333333333
301.009242952864,-0.140023564907735,0.03333333333333333
301.01069447887835,-0.7783875207753549,0.03333333333333333
301.0116143958364,-0.9378786766977996,0.03333333333333333
301.0117267676377,-0.9643578375923832,0.03333333333333333
301.0124506376781,-0.7573887165206085,0.03333333333333333
301.0147060517451,-1.1690025184238724,0.03333333333333333
301.01503671738334,-1.0415290385401506,0.03333333333333333
301.01515641434,-0.2335927557720418,0.03333333333333333
301.017082473206,-0.0343458836249283,0.03333333333333333
301.0171567878252,-0.3444548828879041,0.03333333333333333
301.0172117127776,-0.6671614444200044,0.03333333333333333
301.0193938692886,-0.4276911114493977,0.03333333333333333
301.0198276910626,-0.2853178170641141,0.03333333333333333
301.02101363430523,-1.2760801925076524,0.03333333333333333
301.0210772785399,-1.0931147377906545,0.03333333333333333
301.0239178565511,-0.0588169086353549,0.03333333333333333
301.02447198612487,-1.2660192080573494,0.03333333333333333
301.0258297396897,-1.0078493519560798,0.03333333333333333
301.0272090543635,-1.0080194552239163,0.03333333333333333
301.0300492051066,0.0134105538319655,0.03333333333333333
301.03042487458987,-0.4839414358405314,0.03333333333333333
301.0310799260126,-1.2751353452381302,0.03333333333333333
301.0311299833475,-0.4305635379877798,0.03333333333333333
301.031550104564,-0.3673005212858135,0.03333333333333333
301.03269392547725,-1.0394359677728209,0.03333333333333333
301.0328646876438,-0.5998827733872336,0.03333333333333333
301.0332932738634,-0.4582024437992281,0.03333333333333333
301.03381586152443,-1.2027535216472218,0.03333333333333333
301.03466661277355,-0.9142901648996652,0.03333333333333333
301.03504429182595,-0.6027637576556054,0.03333333333333333
301.0363409809606,-0.5600298472428457,0.03333333333333333
301.0363514560117,-0.6501255997967537,0.03333333333333333
301.037399196479,-0.9291907645765066,0.03333333333333333
301.0374013560283,-0.2836804325930583,0.03333333333333333
301.0385160630706,-0.0629441550001092,0.03333333333333333
301.04139778873315,-1.2219048733774254,0.03333333333333333
301.0421283696263,-1.365261907221146,0.03333333333333333
301.04260254800096,-0.5893167965730284,0.03333333333333333
301.04262885674086,-0.3603595124578146,0.03333333333333333
301.0434039863222,-0.6344083136117844,0.03333333333333333
301.0443370740661,-0.1170764144726694,0.03333333333333333
301.04462142975456,-0.7750718605883853,0.03333333333333333
301.0483532960137,-0.432508129237737,0.03333333333333333
301.04840671002273,-0.9557967851109606,0.03333333333333333
301.04897567374724,0.0392753924025244,0.03333333333333333
301.0494210062104,-0.3066256142545481,0.03333333333333333
301.0512712679766,-1.2871269998611838,0.03333333333333333
301.0561135959221,-0.3718392374369713,0.03333333333333333
301.0578923080877,-0.426444939347861,0.03333333333333333
301.05848915632765,-0.7894354201323245,0.03333333333333333
301.05910849090174,-0.7924175241584637,0.03333333333333333
301.0598880615269,-0.9505938463422048,0.03333333333333333
301.06058425200393,-1.1863847095708624,0.03333333333333333
301.06113911807444,-1.2757295927222954,0.03333333333333333
301.0615768802698,-1.0974785420405089,0.03333333333333333
301.0617953993098,-1.341286359815057,0.03333333333333333
301.0620641880169,-0.0726387920971658,0.03333333333333333
301.06249394964857,-0.2228307285625038,0.03333333333333333
301.0639345798273,-0.5225457890557925,0.03333333333333333
301.0663902341666,-0.6044387725908242,0.03333333333333333
301.0671341149401,-0.1298588938115278,0.03333333333333333
301.0672870789334,-0.3366418589036895,0.03333333333333333
301.0685291219648,-0.8547169403064367,0.03333333333333333
301.0686767547893,-0.1869468743471034,0.03333333333333333
301.0689475760906,-0.0910079704680341,0.03333333333333333
301.0691746179971,-1.3122433997859777,0.03333333333333333
301.0693654594666,-0.9289402070170212,0.03333333333333333
301.0697180983808,-0.3916458511336491,0.03333333333333333
301.0699341646362,-0.2371326047679289,0.03333333333333333
301.07030104071464,-0.8564072096696048,0.03333333333333333
301.07087530464827,-0.8231162717722175,0.03333333333333333
301.0720080085403,-1.2417474296955489,0.03333333333333333
301.0728568526115,-0.5099903889271904,0.03333333333333333
301.072935856011,-0.0757243636586509,0.03333333333333333
301.0730757682723,-0.9127142291235169,0.03333333333333333
301.07453012288227,-0.8742295805517467,0.03333333333333333
301.0771667615496,-1.0834087117147204,0.03333333333333333
301.0782789594273,-1.3091187524790062,0.03333333333333333
301.08198374498227,-0.5931708134981477,0.03333333333333333
301.08353520428227,-1.0173616080999612,0.03333333333333333
301.08418962540094,-1.1362673428437025,0.03333333333333333
301.0858482543656,-1.0686615118849985,0.03333333333333333
301.0860334473415,-0.6335719805019325,0.03333333333333333
301.08732645800205,-0.2728634099403072,0.03333333333333333
301.0874788162266,-0.0661403158297899,0.03333333333333333
301.0877061348542,-0.0647336596549664,0.03333333333333333
301.0879763270618,-0.7699196097295288,0.03333333333333333
301.08929104391405,-1.3056197133948604,0.03333333333333333
301.0903281997801,-1.1643512332735113,0.03333333333333333
301.0903589453509,-0.8120354368846671,0.03333333333333333
301.09195777675205,-1.3434741031860689,0.03333333333333333
301.0931700582952,-0.802621789679249,0.03333333333333333
301.0933295579444,-0.338276751325985,0.03333333333333333
301.0940683965394,-1.3384244931430638,0.03333333333333333
301.094277770586,-0.3873008597084084,0.03333333333333333
301.09931795201913,-1.0580239132030311,0.03333333333333333
301.0993531667581,-0.914519647291624,0.03333333333333333
301.0994241634613,-1.298193203108397,0.03333333333333333
301.099893563217,-0.9595354348684574,0.03333333333333333
301.1007902587069,-0.9229807206736668,0.03333333333333333
301.1008339955924,1.4036930414374031,0.03333333333333333
301.10087882815554,1.3740889672596843,0.03333333333333333
301.1084773169871,0.0930604191402911,0.03333333333333333
301.11059647492334,0.3867430097020892,0.03333333333333333
301.1142378075461,0.1481015353075956,0.03333333333333333
301.1349485385638,0.1781570740733244,0.03333333333333333
301.1471969000425,0.3808108680664981,0.03333333333333333
301.15202538735736,-1.3794151535756085,0.03333333333333333
301.1589531374155,-1.3793453488236769,0.03333333333333333
301.1929983742486,-1.0798779864678405,0.03333333333333333
301.2578502771476,-1.0420566328091287,0.03333333333333333
301.2643462656152,0.396767175786698,0.03333333333333333
301.3294295154879,-1.2449223726286704,0.03333333333333333
301.33451492296723,1.2628904413309885,0.03333333333333333
301.4680118378729,1.364421171601491,0.03333333333333333
301.4942629716941,1.3115518120137803,0.03333333333333333
301.530901159962,0.9980358073295208,0.03333333333333333
301.58267232781776,0.0381050042520173,0.03333333333333333
301.60376277543463,0.6408770064724161,0.03333333333333333
301.6585086429276,-0.5945862652164844,0.03333333333333333
301.65933539173056,1.116306304391194,0.03333333333333333
301.6717289516678,0.8818992566068953,0.03333333333333333
301.6960987172082,1.0496163174278632,0.03333333333333333
301.7168351044441,0.8473563135812865,0.03333333333333333
301.72018662236303,-0.2817806710084967,0.03333333333333333
301.7397537756699,0.0349779825985912,0.03333333333333333
301.7577722390991,-1.041191744603869,0.03333333333333333
301.83930643647545,0.0362654219915238,0.03333333333333333
301.91561781511723,1.3295845879876291,0.03333333333333333
301.9478234450488,1.4354140965420374,0.03333333333333333
302.0290447225019,-0.3973666408160096,0.03333333333333333
302.0667795828461,1.3666211483886828,0.03333333333333333
302.085873788269,1.147513007238132,0.03333333333333333
302.12205830249303,1.0219463945480582,0.03333333333333333
302.15230354639533,0.0422538815849489,0.03333333333333333
302.27842334052167,1.1481737262402405,0.03333333333333333
302.2991230677382,-1.3676798362889857,0.03333333333333333
302.33179848376585,1.1437686784440324,0.03333333333333333
302.33920511928034,-0.3810850743730658,0.03333333333333333
302.35542155648096,-1.166191596115154,0.03333333333333333
302.3786753867155,0.0667424836034035,0.03333333333333333
302.4976794816255,1.0594431843332242,0.03333333333333333
302.5206400127177,1.0801444657229062,0.03333333333333333
302.5212357195487,1.0029474199602149,0.03333333333333333
302.52581493080737,-1.1919917645820726,0.03333333333333333
302.58668069356065,0.9879958582490692,0.03333333333333333
302.6954049034644,1.384563486225561,0.03333333333333333
302.7008333786705,-0.2177414034676869,0.03333333333333333
302.7008333786705,-0.2177414034676869,0.03333333333333333
302.7670575767885,0.9219467987098838,0.03333333333333333
302.8807900165926,0.1277451664737908,0.03333333333333333
302.8871302631943,-0.1340196664474212,0.03333333333333333
302.95014569744075,1.0183197334612453,0.03333333333333333
302.9507304693266,0.9567198239429132,0.03333333333333333
303.04321117130735,0.037569069721357,0.03333333333333333
303.0812397083715,0.6216760975683912,0.03333333333333333
303.10667721512834,0.2087089742146094,0.03333333333333333
303.16590688477265,1.4329765647017487,0.03333333333333333
303.176252539732,0.1759160089246732,0.03333333333333333
303.21205902098995,1.1480785258942108,0.03333333333333333
303.25959211116486,0.6596762763865848,0.03333333333333333
303.2610150289183,0.527902564481914,0.03333333333333333
303.37424353784945,1.0608441221589269,0.03333333333333333
303.4123859899806,0.1084732057616918,0.03333333333333333
303.42148400318507,1.440843890534487,0.03333333333333333
303.4354966129182,1.119598178409667,0.03333333333333333
303.4720936178988,-1.316555288461366,0.03333333333333333
303.4918096479456,-1.0783789591971673,0.03333333333333333
303.5524797897729,0.666620131055657,0.03333333333333333
303.5549852651222,0.4306870295849573,0.03333333333333333
303.5788279421256,1.2341990966059628,0.03333333333333333
303.7786425703625,0.6052806700627759,0.03333333333333333
303.784570416681,-0.596916209641841,0.03333333333333333
303.8695572683238,-1.0240134767124895,0.03333333333333333
303.9461247379681,-0.687175795987239,0.03333333333333333
303.958758789248,1.0865791756540897,0.03333333333333333
303.9897342563091,0.9257836908623,0.03333333333333333
303.99979420572714,0.4347316160290235,0.03333333333333333
304.0049123497512,0.0511040191155289,0.03333333333333333
304.0244690058647,-1.2192169184431287,0.03333333333333333
304.02852248754783,-1.0406357838748015,0.03333333333333333
304.06808121066257,1.2674666474594791,0.03333333333333333
304.08118302438635,-1.1823038922618887,0.03333333333333333
304.09383201584046,-1.1319114138607993,0.03333333333333333
304.11957359419233,-0.4590345196316974,0.03333333333333333
304.1222172116527,0.7432210443182365,0.03333333333333333
304.1718665942507,0.6129320546769252,0.03333333333333333
304.18851271618945,0.7501210874319612,0.03333333333333333
304.1948602383896,0.8059716901625281,0.03333333333333333
304.2000008592623,0.9027499090603184,0.03333333333333333
304.24939803641195,-0.3768949827663606,0.03333333333333333
304.2710125733006,1.1551129496805783,0.03333333333333333
304.2862942887222,0.921223390821152,0.03333333333333333
304.2890828289612,-1.2056920082782687,0.03333333333333333
304.3159365323086,0.9334066500231892,0.03333333333333333
304.3203048685596,-0.0606737458053866,0.03333333333333333
304.3363652654947,-0.6697150463509344,0.03333333333333333
304.33683266905734,0.3932348459486687,0.03333333333333333
304.41232855470184,0.0372293944158764,0.03333333333333333
304.4400106528398,0.0362639861163008,0.03333333333333333
304.5234927675639,0.0127895205711507,0.03333333333333333
304.5508279614081,-0.7376125204994775,0.03333333333333333
304.5633574322436,0.2512263285546508,0.03333333333333333
304.5781084104908,0.4120483042253914,0.03333333333333333
304.58016400954705,-0.6712373668787615,0.03333333333333333
304.61690236018063,1.4340478223179918,0.03333333333333333
304.6729054907898,-1.3717923025689356,0.03333333333333333
304.6730126075595,-0.1476375887796736,0.03333333333333333
304.67661702466336,-1.37233177598363,0.03333333333333333
304.6797100587154,-0.1498025467908377,0.03333333333333333
304.6944799333844,1.1082849347836363,0.03333333333333333
304.7141316755762,-0.2181498156895523,0.03333333333333333
304.7403819634951,-0.5239931108541409,0.03333333333333333
304.7605882911864,0.1909539597647405,0.03333333333333333
304.7666543979853,1.143924494499987,0.03333333333333333
304.76669600552054,-1.2337371151734973,0.03333333333333333
304.795499965546,0.2896324109876022,0.03333333333333333
304.8530448566281,1.052499890124836,0.03333333333333333
304.8544207494392,0.0429833108023982,0.03333333333333333
304.90259255164244,0.0464624286903516,0.03333333333333333
304.93871078553326,0.0467576000440062,0.03333333333333333
304.9664054868261,0.0420678674412974,0.03333333333333333
304.97567098512366,0.2211542729473724,0.03333333333333333
304.9928864708034,0.1226842900778881,0.03333333333333333
305.050814209227,-0.4322822939702267,0.03333333333333333
305.0864928993641,0.8584868099533887,0.03333333333333333
305.0889387958757,-1.155759409481253,0.03333333333333333
305.18758228577525,1.0052923569164245,0.03333333333333333
305.2012591870465,-1.1261317288053945,0.03333333333333333
305.21509876470213,1.1142689935036032,0.03333333333333333
305.24177254621225,0.3020544712387445,0.03333333333333333
305.2418126741773,0.3718008313326946,0.03333333333333333
305.27123216335286,-0.4762408250314544,0.03333333333333333
305.28961086590783,0.6948165705878427,0.03333333333333333
305.2986464479016,0.0153838389198402,0.03333333333333333
305.3114476982348,1.0289444462810269,0.03333333333333333
305.315294807481,0.5192473710766387,0.03333333333333333
305.32371804218,0.2697242504245341,0.03333333333333333
305.4358844174132,-0.7702195866050849,0.03333333333333333
305.4614450462297,-0.6255562873254699,0.03333333333333333
305.4630794847247,-1.345835568201557,0.03333333333333333
305.4896139059593,-0.0114834109045755,0.03333333333333333
305.52510601368783,0.8953444996149506,0.03333333333333333
305.5407671338454,0.952292754101768,0.03333333333333333
305.58100753461343,-0.8008115651074224,0.03333333333333333
305.64797588529285,-0.6694194677482896,0.03333333333333333
305.6574820578185,-0.0473696356750876,0.03333333333333333
305.6755357560082,-0.6705609994373294,0.03333333333333333
305.77862345969146,-0.8225530497432938,0.03333333333333333
305.8015671892011,-0.0110022729458133,0.03333333333333333
305.84006404302016,-1.2640965055569435,0.03333333333333333
305.91970091613507,-0.010638729034674,0.03333333333333333
305.9251344476209,-0.0180917375301575,0.03333333333333333
305.9715076178171,-1.0262129573546923,0.03333333333333333
306.022957626762,1.381792424943583,0.03333333333333333
306.1931673744722,-0.9577813742993896,0.03333333333333333
306.2555909181507,-0.0087812862085066,0.03333333333333333
306.29151511321504,0.5362293668688096,0.03333333333333333
306.2976748341763,-0.0084421383539905,0.03333333333333333
306.354357763629,-0.8956927070821699,0.03333333333333333
306.3969020591183,-0.0077312310977012,0.03333333333333333
306.4236931426687,-1.3708953451029295,0.03333333333333333
306.53411218318547,-1.352531938452206,0.03333333333333333
306.6362681973478,-1.201176258860027,0.03333333333333333
306.654334951346,-1.3674017019340807,0.03333333333333333
306.72614057091084,-1.2346326297220327,0.03333333333333333
306.7802468554497,-0.933736405237022,0.03333333333333333
306.8380210542704,0.5948230338278132,0.03333333333333333
306.85174374494613,0.7755899476375098,0.03333333333333333
306.8538248449589,0.3302308634331454,0.03333333333333333
306.85414962545065,0.1152497575150339,0.03333333333333333
306.8542279466953,0.1879153649391744,0.03333333333333333
307.0258622770853,0.4912304017407278,0.03333333333333333
307.05008700522615,0.288400031713299,0.03333333333333333
307.1758009177247,0.8773021205068113,0.03333333333333333
307.2666730559769,0.314679089486178,0.03333333333333333
307.2783691077352,0.9148870344062292,0.03333333333333333
307.4094348441724,0.8533821464864362,0.03333333333333333
307.4282619230414,-0.5618990426202121,0.03333333333333333
307.429784322792,0.7316765496207117,0.03333333333333333
307.4612407387985,0.0093586538172014,0.03333333333333333
307.4624111965852,1.292200869766637,0.03333333333333333
307.4635583745076,0.0095359754421619,0.03333333333333333
307.519215740721,-1.0910396108263138,0.03333333333333333
307.61059154064606,-0.6226333157938498,0.03333333333333333
307.62749131583445,0.0105520497180277,0.03333333333333333
307.640387125984,1.3735603868783128,0.03333333333333333
307.6472098872069,1.384508825843244,0.03333333333333333
307.6535025927005,1.3807076459873835,0.03333333333333333
307.6766234014388,0.313311902385176,0.03333333333333333
307.7543101188572,1.0247653052735697,0.03333333333333333
307.7662568382491,0.7963833411304864,0.03333333333333333
307.7912767035605,-0.3577547686926619,0.03333333333333333
307.79192372770785,-0.78479788107047,0.03333333333333333
307.9172372763425,0.6123757862515037,0.03333333333333333
307.9700443730944,0.8683011450300242,0.03333333333333333
308.0976963584685,1.4103743289643649,0.03333333333333333
308.14617533856125,-0.5706609207274398,0.03333333333333333
308.14830688296496,0.6650684515832008,0.03333333333333333
308.2276627989726,-0.2388974638493627,0.03333333333333333
308.23726132785083,0.2225569894777775,0.03333333333333333
308.26892110705506,-0.7555509052766837,0.03333333333333333
308.3098502895909,-0.3851403762473543,0.03333333333333333
308.3149984927397,1.184299648700054,0.03333333333333333
308.34053050616643,1.3510826317123832,0.03333333333333333
308.3933986165383,-0.0927053694269631,0.03333333333333333
308.47987991902363,1.340810589851489,0.03333333333333333
308.5360805915173,0.8264383591880982,0.03333333333333333
308.58257511726526,0.4378496518113207,0.03333333333333333
308.58971067297114,-0.0120255701546301,0.03333333333333333
308.75613893190194,-0.3295345341078307,0.03333333333333333
308.76741507148387,0.5854498163895291,0.03333333333333333
308.85824412805766,-1.0822525290268177,0.03333333333333333
308.9723702784536,-0.4627950152793462,0.03333333333333333
308.97330657293867,-0.5395636901459587,0.03333333333333333
309.0318079757436,0.6690354730064543,0.03333333333333333
309.072820043718,1.0981460389150677,0.03333333333333333
309.073772575364,0.3859744783228769,0.03333333333333333
309.1739006302548,0.043523402763679,0.03333333333333333
309.17680703947605,0.0429497490021176,0.03333333333333333
309.29565885246194,-0.8337172648650756,0.03333333333333333
309.300256620689,-0.2369209795874365,0.03333333333333333
309.40088922391186,-0.0533402910810965,0.03333333333333333
309.48468223869565,0.8400841265899462,0.03333333333333333
309.5073231847564,0.2550682235736433,0.03333333333333333
309.54704051058934,0.4863329566297358,0.03333333333333333
309.6044253203391,0.0268531713802132,0.03333333333333333
309.6281124412067,-0.1338398784389393,0.03333333333333333
309.6637172724276,-0.9561121860229432,0.03333333333333333
309.8780131359792,-0.9432857353934012,0.03333333333333333
