ra,dec,sep
330.11129619102235,0.0346068990240954,0.03333333333333333
330.18859162143974,1.442712178044956,0.03333333333333333
330.34870784528005,1.4444567490110471,0.03333333333333333
330.4260488940315,0.0459126266542222,0.03333333333333333
330.43019099717753,-0.8191282090761814,0.03333333333333333
330.4586482938667,-0.7074127748175637,0.03333333333333333
330.5294901692158,-26.44390115708122,0.03333333333333333
330.6027257674145,-3.289157735228456,0.03333333333333333
330.67753876061363,-1.4244675396774724,0.03333333333333333
330.71087288980294,-1.9813809336339236,0.03333333333333333
330.715118849817,-26.129149233318717,0.03333333333333333
330.7264364356484,-2.1549464452333638,0.03333333333333333
330.8130711615091,1.2891533854468642,0.03333333333333333
330.8167870616154,-2.4829554168583243,0.03333333333333333
330.81682063646366,-1.1963631242022927,0.03333333333333333
330.81751233943703,-26.907577242973503,0.03333333333333333
330.8207533540414,-2.037391446499257,0.03333333333333333
330.8297557613985,-1.0954384258216951,0.03333333333333333
330.8803180654123,-26.1462055666095,0.03333333333333333
330.9326556241118,-0.6870369369831202,0.03333333333333333
330.95546455738804,-0.422038740232936,0.03333333333333333
331.01569880774014,1.1074578620103064,0.03333333333333333
331.0916474509415,0.7003061124321541,0.03333333333333333
331.200766841331,-26.034198187571054,0.03333333333333333
331.22366426801165,-25.051456106463764,0.03333333333333333
331.2367568682725,-27.281015622346157,0.03333333333333333
331.2447970650126,-27.277838174726178,0.03333333333333333
331.2684098256359,-24.554909705235747,0.03333333333333333
331.3580705851508,-23.83256174084068,0.03333333333333333
331.37225331383246,-0.5196269942518518,0.03333333333333333
331.4438701132191,-0.0515485997197639,0.03333333333333333
331.4490478394476,-0.6666646631868917,0.03333333333333333
331.449248605644,-0.6898871077390075,0.03333333333333333
331.4758623184158,-25.90427412675304,0.03333333333333333
331.49323236145403,-26.70994679996406,0.03333333333333333
331.5381061004612,-31.086860154268685,0.03333333333333333
331.5439124416724,-31.08456732613841,0.03333333333333333
331.54889135816103,1.0487838728160106,0.03333333333333333
331.57957099197046,-0.6378967794484947,0.03333333333333333
331.58268957064865,-31.28197112820851,0.03333333333333333
331.5846329183654,0.7828157904131261,0.03333333333333333
331.6219125631093,-29.612169870699933,0.03333333333333333
331.6677204935942,-25.992457596496816,0.03333333333333333
331.7193718558317,-31.047540899034637,0.03333333333333333
331.7214758486111,-27.583228205693903,0.03333333333333333
331.72148850347304,-27.583195575614106,0.03333333333333333
331.72405577528497,-31.05309558882561,0.03333333333333333
331.72597595709846,-31.05319427986495,0.03333333333333333
331.7304425939274,-31.052944378400603,0.03333333333333333
331.73193525603403,-28.363846277723734,0.03333333333333333
331.79613845985745,-28.16350929044536,0.03333333333333333
331.80672771163086,-27.54548929585597,0.03333333333333333
331.88706229118645,-26.226874653069228,0.03333333333333333
331.89396381531327,-28.65815178172343,0.03333333333333333
331.92401027462336,-28.373173898991613,0.03333333333333333
331.9741296639492,-26.262289221344187,0.03333333333333333
331.9853322641127,0.1909484130450632,0.03333333333333333
331.9922998262779,-25.82430405823913,0.03333333333333333
331.9997102783248,-26.276586684467745,0.03333333333333333
332.007299746507,-27.116255599337048,0.03333333333333333
332.0430848360422,-30.276750056860784,0.03333333333333333
332.0469512212777,-27.187233242640207,0.03333333333333333
332.08974226896066,-0.6159188829182638,0.03333333333333333
332.09412438223785,1.4024561761841343,0.03333333333333333
332.09518259852865,-27.806803301714982,0.03333333333333333
332.1018041812308,-29.05100572704748,0.03333333333333333
332.1040179939501,-29.050700899346214,0.03333333333333333
332.13743197477373,-31.081411866091948,0.03333333333333333
332.1421626648391,0.5118210562721623,0.03333333333333333
332.1570933838848,-30.885039355225345,0.03333333333333333
332.15744931208764,-30.638245601431024,0.03333333333333333
332.16138413368685,-30.88574715137395,0.03333333333333333
332.1876622280138,-27.8538478176082,0.03333333333333333
332.21648908406854,-30.64966912723208,0.03333333333333333
332.2165318654766,-1.1010232176217527,0.03333333333333333
332.21654479357403,-1.1010212789856892,0.03333333333333333
332.23057692441057,-0.7314856021251629,0.03333333333333333
332.2329099311068,-27.22278199790022,0.03333333333333333
332.2521796387578,-27.16750041185059,0.03333333333333333
332.2814312676385,-24.538814720249277,0.03333333333333333
332.2826681874065,0.0187571112632195,0.03333333333333333
332.28970573909385,-27.15943276258306,0.03333333333333333
332.2910241658612,-27.16264327781079,0.03333333333333333
332.2976499829036,-27.17004973777287,0.03333333333333333
332.29819557770685,-27.162517384518427,0.03333333333333333
332.30032415599027,-27.17089155081252,0.03333333333333333
332.30178494956016,-0.8609959066600249,0.03333333333333333
332.3037332183869,-27.16558632924121,0.03333333333333333
332.3067859679429,-27.171387189822926,0.03333333333333333
332.3068687337874,-27.17019061382654,0.03333333333333333
332.3250882589719,1.1897825329487246,0.03333333333333333
332.3293752575985,-24.12012102380704,0.03333333333333333
332.33501896121146,-26.72601582038612,0.03333333333333333
332.3418810604616,-29.263075555595503,0.03333333333333333
332.34547450375544,-25.417946056108004,0.03333333333333333
332.34762786407265,-25.416605336939856,0.03333333333333333
332.348527511477,-30.355930742547883,0.03333333333333333
332.3499618587705,-49.95548702278986,0.03333333333333333
332.36516896581617,0.3759945028830995,0.03333333333333333
332.36566158168495,-0.8052376045536256,0.03333333333333333
332.45263484436884,-30.23217545253064,0.03333333333333333
332.4625259914136,-29.643076395167107,0.03333333333333333
332.4639565862639,1.1500007990678438,0.03333333333333333
332.4773666618215,-1.454892271729591,0.03333333333333333
332.493350687485,-27.44098095621957,0.03333333333333333
332.50311376214466,-31.23332648999496,0.03333333333333333
332.5099475250107,-27.802425574439663,0.03333333333333333
332.51558209616104,-25.335365131244853,0.03333333333333333
332.5240068270393,-27.91075708397664,0.03333333333333333
332.5306948435685,-25.595950760928293,0.03333333333333333
332.57167579867763,-25.205188793934607,0.03333333333333333
332.6034904635789,-29.536397754884003,0.03333333333333333
332.653781997671,0.0324231395971813,0.03333333333333333
332.67587458315745,-24.99611249561708,0.03333333333333333
332.7416878016213,-25.07531023085714,0.03333333333333333
332.7430386884259,-27.658157768445044,0.03333333333333333
332.7767616492316,-27.684639400575765,0.03333333333333333
332.82175209111784,-23.577707281880286,0.03333333333333333
332.8333077504939,-26.47982978724037,0.03333333333333333
332.85575504075257,-26.982017835468213,0.03333333333333333
332.8574436292237,-30.16106586998199,0.03333333333333333
332.8643916631728,-24.77740497521673,0.03333333333333333
332.8678209695767,-0.8097588612512464,0.03333333333333333
332.8678320792059,-0.8097558714544225,0.03333333333333333
332.86804244927305,-27.63912766599244,0.03333333333333333
332.8817559133079,-24.813869129337284,0.03333333333333333
332.9671857956708,-1.5181800158439347,0.03333333333333333
333.08537864785336,-26.889989768269853,0.03333333333333333
333.101453645782,-27.039200818020863,0.03333333333333333
333.11669108174385,-24.150345853892347,0.03333333333333333
333.1241576362874,0.0358392785973675,0.03333333333333333
333.17320112679323,0.5119642601996512,0.03333333333333333
333.1803925715979,-28.96076557311981,0.03333333333333333
333.1889323269491,1.4426033493490462,0.03333333333333333
333.213578097907,-25.645135302436103,0.03333333333333333
333.2219912967962,-25.642757760592275,0.03333333333333333
333.2370201122817,0.5276645289407089,0.03333333333333333
333.2547697923437,0.4552490714327254,0.03333333333333333
333.30536845731115,-24.879782824174743,0.03333333333333333
333.31908539843886,-49.708674653771766,0.03333333333333333
333.3394574505506,-1.3655619685828273,0.03333333333333333
333.3551818035355,-25.448422477148064,0.03333333333333333
333.35769791227585,-1.29480693509908,0.03333333333333333
333.3696115832082,-26.685694874534185,0.03333333333333333
333.38039884055564,-25.39467664516244,0.03333333333333333
333.3852308851685,-26.39207513472489,0.03333333333333333
333.3985380422876,-28.42824210005132,0.03333333333333333
333.5067253989412,-29.383375111783447,0.03333333333333333
333.50770364281215,-29.38016266628708,0.03333333333333333
333.5084694218237,-29.389418033637792,0.03333333333333333
333.5093478353561,-29.384455390125627,0.03333333333333333
333.51191857192214,-27.539286005712476,0.03333333333333333
333.5119857829216,-27.53930260557384,0.03333333333333333
333.5134692326156,-29.38272127795172,0.03333333333333333
333.5167370604382,-29.381012855144032,0.03333333333333333
333.5212380480937,-29.381350935720462,0.03333333333333333
333.5215749438156,-29.379588829199744,0.03333333333333333
333.53817754884994,-1.6620520820258349,0.03333333333333333
333.5778543861611,-27.59452530186533,0.03333333333333333
333.58127286278904,-28.697982418162905,0.03333333333333333
333.600966286032,-29.98098137914205,0.03333333333333333
333.67037240149875,-27.464365816399187,0.03333333333333333
333.6746944454729,-28.44433992901234,0.03333333333333333
333.6805918171402,-29.775894699932,0.03333333333333333
333.69417950096704,-29.68770447396015,0.03333333333333333
333.69650411507115,-29.68677871511806,0.03333333333333333
333.7059709538932,-1.0777175334610476,0.03333333333333333
333.76246834433914,-28.053788191539027,0.03333333333333333
333.8212699349557,-28.89929996827705,0.03333333333333333
333.86808462580666,-1.1185219070300514,0.03333333333333333
333.879193631998,-29.90283088419213,0.03333333333333333
333.88574209843875,-28.301075647502863,0.03333333333333333
333.9125484630616,-27.75138525938201,0.03333333333333333
333.9455025519527,-1.985161463986751,0.03333333333333333
333.95704686686554,-27.51278188660366,0.03333333333333333
333.9627144838202,-24.826059004709897,0.03333333333333333
333.96463410949275,1.164236132133241,0.03333333333333333
333.97548867898547,0.7475494869171222,0.03333333333333333
334.0131661783021,-1.7820701922332376,0.03333333333333333
334.01323686417953,-1.0365025085104511,0.03333333333333333
334.0647374844005,-24.688033760607844,0.03333333333333333
334.0937858542965,-48.55520154451153,0.03333333333333333
334.1026448560791,-25.25362510274883,0.03333333333333333
334.1253072836468,-29.01480498338059,0.03333333333333333
334.1696999016536,-31.240107171328063,0.03333333333333333
334.2708843115876,-27.629188219689738,0.03333333333333333
334.2771669200802,-30.579476065999444,0.03333333333333333
334.2951087244464,-27.945815941905312,0.03333333333333333
334.2955969098487,-2.065795863119287,0.03333333333333333
334.3435194955581,1.0767543256819685,0.03333333333333333
334.37452205627085,-26.964997870309,0.03333333333333333
334.3759356437347,0.6747777092242049,0.03333333333333333
334.4083960423969,-31.555559614584272,0.03333333333333333
334.4129462872344,-49.96675562292018,0.03333333333333333
334.4187762506549,-27.36619150807694,0.03333333333333333
334.421449319186,-27.365163382540192,0.03333333333333333
334.4330787985973,-49.26458525219583,0.03333333333333333
334.43312639269226,-49.26546783080479,0.03333333333333333
334.43479717961867,-49.26642218196768,0.03333333333333333
334.4351536384384,-49.267926138128765,0.03333333333333333
334.48525137362094,1.4340886012570444,0.03333333333333333
334.48671118085724,-27.53335168655373,0.03333333333333333
334.51810718508995,0.0623138589627238,0.03333333333333333
334.5579398251045,0.2736951228444171,0.03333333333333333
334.56262843755,1.254694273842988,0.03333333333333333
334.56507665184995,0.8197691381406662,0.03333333333333333
334.57190645739905,0.6065838369084469,0.03333333333333333
334.58077291303573,-27.262284225095637,0.03333333333333333
334.59740992937526,-1.573235522113904,0.03333333333333333
334.6756889869258,1.4209892510512774,0.03333333333333333
334.6947482712885,-1.188558994516001,0.03333333333333333
334.69475415064494,-1.1885577406117744,0.03333333333333333
334.71939499895126,-1.0529142510236456,0.03333333333333333
334.7482419817854,0.4116836604570151,0.03333333333333333
334.7611824165107,-29.203879062115284,0.03333333333333333
334.8579955716732,-30.852129377014343,0.03333333333333333
334.8629327716865,-2.073846476854021,0.03333333333333333
334.89283243504946,-1.071376767124696,0.03333333333333333
334.9148727265717,-25.33688082008216,0.03333333333333333
334.9272437679506,-26.29291004337753,0.03333333333333333
334.9364411418472,-0.2444533826638444,0.03333333333333333
334.93782729725075,-29.57039409080591,0.03333333333333333
334.9570125190825,-26.338353512366396,0.03333333333333333
334.958706971293,-26.340768027595438,0.03333333333333333
334.9744213770292,0.4846689985595231,0.03333333333333333
335.0602933313417,0.6431728488196103,0.03333333333333333
335.06302922305315,-0.8019291991958989,0.03333333333333333
335.07721693781536,-28.21342916865688,0.03333333333333333
335.0832394487865,-25.45845916042768,0.03333333333333333
335.0881905505351,0.6776081939702171,0.03333333333333333
335.08900553863754,0.6779085075975249,0.03333333333333333
335.2501391679345,1.095316374314623,0.03333333333333333
335.3021749276469,-28.047411376050736,0.03333333333333333
335.3067522132758,-28.07246239885318,0.03333333333333333
335.7052812576074,-31.477440819067585,0.03333333333333333
335.7244781040063,-29.455650542739576,0.03333333333333333
335.72883636182854,-30.70788858469623,0.03333333333333333
335.7696954649994,-28.95647031679414,0.03333333333333333
335.76972183279514,-28.956786058242702,0.03333333333333333
335.8070780085201,-28.979058837654552,0.03333333333333333
335.87649913889226,-1.8590912801521395,0.03333333333333333
335.88681821013813,-1.10412204251795,0.03333333333333333
335.8978442296195,-28.874056919602783,0.03333333333333333
335.90012802575814,-28.527653500762096,0.03333333333333333
335.91284873123493,-29.369682862452454,0.03333333333333333
336.0072318358404,-1.430638786742536,0.03333333333333333
336.01397097341777,-0.9567096099850134,0.03333333333333333
336.01401051604205,-0.9566969699045356,0.03333333333333333
336.0677440421202,-29.40602881395364,0.03333333333333333
336.12790702031526,-29.650744182978123,0.03333333333333333
336.2450409017476,-2.031815505892915,0.03333333333333333
336.2451650102852,-2.0318396524982245,0.03333333333333333
336.2830353928314,0.4687622178739438,0.03333333333333333
336.4004548700646,-31.47516079020962,0.03333333333333333
336.48177785005925,-28.870835034912265,0.03333333333333333
336.5430256031721,-31.14200337055165,0.03333333333333333
336.56534904151334,-1.931514319786094,0.03333333333333333
336.6203053487961,-30.39858100110669,0.03333333333333333
336.7195029773284,-30.89045372153866,0.03333333333333333
336.7565790194236,-0.1945163172446824,0.03333333333333333
336.8205843551024,-1.2654017728402382,0.03333333333333333
336.8206423475606,-1.2654154773408464,0.03333333333333333
336.8290751511377,-30.4771817992068,0.03333333333333333
336.8486669762847,-31.006194645401223,0.03333333333333333
336.912099323913,-31.136207086254505,0.03333333333333333
337.0573713987391,-1.6462826274197566,0.03333333333333333
337.1046549602956,-0.3714489675823685,0.03333333333333333
337.1366634967945,-29.73561380869819,0.03333333333333333
337.1379403467233,-30.96405550083988,0.03333333333333333
337.13928970250043,-29.73526798503368,0.03333333333333333
337.1431590637349,-29.733000598207,0.03333333333333333
337.14539682274835,-29.739212405655618,0.03333333333333333
337.19918624431745,-30.91199843220645,0.03333333333333333
337.1992648299098,-30.911989220539105,0.03333333333333333
337.2012427747528,-30.91100925411266,0.03333333333333333
337.20139820083546,-30.910878297163013,0.03333333333333333
337.2030357402056,-30.912229440613665,0.03333333333333333
337.203039871736,-30.91224519836065,0.03333333333333333
337.22360618425245,-30.980939741660382,0.03333333333333333
337.22360894565986,-30.98095563687505,0.03333333333333333
337.2396948751684,-29.51982908253939,0.03333333333333333
337.2652720546715,-0.9222820923669957,0.03333333333333333
337.3458366571309,-2.011785900315515,0.03333333333333333
337.3708298666501,-0.9752885718998028,0.03333333333333333
337.48557309949206,0.5240235390794395,0.03333333333333333
337.5076760184757,-29.597960152831284,0.03333333333333333
337.50768925239095,-29.59794652431351,0.03333333333333333
337.54298367020385,-2.01121699118249,0.03333333333333333
337.653463904362,-0.1099571744851075,0.03333333333333333
337.7750079939556,-0.1955294013694825,0.03333333333333333
337.80812689962085,-31.33455219401752,0.03333333333333333
337.83119806176575,-30.45271201278242,0.03333333333333333
337.8556584081289,-29.988724810769256,0.03333333333333333
337.9581787184338,-0.8525534280665222,0.03333333333333333
338.0011588433196,-0.8922163618822936,0.03333333333333333
338.096059256585,1.073306407386629,0.03333333333333333
338.1036251184564,0.2512253161245908,0.03333333333333333
338.1177922356749,-29.581603652790008,0.03333333333333333
338.1194617275569,-29.58314204055372,0.03333333333333333
338.12363603058753,-29.582560245454577,0.03333333333333333
338.1251198555004,-29.57979904508515,0.03333333333333333
338.13382897938413,-1.3739086069034303,0.03333333333333333
338.13388898876883,-1.3751262968826812,0.03333333333333333
338.13430721956706,-1.8199677081971013,0.03333333333333333
338.2155980841278,-30.54711277145381,0.03333333333333333
338.2288981186089,-29.168472727433837,0.03333333333333333
338.3311796356492,1.1828939999498829,0.03333333333333333
338.3383541095235,-2.019315208340299,0.03333333333333333
338.4273343986453,-30.32651312377564,0.03333333333333333
338.4497536626169,-2.0470856835169693,0.03333333333333333
338.4644133770313,-29.24779413219761,0.03333333333333333
338.5277783244117,0.0224447956398556,0.03333333333333333
338.66637521384126,0.6909664418071105,0.03333333333333333
338.70588936725846,0.0349752257906071,0.03333333333333333
338.7158253673226,-29.46435532973148,0.03333333333333333
338.73567173096313,-31.145574300500385,0.03333333333333333
338.73569433672816,-31.1455850268799,0.03333333333333333
338.7618903011321,-26.1262665377972,0.03333333333333333
338.76343808393045,-26.12535531022662,0.03333333333333333
338.78506511786827,-0.8998369935534453,0.03333333333333333
338.785109135079,-0.8998316294838345,0.03333333333333333
338.7914105928115,-30.5603414359782,0.03333333333333333
338.82674120291733,-0.465098440452275,0.03333333333333333
338.8435284922325,-0.3888384147148237,0.03333333333333333
338.88432907328246,-29.77583940043047,0.03333333333333333
338.91041665601625,-24.928703570364,0.03333333333333333
338.92933238127915,-0.9101766325827358,0.03333333333333333
338.92938653521645,-0.9101558150095174,0.03333333333333333
338.9294202112855,-0.9100982563435506,0.03333333333333333
338.9330431386031,-0.6589082844776932,0.03333333333333333
338.9369542908973,-26.040945424398046,0.03333333333333333
338.9391682825249,-26.03634410855905,0.03333333333333333
338.942864761339,-26.074740893365583,0.03333333333333333
338.9509617589531,-26.02333197997694,0.03333333333333333
338.9731106642853,-1.7203211483170189,0.03333333333333333
339.03985682863623,-1.7760565035215128,0.03333333333333333
339.0407624794759,-25.19022583030339,0.03333333333333333
339.0498381401107,-1.3718161110181408,0.03333333333333333
339.1264826494344,-30.42348952250296,0.03333333333333333
339.139729783869,0.4480037094611175,0.03333333333333333
339.20666171031564,0.9038310163367896,0.03333333333333333
339.250018230497,-25.238598858225945,0.03333333333333333
339.25018172044105,-25.236845265092413,0.03333333333333333
339.2517033406488,-25.23598979780317,0.03333333333333333
339.25768199787484,-25.233727055241364,0.03333333333333333
339.26933080262904,-25.232822820255453,0.03333333333333333
339.269985357692,-1.5861314422452646,0.03333333333333333
339.27566092447444,-25.240943504268312,0.03333333333333333
339.2779384710341,-25.23552161417096,0.03333333333333333
339.3495140772359,-1.0219920514291434,0.03333333333333333
339.3744168628378,-1.09702098520342,0.03333333333333333
339.51819396371536,-25.73535669402066,0.03333333333333333
339.5968891921001,-0.952268013442764,0.03333333333333333
339.5969264365535,-0.9522370681869864,0.03333333333333333
339.6845594683822,-0.948694319373839,0.03333333333333333
339.7121523389554,-30.603465637305074,0.03333333333333333
339.76327230117045,-0.5548586150826711,0.03333333333333333
339.8233367905393,-1.701872695486173,0.03333333333333333
339.82551551288606,-1.6995599920570057,0.03333333333333333
339.83464333094946,-25.79151776898188,0.03333333333333333
339.9170471997488,0.9433648189988764,0.03333333333333333
340.12758105531697,-40.6368117770805,0.03333333333333333
340.1784681417285,1.4050366006473811,0.03333333333333333
340.22849303816275,-1.3693770075612246,0.03333333333333333
340.3052135563474,-30.66093722362923,0.03333333333333333
340.3084501865847,-0.6217276047968151,0.03333333333333333
340.3088648942001,-0.6207502086926288,0.03333333333333333
340.31072331194497,-0.6166568744451028,0.03333333333333333
340.3296989024671,-39.97283849156946,0.03333333333333333
340.3312015654902,-39.97314857397814,0.03333333333333333
340.3362555820347,-31.092523696109165,0.03333333333333333
340.35857933372193,-30.277865625774208,0.03333333333333333
340.3885682481925,-1.3982589348158114,0.03333333333333333
340.40427140562963,-31.287837518439893,0.03333333333333333
340.4562435334129,-30.329015431975083,0.03333333333333333
340.57499761348623,-30.047681042299786,0.03333333333333333
340.5760797336165,-30.041519376452467,0.03333333333333333
340.60356378838713,-30.323687244940924,0.03333333333333333
340.6140002670985,1.1241044681917287,0.03333333333333333
340.6974539115072,0.3415687053498467,0.03333333333333333
340.7617778538102,-1.051574391492504,0.03333333333333333
340.7910842496622,-39.868282636952586,0.03333333333333333
340.81240003161844,-39.87458690892856,0.03333333333333333
340.81825118013086,-39.86108916393093,0.03333333333333333
340.8230226407989,-39.8481566819464,0.03333333333333333
340.82667694535417,-39.88153919426973,0.03333333333333333
340.8308173956169,-39.87900062583571,0.03333333333333333
340.854608426132,-39.92223577354626,0.03333333333333333
340.8584488076185,-30.269941699405987,0.03333333333333333
340.96649098864606,-0.3851871280237126,0.03333333333333333
340.96755531580084,-0.3832981583866523,0.03333333333333333
340.99854290186045,0.0123426477009541,0.03333333333333333
341.2246367820633,-1.6440053022050565,0.03333333333333333
341.2775186097169,-29.4572337858656,0.03333333333333333
341.3799824113044,-0.7526108924743485,0.03333333333333333
341.3799836615205,-0.7525947660724432,0.03333333333333333
341.3907982620035,-30.571707698518058,0.03333333333333333
341.4164203070588,-0.4054482118161328,0.03333333333333333
341.6286544649145,-29.48236764524852,0.03333333333333333
341.6905678034154,-2.0316619089151806,0.03333333333333333
341.71636161968155,-0.0306187499811605,0.03333333333333333
341.85772435492765,-0.6452036100779865,0.03333333333333333
341.8715948722631,0.4312362304896879,0.03333333333333333
341.9461064172778,-31.154638960557165,0.03333333333333333
341.9782966077949,0.5559877199610578,0.03333333333333333
342.40379364944016,-31.44073439554576,0.03333333333333333
342.4402455842579,-0.3814398037277525,0.03333333333333333
342.4836663184702,0.0384316128868782,0.03333333333333333
342.49619416685283,-0.5088284479704046,0.03333333333333333
342.50446558908897,-0.6272634605450208,0.03333333333333333
342.55381866523845,-0.666369376718931,0.03333333333333333
342.6809015588012,-31.141854597890084,0.03333333333333333
342.80496480850576,-0.6708543852807788,0.03333333333333333
342.91855157505535,-0.5133465717588733,0.03333333333333333
342.95730339479854,-0.4698259059306293,0.03333333333333333
342.9861986230579,1.0119028234287737,0.03333333333333333
342.9879147578966,-29.414118119813367,0.03333333333333333
342.98793576669647,0.86866067863355,0.03333333333333333
343.01001877352525,0.2107950499106634,0.03333333333333333
343.0133592250865,-1.3735692555517045,0.03333333333333333
343.0605902801132,-1.6201088014688316,0.03333333333333333
343.2393387782164,0.4587823345606925,0.03333333333333333
343.2682692432572,-1.1980412797290334,0.03333333333333333
343.3326029338806,-29.45527081727196,0.03333333333333333
343.35983375335053,-0.5883758805261383,0.03333333333333333
343.4706720102698,-30.162151096626257,0.03333333333333333
343.4952075319428,-1.289144725738761,0.03333333333333333
343.54646400880233,-31.45314972730561,0.03333333333333333
343.5498267824822,-0.8303920878390473,0.03333333333333333
343.5498379046172,-0.8303498619565828,0.03333333333333333
343.55680100224805,-1.15776813041768,0.03333333333333333
343.55841648832785,-0.7447472371741598,0.03333333333333333
343.564887211426,-1.9350799840955812,0.03333333333333333
343.59545082579257,-28.93049443498822,0.03333333333333333
343.7037667638656,-29.085474277011844,0.03333333333333333
343.7216103267639,-29.208522767742235,0.03333333333333333
343.76622684097015,-30.32036536315227,0.03333333333333333
343.7662918322674,-30.70930845700575,0.03333333333333333
344.14812977031715,-1.3219468266578176,0.03333333333333333
344.239306884257,-1.694904850468815,0.03333333333333333
344.2395108573992,-0.4178591489560449,0.03333333333333333
344.2890099755485,-1.675088883413493,0.03333333333333333
344.3256656545311,-1.0321032349769363,0.03333333333333333
344.32581457427807,-1.0323934711508018,0.03333333333333333
344.42602499789314,-30.39925444672916,0.03333333333333333
344.4605529928331,-56.40668241548128,0.03333333333333333
344.4627604487304,-56.39756659401121,0.03333333333333333
344.46549136851564,-56.40675790817064,0.03333333333333333
344.47196337490004,-56.39841180111222,0.03333333333333333
344.4723979425911,-56.411120094689736,0.03333333333333333
344.4839277162799,-56.40680599507184,0.03333333333333333
344.48685296969137,-56.414633714206055,0.03333333333333333
344.672536896105,0.7010042726315829,0.03333333333333333
344.71152829853554,-31.01798370107929,0.03333333333333333
344.7790771743666,-1.3651979532980736,0.03333333333333333
344.7838160610223,-31.454652481082007,0.03333333333333333
344.9803738655762,0.869386257481867,0.03333333333333333
345.03427881771864,-30.575419642920465,0.03333333333333333
345.03432099076963,-30.57542409319079,0.03333333333333333
345.039826806144,-0.5437194496423986,0.03333333333333333
345.04543896181224,-31.30569655708361,0.03333333333333333
345.07532634691466,-1.9382234090164387,0.03333333333333333
345.12539458156243,-0.5016202410575213,0.03333333333333333
345.1764423779248,-0.3741371457594151,0.03333333333333333
345.2967388914305,-0.644418140564013,0.03333333333333333
345.363478283974,0.8660574981374014,0.03333333333333333
345.4132209059663,-55.78488426174897,0.03333333333333333
345.5049924642404,0.5131468261640252,0.03333333333333333
345.6000534204037,-29.279288748279363,0.03333333333333333
345.6476494287596,-28.941580257566937,0.03333333333333333
345.6826491807836,-29.150618463227467,0.03333333333333333
345.7040748515182,-29.743567664971437,0.03333333333333333
345.726556565242,-30.50526287426237,0.03333333333333333
345.7624196003549,-1.2153053167382355,0.03333333333333333
345.7630185962061,-1.2930814916809783,0.03333333333333333
345.8183544369748,-0.2031687049072709,0.03333333333333333
345.8575862881156,-1.137340328237319,0.03333333333333333
345.93421484653345,-30.275290641214017,0.03333333333333333
345.93423633904536,-30.277120410960705,0.03333333333333333
345.9651406629765,1.11426658072561,0.03333333333333333
345.99412565375906,-31.24744814049622,0.03333333333333333
346.0217791429818,-0.1944102477205188,0.03333333333333333
346.0603071033472,-29.219172419849645,0.03333333333333333
346.08713344180774,-30.130059202574223,0.03333333333333333
346.1180884490532,0.950341888510796,0.03333333333333333
346.1839995707146,-1.047637756170335,0.03333333333333333
346.1942578897968,-1.1895725197417075,0.03333333333333333
346.2170427411356,-29.908656245302616,0.03333333333333333
346.4082253359168,0.947151944492463,0.03333333333333333
346.649671597061,0.382755420563657,0.03333333333333333
346.74946621188514,-55.43576609783997,0.03333333333333333
346.77609063762577,-31.36628238329868,0.03333333333333333
346.86262587932487,-15.548545369473224,0.03333333333333333
347.0229149305789,-30.80048761796264,0.03333333333333333
347.04492000641267,-1.299588506149179,0.03333333333333333
347.05713200289017,-15.539555879529294,0.03333333333333333
347.1350909510298,-29.09680482966,0.03333333333333333
347.231188850614,0.6182549476788003,0.03333333333333333
347.2316580483845,-30.85783430936128,0.03333333333333333
347.2324628912045,-30.859214099596294,0.03333333333333333
347.2385497957576,-30.86865891289977,0.03333333333333333
347.23962383761454,-29.810996692379067,0.03333333333333333
347.3096188733344,-30.986794418426523,0.03333333333333333
347.33815796627533,-0.7671814802027282,0.03333333333333333
347.345621334989,1.00127934598807,0.03333333333333333
347.3747157451504,0.9464387687620458,0.03333333333333333
347.4094870335072,-1.1133049791521952,0.03333333333333333
347.4163057116409,-15.51500743717924,0.03333333333333333
347.44230168607083,0.0136411947639146,0.03333333333333333
347.4423475040321,0.0136153759642055,0.03333333333333333
347.4467371943644,-0.6705742754879188,0.03333333333333333
347.4568854509256,-15.51388289580098,0.03333333333333333
347.50350459910345,-37.333143607424255,0.03333333333333333
347.5069624267177,-37.33536728038352,0.03333333333333333
347.5148636864803,-15.600758820001868,0.03333333333333333
347.53311979435983,-29.027927735177585,0.03333333333333333
347.5388156961658,-15.545569336677913,0.03333333333333333
347.58567196629275,-36.958718314555256,0.03333333333333333
347.67494008100954,-1.1633342696409468,0.03333333333333333
347.6855555089027,-0.4217164447312926,0.03333333333333333
347.7073796367574,-16.23766599910389,0.03333333333333333
347.8031146513274,-16.5750373999061,0.03333333333333333
347.8963319528839,-31.445592377850765,0.03333333333333333
348.0373247446722,-31.070356404741503,0.03333333333333333
348.0620703509453,-16.143035666194592,0.03333333333333333
348.13067741527794,-1.1937043288787734,0.03333333333333333
348.1460400150509,-31.521224173728427,0.03333333333333333
348.18047470478774,-0.4532529337644965,0.03333333333333333
348.20930304085607,-0.4234914000338244,0.03333333333333333
348.2214521106953,-30.37807507975489,0.03333333333333333
348.2461021601764,1.1349593899913708,0.03333333333333333
348.27642862713856,-30.516794693385155,0.03333333333333333
348.299611065616,-0.7605497687369258,0.03333333333333333
348.39379874234254,-38.14391347186034,0.03333333333333333
348.4181898950927,0.2207135747366357,0.03333333333333333
348.4227967057168,-30.764218147088105,0.03333333333333333
348.464984853162,-0.6601408014772694,0.03333333333333333
348.46608265183744,-1.1752128153912331,0.03333333333333333
348.5171482086258,-30.803810376444478,0.03333333333333333
348.5995568771877,-0.6572459798826615,0.03333333333333333
348.6000748432773,-1.370337853004188,0.03333333333333333
348.6391877972553,0.2376272453141737,0.03333333333333333
348.7105150733019,1.390757174203209,0.03333333333333333
348.82356172340144,-37.69542706181261,0.03333333333333333
348.8308033561476,-30.64921915522369,0.03333333333333333
348.8388928183857,-37.00774683964837,0.03333333333333333
348.88240046675367,-30.813531857016685,0.03333333333333333
348.9249396324708,-0.6540495952671753,0.03333333333333333
348.9708146251524,-0.6536830525807574,0.03333333333333333
349.1404276394059,-0.3038045149480023,0.03333333333333333
349.2168428172675,0.8571987065141106,0.03333333333333333
349.36005332540765,-1.901282742560439,0.03333333333333333
349.42752127421284,0.093129280239253,0.03333333333333333
349.64482561551324,-31.2540693367504,0.03333333333333333
349.80184246031683,0.9286364978162884,0.03333333333333333
349.8086120480279,-0.9627219942973104,0.03333333333333333
349.811637666491,1.4372407061672272,0.03333333333333333
349.8399491672648,-1.803367132605941,0.03333333333333333
349.8401873563335,-1.8547047771793517,0.03333333333333333
349.92814830462225,-30.441527299951236,0.03333333333333333
350.04354417167053,-1.854883356540852,0.03333333333333333
350.130409669312,-1.3694967225860324,0.03333333333333333
350.1467244968801,-0.8808002402296434,0.03333333333333333
350.1467502457788,-0.8807767191983554,0.03333333333333333
350.1579708798687,0.1434315868777782,0.03333333333333333
350.3167658897393,-30.71853717986991,0.03333333333333333
350.347731038035,1.345216522353256,0.03333333333333333
350.3604588557264,-31.12485243647311,0.03333333333333333
350.4979082287831,0.3673212955320639,0.03333333333333333
350.5124635981914,-1.885748354663915,0.03333333333333333
350.6211322782372,-1.370084794327312,0.03333333333333333
350.768128566963,-30.80295596347889,0.03333333333333333
350.88051361237183,1.134997376685103,0.03333333333333333
351.0395290463601,-1.6556682424755191,0.03333333333333333
351.0847562454346,-0.1069557818481737,0.03333333333333333
351.08902800249376,-0.1081688053941925,0.03333333333333333
351.0927192095251,-0.1090559978113252,0.03333333333333333
351.0957382374521,-0.1085565126120723,0.03333333333333333
351.1644076279104,-2.0044682171264783,0.03333333333333333
351.1656371347482,-2.0054469617950543,0.03333333333333333
351.1714597806448,-2.003178391747798,0.03333333333333333
351.2406451424701,0.3648363114586009,0.03333333333333333
351.31089868233187,-0.7002539707942542,0.03333333333333333
351.35069960032405,-30.78027568176242,0.03333333333333333
351.3507038196417,-30.780245703127285,0.03333333333333333
351.3517724774783,0.7700617331859075,0.03333333333333333
351.4472022920426,-1.7474691544639525,0.03333333333333333
351.46448670155314,-1.6732732825345382,0.03333333333333333
351.4812848799453,-0.619649969309404,0.03333333333333333
351.5535315128747,0.515577292252936,0.03333333333333333
351.5551220743968,0.5159051052099938,0.03333333333333333
351.5670479913064,0.4747908197787168,0.03333333333333333
351.9320769678968,-2.0154836384737007,0.03333333333333333
351.9332723431009,-2.015071907255248,0.03333333333333333
351.9344821850358,-2.0137466046979555,0.03333333333333333
351.9349111408217,-2.0130122785984863,0.03333333333333333
351.9602982692718,-0.6602464865351392,0.03333333333333333
352.01603686081035,-31.589248415136197,0.03333333333333333
352.0511686825807,-1.062164596706186,0.03333333333333333
352.05124626986577,-1.0624481917322088,0.03333333333333333
352.0846266524162,-30.45099411410438,0.03333333333333333
352.10228197309505,-30.75599324557512,0.03333333333333333
352.1145115300029,0.5104377941429423,0.03333333333333333
352.25183229093045,-29.77943600230389,0.03333333333333333
352.27284718301394,-31.051664424672616,0.03333333333333333
352.41857674347625,0.6706256442230438,0.03333333333333333
352.5449658229319,1.2088649297886491,0.03333333333333333
352.5911608149298,1.438908586657189,0.03333333333333333
352.60621771630525,-0.0863253199955391,0.03333333333333333
352.7170278263882,-1.0570796455886302,0.03333333333333333
352.768315319454,-0.7102948577467144,0.03333333333333333
352.7970500858204,-31.19022899880941,0.03333333333333333
352.8519887658628,-31.05481794087204,0.03333333333333333
352.8806038252522,0.0321627618812227,0.03333333333333333
352.99905235631786,-0.8051318589747921,0.03333333333333333
353.22826977772627,-30.978836100206514,0.03333333333333333
353.2361807443991,1.1897411683153614,0.03333333333333333
353.25093145251367,-0.3418033383059611,0.03333333333333333
353.3227341271811,1.4077164391626849,0.03333333333333333
353.40298441973994,-30.20172073666195,0.03333333333333333
353.4029892318476,-30.2017807473963,0.03333333333333333
353.6225190665678,-0.6897874845894044,0.03333333333333333
353.660612982189,0.3949855898346673,0.03333333333333333
353.80592982508574,0.0391927726359485,0.03333333333333333
353.8082546057199,0.0352338641286665,0.03333333333333333
353.80826472401355,0.0350485970001979,0.03333333333333333
353.81404764233787,0.0403293668018312,0.03333333333333333
353.8374272193407,1.1742822684735112,0.03333333333333333
353.8445277828368,-0.1097797881436761,0.03333333333333333
353.91707233892606,1.1981478608354423,0.03333333333333333
353.9177542690174,-40.805980606919405,0.03333333333333333
353.96787661650984,-40.94713982519575,0.03333333333333333
354.0684171744178,-30.772159005081427,0.03333333333333333
354.123458862063,-29.80869579137561,0.03333333333333333
354.133647500735,-40.82373328653389,0.03333333333333333
354.18362598071514,-0.9347147653198324,0.03333333333333333
354.19570227897805,0.6232818326354911,0.03333333333333333
354.29431544226287,0.0341055207885471,0.03333333333333333
354.30634514083283,-29.490826468866807,0.03333333333333333
354.3404994069228,0.3916020601422801,0.03333333333333333
354.3417350883094,0.3775467635964666,0.03333333333333333
354.3591655681801,0.3877507664779724,0.03333333333333333
354.37050475501155,1.4045672293836162,0.03333333333333333
354.3799640317918,0.6822180980944633,0.03333333333333333
354.38244578497734,0.4333010734691366,0.03333333333333333
354.400936509474,0.598658560618909,0.03333333333333333
354.42483835571664,-1.2276455440771843,0.03333333333333333
354.4482155147033,0.295228446902126,0.03333333333333333
354.506303931603,-30.256400775586787,0.03333333333333333
354.63974104852963,-0.3493517520046778,0.03333333333333333
354.90326931903013,1.170368430802855,0.03333333333333333
354.9902089471029,-1.9443710856657963,0.03333333333333333
355.0110791347322,-29.28398897184981,0.03333333333333333
355.09608512534714,-29.41921878535942,0.03333333333333333
355.16011198023494,-0.8918305906086714,0.03333333333333333
355.266660634694,-0.7746587236482012,0.03333333333333333
355.5613054633502,-1.468309988647391,0.03333333333333333
355.6055863004916,-30.010294690082446,0.03333333333333333
355.8714951658231,-30.03336765255501,0.03333333333333333
355.90633208103344,-1.398563516868201,0.03333333333333333
355.99456965930256,-1.0926204860299973,0.03333333333333333
356.0369048587005,-1.162027705747087,0.03333333333333333
356.1688766402904,-0.2016823731104521,0.03333333333333333
356.2363123756023,-1.7359348323771695,0.03333333333333333
356.63487466008456,-1.6685787100504113,0.03333333333333333
356.63999412532166,0.1094776312835096,0.03333333333333333
356.6407963813772,-0.810190957070506,0.03333333333333333
356.89715810559795,-29.220814702193067,0.03333333333333333
357.0419771698912,-1.3705348550657808,0.03333333333333333
357.0999479884554,-1.7919613357037034,0.03333333333333333
357.11916052400585,0.0432697580273554,0.03333333333333333
357.14762934629795,-1.0061829511443685,0.03333333333333333
357.50647665269133,-30.18530531379982,0.03333333333333333
357.8031751121524,-0.1968378895097743,0.03333333333333333
357.8152522370048,-1.0744996159314814e-05,0.03333333333333333
357.8153294830434,-5.8998646198314144e-05,0.03333333333333333
357.83640991144847,0.8111693009066353,0.03333333333333333
357.99125223411414,-1.9050838208017644,0.03333333333333333
358.0741071667825,-1.3818482424000276,0.03333333333333333
358.3668345137688,0.0319410647862294,0.03333333333333333
358.3854207704839,-1.4188047261890393,0.03333333333333333
358.42206577636966,-1.3175067992315386,0.03333333333333333
358.79938215022906,-1.1598544436075913,0.03333333333333333
358.9422665997112,-0.3952102105534735,0.03333333333333333
359.32653511559846,0.7307049350125405,0.03333333333333333
359.44448653817045,0.2075017480571931,0.03333333333333333
359.44555609514384,0.2083060863865377,0.03333333333333333
359.4750147131824,-0.4930570649547544,0.03333333333333333
359.5218549462989,-1.3649719892078715,0.03333333333333333
359.59470543143783,-1.0204054190202263,0.03333333333333333
359.81783861242604,-29.304174564772417,0.03333333333333333
359.98004054416225,0.0077672444393863,0.03333333333333333
