ra,dec,sep
190.04691046995052,-14.218073327286085,0.03333333333333333
190.1045314923478,-14.070659559126236,0.03333333333333333
190.19783086472455,-14.540529875083488,0.03333333333333333
190.31367194797457,-13.775192812716586,0.03333333333333333
190.64351450862145,-15.012450635038917,0.03333333333333333
191.1012797056277,-14.464772270334322,0.03333333333333333
191.11215990716076,-12.876636746547932,0.03333333333333333
191.4143286637622,-14.514816676379503,0.03333333333333333
191.42379746107335,-15.112269999485411,0.03333333333333333
191.52663424596804,-14.611865898563314,0.03333333333333333
191.686554088989,-14.211246315152486,0.03333333333333333
191.8954950383037,-15.011901235931347,0.03333333333333333
192.22647268500427,-15.246889610861723,0.03333333333333333
192.2503468803308,-15.459671241003624,0.03333333333333333
192.55595032616517,-14.585068795687244,0.03333333333333333
192.6061403803734,-14.502007148049431,0.03333333333333333
192.6062813006233,-14.50206743012346,0.03333333333333333
192.6600960078216,-14.475212314890944,0.03333333333333333
192.69598912587915,-14.483746732287928,0.03333333333333333
192.7130538914233,-14.38991608693471,0.03333333333333333
192.71560633091485,-14.489006073076972,0.03333333333333333
192.7188441595941,-14.490056870608822,0.03333333333333333
192.7192123068268,-14.493690698927397,0.03333333333333333
192.74668713444103,-15.104761153682077,0.03333333333333333
192.8210266221999,-14.775345871966811,0.03333333333333333
192.85649590850807,-14.682270074239442,0.03333333333333333
193.12882758068324,-14.33113127222191,0.03333333333333333
193.13109262557484,-14.334130934356896,0.03333333333333333
193.2451326681285,-15.220709872039796,0.03333333333333333
193.5135004423539,-14.60795540370305,0.03333333333333333
193.56382919726215,-14.491967341452671,0.03333333333333333
193.56681155852837,-14.496866025491908,0.03333333333333333
193.87348702358568,-14.24831927546022,0.03333333333333333
193.87733749716003,-14.25022295073392,0.03333333333333333
193.892705292957,-14.90826486406424,0.03333333333333333
193.8958612377712,-14.903493632079654,0.03333333333333333
193.90450965579768,-15.489151705934251,0.03333333333333333
193.9134989466368,-14.10622534099066,0.03333333333333333
193.97819581811152,-14.057249558192336,0.03333333333333333
193.99172186655875,-15.56716488817437,0.03333333333333333
193.9921067505496,-15.57111399252144,0.03333333333333333
193.99222747124904,-15.571145893801289,0.03333333333333333
193.9972983616604,-15.572354109682289,0.03333333333333333
193.99799411788683,-15.571207201459654,0.03333333333333333
193.9979949320326,-15.571085811916696,0.03333333333333333
194.13015291959584,-15.238096209462327,0.03333333333333333
194.1506185157689,-13.34632656951747,0.03333333333333333
194.15225024071995,-13.392610697803796,0.03333333333333333
194.1562887418095,-14.173956896631513,0.03333333333333333
194.15630776512117,-14.174000399555933,0.03333333333333333
194.15642295463385,-14.172440288371694,0.03333333333333333
194.15642724003655,-14.172451401124713,0.03333333333333333
194.1575215559849,-14.172685066453711,0.03333333333333333
194.1575771875535,-14.172699144440683,0.03333333333333333
194.35919568363872,-15.57711519781787,0.03333333333333333
194.46812161921852,-13.061780630877797,0.03333333333333333
194.5754878472565,-14.84086849568954,0.03333333333333333
194.61827961705453,-14.937610642322404,0.03333333333333333
194.7227081051612,-14.66271029252126,0.03333333333333333
194.7445200361498,-13.863224063583829,0.03333333333333333
194.74534345434597,-13.862614447938428,0.03333333333333333
194.7464380329297,-13.86174217154326,0.03333333333333333
194.75339729526405,-13.57832034488012,0.03333333333333333
194.76414124025067,-15.058076912251789,0.03333333333333333
194.76947807533804,-14.773193673700838,0.03333333333333333
194.88643900048527,-15.23870530424191,0.03333333333333333
194.8897732956042,-15.2370682810358,0.03333333333333333
194.9356319355061,-14.868143410476245,0.03333333333333333
194.9568466236732,-14.23066183235295,0.03333333333333333
194.9728646412278,-15.412041196746886,0.03333333333333333
195.01265981525043,-15.204780538418568,0.03333333333333333
195.0557292083096,-14.230639153906932,0.03333333333333333
195.055740584964,-14.23058537706321,0.03333333333333333
195.0572369966249,-13.03021139106703,0.03333333333333333
195.11904108849896,-13.644098399110222,0.03333333333333333
195.12542615191091,-13.640543134542249,0.03333333333333333
195.1449247452037,-14.780677403719222,0.03333333333333333
195.1637302491048,-14.666465631319904,0.03333333333333333
195.2058233196732,-13.453267928122209,0.03333333333333333
195.2084487557304,-13.44191078812801,0.03333333333333333
195.2093729170781,-13.432671842513509,0.03333333333333333
195.21123067891543,-13.438405033715767,0.03333333333333333
195.2159421874985,-13.459228478711584,0.03333333333333333
195.22593088851644,-13.44142202132399,0.03333333333333333
195.226889560706,-13.94875843767286,0.03333333333333333
195.226904160206,-13.94623836061677,0.03333333333333333
195.227961848075,-13.957356766256767,0.03333333333333333
195.22970630965503,-13.9366597573668,0.03333333333333333
195.23778047193127,-13.951109393493136,0.03333333333333333
195.2388136947285,-13.938752730003674,0.03333333333333333
195.2415331718396,-13.952236709494697,0.03333333333333333
195.25115875446627,-14.506523078588796,0.03333333333333333
195.27919250072972,-13.520813652637228,0.03333333333333333
195.27947082849252,-13.517229186094296,0.03333333333333333
195.27952833886835,-13.517323249547193,0.03333333333333333
195.2803309298414,-13.51196719290963,0.03333333333333333
195.2890851122764,-14.254248410034936,0.03333333333333333
195.32158970651568,-15.192416423337653,0.03333333333333333
195.34772410840804,-13.69480198734672,0.03333333333333333
195.36307055333907,-13.913631031367544,0.03333333333333333
195.3910993863848,-13.7146155838678,0.03333333333333333
195.39174383454665,-14.469225046199078,0.03333333333333333
195.43528152349563,-14.75438151936524,0.03333333333333333
195.44164666530835,-15.529558887446582,0.03333333333333333
195.48755680293496,-13.898547625884245,0.03333333333333333
195.48862156917144,-13.899585932915226,0.03333333333333333
195.5416421164844,-14.973191498483,0.03333333333333333
195.54230219479203,-14.68669276789456,0.03333333333333333
195.5640099757227,-14.96339260816254,0.03333333333333333
195.56868447570267,-14.969908843525005,0.03333333333333333
195.65536316260528,-13.126488955197305,0.03333333333333333
195.68164279128675,-13.931326571318332,0.03333333333333333
195.76715104828943,-15.405965688933977,0.03333333333333333
195.8494529708541,-14.768459412505925,0.03333333333333333
195.8526542190803,-14.770363850588522,0.03333333333333333
195.85333719778333,-14.768012017147685,0.03333333333333333
195.85333723019667,-14.76644080603961,0.03333333333333333
195.88935067936143,-14.323090018355355,0.03333333333333333
195.9065877412199,-12.795459691359843,0.03333333333333333
195.91108718659967,-14.427561572838204,0.03333333333333333
195.9516821777124,-14.170356837968622,0.03333333333333333
195.9578556722768,-15.278036157045705,0.03333333333333333
196.0280893195957,-13.29221499525566,0.03333333333333333
196.05314483684916,-11.830256559062647,0.03333333333333333
196.09897852024963,-13.351661522203734,0.03333333333333333
196.14531057712577,-13.604816462091508,0.03333333333333333
196.19036956817808,-13.205350142591495,0.03333333333333333
196.2068792963303,-13.191177561311532,0.03333333333333333
196.2182957489161,-12.37186182183362,0.03333333333333333
196.2980906595972,-14.752036527233452,0.03333333333333333
196.39179922106945,-13.37076847853298,0.03333333333333333
196.4442726008886,-13.567968459071697,0.03333333333333333
196.47561389079283,-14.268919976218102,0.03333333333333333
196.49382904825976,-12.669019185775264,0.03333333333333333
196.56222056103837,-12.748151420743165,0.03333333333333333
196.6222203379527,-13.565059190129142,0.03333333333333333
196.62308853868032,-13.56557538151286,0.03333333333333333
196.62383886869367,-13.568509113985057,0.03333333333333333
196.64664214280413,-14.473600173739152,0.03333333333333333
196.6811195096688,-12.818714602812207,0.03333333333333333
196.84091911204848,-15.4076431165709,0.03333333333333333
196.9672858815456,-13.655065141629464,0.03333333333333333
196.99551058213677,-13.369373244968449,0.03333333333333333
197.13779789180924,-13.26393340716911,0.03333333333333333
197.1478769067509,-11.93311326826534,0.03333333333333333
197.2055784799977,-11.71698254856582,0.03333333333333333
197.21163903281143,-12.103835879926516,0.03333333333333333
197.2839393578653,-14.169304565940392,0.03333333333333333
197.28900122423516,-11.85948311332016,0.03333333333333333
197.32727379263653,-11.610900396160806,0.03333333333333333
197.44393014095732,-12.501969181787036,0.03333333333333333
197.5139572956644,-14.170440865284958,0.03333333333333333
197.5365518439323,-12.20565697288585,0.03333333333333333
197.585636594836,-11.888926334232345,0.03333333333333333
197.59393015971435,-12.750693005966,0.03333333333333333
197.66485864220303,-12.748204612788784,0.03333333333333333
197.9501309508557,-14.44960134852928,0.03333333333333333
197.95710320731047,-10.897035032030368,0.03333333333333333
197.9878739750561,-12.06777222636596,0.03333333333333333
197.99100522420676,-12.059501698686152,0.03333333333333333
197.9928613567656,-12.064271847970153,0.03333333333333333
197.9941827622428,-12.058919635394906,0.03333333333333333
198.00022870523387,-14.680268804180386,0.03333333333333333
198.00282834530108,-12.063408756771292,0.03333333333333333
198.02347704781528,-13.87881657869704,0.03333333333333333
198.05583852721443,-15.291428579616928,0.03333333333333333
198.1183640318735,-10.5901002725042,0.03333333333333333
198.1924813314323,-15.406150885289586,0.03333333333333333
198.19429800858435,-15.40595913751879,0.03333333333333333
198.1958429498954,-15.406007659658483,0.03333333333333333
198.2623418309689,-12.409557092499606,0.03333333333333333
198.3887534114737,-15.462139704720574,0.03333333333333333
198.40060156082,-12.470900254658584,0.03333333333333333
198.44330871042905,-14.730655802938644,0.03333333333333333
198.5143258035405,-11.93240713572166,0.03333333333333333
198.67765303253591,-14.945444433990048,0.03333333333333333
198.7323893451488,-14.775267779527194,0.03333333333333333
198.7832210949353,-12.518085580918816,0.03333333333333333
198.84646180500508,-12.774156456673696,0.03333333333333333
199.03515352467664,-10.31732478162303,0.03333333333333333
199.06287031120604,-12.332824269044515,0.03333333333333333
199.0877842819378,-0.8094500503222531,0.03333333333333333
199.1244298921427,-10.424398778791083,0.03333333333333333
199.18678664362116,-15.534902561404447,0.03333333333333333
199.19886268806303,-11.638920700504649,0.03333333333333333
199.25226123869984,-10.77334009488374,0.03333333333333333
199.2543936510872,-10.774673287582688,0.03333333333333333
199.2658720904816,-10.76523349973364,0.03333333333333333
199.2703304210548,-10.76349125909258,0.03333333333333333
199.27034100924536,-10.76353430657795,0.03333333333333333
199.310560065341,-14.346460480413043,0.03333333333333333
199.33293596448544,-10.692556803787104,0.03333333333333333
199.33490680914144,-10.8813967585181,0.03333333333333333
199.3383331804809,-11.384462809928584,0.03333333333333333
199.35573262575832,-11.674808617141936,0.03333333333333333
199.4203839129064,-10.183193478269848,0.03333333333333333
199.42259479022965,-12.031277357426394,0.03333333333333333
199.4247219595537,-1.0006199406122231,0.03333333333333333
199.42515329349277,-1.0019758725258776,0.03333333333333333
199.42655914037883,-0.3376844496286302,0.03333333333333333
199.42676886510236,-1.0021251117891126,0.03333333333333333
199.4276706901593,-12.025164416169126,0.03333333333333333
199.4287418598564,-12.025030913458464,0.03333333333333333
199.4331632480484,-1.000304791159635,0.03333333333333333
199.47288133206243,0.2665881702800816,0.03333333333333333
199.47751682360487,-11.023922589370557,0.03333333333333333
199.5273748803776,-13.837503258523745,0.03333333333333333
199.5440290724192,-15.12250442094529,0.03333333333333333
199.5444818756657,-0.2337843789986529,0.03333333333333333
199.58822695720212,-13.610835835540714,0.03333333333333333
199.62927646639335,-14.604585626626692,0.03333333333333333
199.64370714729657,-14.169808305881556,0.03333333333333333
199.71250980983896,-14.80333820142123,0.03333333333333333
199.7131992078509,-12.602857941899291,0.03333333333333333
199.7137802141037,-12.606154790983735,0.03333333333333333
199.71404808764808,-12.606957554270512,0.03333333333333333
199.71414316156776,-12.605072543070616,0.03333333333333333
199.744814352126,-10.541256108726056,0.03333333333333333
199.8428608076528,-15.156551152235588,0.03333333333333333
199.9084289225568,-12.700018815119044,0.03333333333333333
199.91122030098808,-12.695308496538605,0.03333333333333333
199.92798718750052,-11.474580164900791,0.03333333333333333
199.9499693989976,-12.16456100443201,0.03333333333333333
199.9899853471545,-0.5796217824328943,0.03333333333333333
199.99667654428632,-12.487991060254044,0.03333333333333333
200.03854268232055,-1.7752547513211858,0.03333333333333333
200.0521899263444,-14.45526746672607,0.03333333333333333
200.05285204152196,-14.460627939013106,0.03333333333333333
200.0535434624967,-14.46709533284837,0.03333333333333333
200.05427889963764,-14.46178687139025,0.03333333333333333
200.0554836075013,-13.640220765431478,0.03333333333333333
200.0623267587638,0.1566011142076825,0.03333333333333333
200.08177012456127,-12.575730318543483,0.03333333333333333
200.0817811089921,-12.57578680648659,0.03333333333333333
200.08450573920112,-13.476817809749736,0.03333333333333333
200.0847263890424,-12.571681196376176,0.03333333333333333
200.0849191373635,-12.581501937377078,0.03333333333333333
200.08493387456127,-12.58146167845717,0.03333333333333333
200.0874955672275,-12.58831091391583,0.03333333333333333
200.0977807916915,-0.7918937289501875,0.03333333333333333
200.1063724813164,0.7067634675920942,0.03333333333333333
200.1598915735296,-9.877917311450272,0.03333333333333333
200.1620886459694,-15.443493516055163,0.03333333333333333
200.2297763293766,-1.3030344495580388,0.03333333333333333
200.23284585275445,-1.3291108599015216,0.03333333333333333
200.327260214908,-13.48664672420838,0.03333333333333333
200.33657523401703,-10.073723106097312,0.03333333333333333
200.39451837704632,-15.18209388051804,0.03333333333333333
200.40368359489423,-0.4974160052840995,0.03333333333333333
200.40763851841496,-14.855478567286989,0.03333333333333333
200.4431435271966,-13.201102412962776,0.03333333333333333
200.446225719772,-13.207482529433888,0.03333333333333333
200.44657186035988,-13.202682447224976,0.03333333333333333
200.4534740907403,-13.201885612230123,0.03333333333333333
200.45458086993708,-13.194815820178572,0.03333333333333333
200.45690381924015,-13.212553406701536,0.03333333333333333
200.4604529154464,-13.211389754547149,0.03333333333333333
200.5002879359172,-9.292240300921328,0.03333333333333333
200.5255573615233,-14.231847479103164,0.03333333333333333
200.54384675567007,-10.547049496389858,0.03333333333333333
200.57128349131932,-0.5484394981488907,0.03333333333333333
200.62565823411185,-14.162591112682104,0.03333333333333333
200.68740781037909,-11.597528637018552,0.03333333333333333
200.70504590257372,-14.222166533929968,0.03333333333333333
200.705051244365,-14.222195536153832,0.03333333333333333
200.7080334534169,-11.644078372644936,0.03333333333333333
200.72856785262175,-1.0962057458604784,0.03333333333333333
200.82688391872128,-9.6465372208916,0.03333333333333333
200.82915030969667,-9.645517606378425,0.03333333333333333
200.83163232833124,-15.462145344401884,0.03333333333333333
200.87998383098991,-15.455597416525103,0.03333333333333333
200.88078879114684,-10.54433427260999,0.03333333333333333
200.889603689056,-1.56679412591795,0.03333333333333333
200.9005716354875,-13.869693829161816,0.03333333333333333
200.9080164986095,-10.830197146049752,0.03333333333333333
200.91261964738084,-1.1331937801861405,0.03333333333333333
200.9266978974484,-13.369727288341196,0.03333333333333333
200.93371811191045,-12.053272612599368,0.03333333333333333
200.96355164967977,-14.602368382613458,0.03333333333333333
201.0365084471225,-11.495220328165733,0.03333333333333333
201.03658613768135,-14.610930357652853,0.03333333333333333
201.05388418331836,-15.329479507848305,0.03333333333333333
201.0940061290668,-0.1653141464862548,0.03333333333333333
201.1636017135505,-8.264535710737153,0.03333333333333333
201.21991732128785,-12.82709355403865,0.03333333333333333
201.23584617313324,-10.956092046992184,0.03333333333333333
201.23915252901668,-11.547740254441342,0.03333333333333333
201.23948803333764,-11.418985238517251,0.03333333333333333
201.320625333492,-9.260333063493476,0.03333333333333333
201.40000019176887,-10.606166345156764,0.03333333333333333
201.41733947691347,-1.5458824801158595,0.03333333333333333
201.45279121661528,-11.610508041620404,0.03333333333333333
201.4528190508685,-11.610542402646049,0.03333333333333333
201.5212567425004,-9.370169275455012,0.03333333333333333
201.5636333330544,-8.330754801221936,0.03333333333333333
201.5766031465149,-9.919510447467427,0.03333333333333333
201.59070972958307,-15.335985924489163,0.03333333333333333
201.73917944082265,-11.804967162587616,0.03333333333333333
201.81112871431523,-9.40604741513162,0.03333333333333333
201.87886931948427,-14.366017963383817,0.03333333333333333
202.060596283028,-10.773516330428034,0.03333333333333333
202.18644163759723,-12.274765232172,0.03333333333333333
202.2859134321159,-10.405731768830854,0.03333333333333333
202.29870625866303,-13.565594898687866,0.03333333333333333
202.3176371160437,-7.69188525667539,0.03333333333333333
202.3255322541757,-8.149133272632941,0.03333333333333333
202.3688541453648,-14.550658625657436,0.03333333333333333
202.3718666622419,-13.15390817125794,0.03333333333333333
202.37332970289836,-14.597137277641586,0.03333333333333333
202.47085842095328,-10.771249529917098,0.03333333333333333
202.4722372043472,-10.774133019380493,0.03333333333333333
202.4872254211864,-10.838685365260892,0.03333333333333333
202.49740011343823,-12.197517711097328,0.03333333333333333
202.5153884348647,-7.652799352150382,0.03333333333333333
202.51911609814465,-14.087230888069657,0.03333333333333333
202.5258614041854,-11.862328320015482,0.03333333333333333
202.53709964909785,-7.496103366777636,0.03333333333333333
202.54266467385696,-11.002069578118428,0.03333333333333333
202.5658312237428,-8.543637200919797,0.03333333333333333
202.5663136527418,-10.050424993173268,0.03333333333333333
202.57098224880932,-10.056651556008054,0.03333333333333333
202.57543082376475,-10.05833667398228,0.03333333333333333
202.57544791378788,-10.061099281143983,0.03333333333333333
202.57611237830636,-10.052743371829791,0.03333333333333333
202.6486135206169,-13.73251549219285,0.03333333333333333
202.6753465270884,-11.111284007115328,0.03333333333333333
202.7172728701328,-15.13756014655666,0.03333333333333333
202.7560460727693,-15.099560642374536,0.03333333333333333
202.7575560298819,-15.099751307904306,0.03333333333333333
202.7603914228515,-15.09994273009416,0.03333333333333333
202.76259168608607,-8.783406098589216,0.03333333333333333
202.7705034750565,-14.45073241642153,0.03333333333333333
202.7720933312869,-6.775002589025857,0.03333333333333333
202.7799914139377,-13.60398128039088,0.03333333333333333
202.79257445808656,-14.829173570228354,0.03333333333333333
202.80970991542245,-13.29756540053926,0.03333333333333333
202.9398474572172,-7.365576236876805,0.03333333333333333
202.99741269263657,-8.833321628210978,0.03333333333333333
202.99778408537745,-9.884062720187078,0.03333333333333333
203.0056405918576,-13.098948286766191,0.03333333333333333
203.0091375300961,-10.982853516037125,0.03333333333333333
203.0654583225546,-7.49481306679499,0.03333333333333333
203.08097257639815,-12.880056603392571,0.03333333333333333
203.11357095779132,-10.25621183911429,0.03333333333333333
203.28849122087243,-6.8987532472705215,0.03333333333333333
203.33483310883668,-12.957894784116066,0.03333333333333333
203.37440372348215,-12.41756662840063,0.03333333333333333
203.4318437884239,-11.239338741838257,0.03333333333333333
203.4320596338501,-11.239427417014646,0.03333333333333333
203.48578410923523,-10.164179725844413,0.03333333333333333
203.5002128869125,-9.146364678374695,0.03333333333333333
203.5282891236868,-13.31362540171332,0.03333333333333333
203.6188592851173,-13.086282275578002,0.03333333333333333
203.67461565336495,-8.77665779399947,0.03333333333333333
203.68593033082476,-11.481364217966735,0.03333333333333333
203.7502800484096,-8.776318499832712,0.03333333333333333
203.7898668254591,-6.877911450662159,0.03333333333333333
203.8032860856454,-9.445093119789563,0.03333333333333333
203.8036555291828,-14.353613396580675,0.03333333333333333
203.8354679051848,-14.700361314656016,0.03333333333333333
203.85249033005115,-10.641047941054758,0.03333333333333333
203.8563344050616,-13.413308820655482,0.03333333333333333
203.89298010026508,-7.418052923464167,0.03333333333333333
203.9433901277915,-6.9187302998099645,0.03333333333333333
203.95117268799797,-7.181993489883419,0.03333333333333333
204.0021105980883,-13.477238797768123,0.03333333333333333
204.0386112531341,-10.644628507040345,0.03333333333333333
204.0449726767481,-13.204765779334805,0.03333333333333333
204.0776714159391,-7.3810632714249085,0.03333333333333333
204.13770424948157,-6.47921900688106,0.03333333333333333
204.1829436837668,-10.951934367569194,0.03333333333333333
204.191057205105,-6.971848834142693,0.03333333333333333
204.20009282826828,-13.31942322877935,0.03333333333333333
204.22300334409988,-10.673805058137576,0.03333333333333333
204.25955482322905,-12.824546471127729,0.03333333333333333
204.2784273942856,-11.831377503552517,0.03333333333333333
204.29928399776185,-13.808613299506131,0.03333333333333333
204.32167172983128,-13.42375510430562,0.03333333333333333
204.3260049574208,-10.967423922908448,0.03333333333333333
204.3499098551942,-8.85872643165868,0.03333333333333333
204.35137093572385,-13.85014459886892,0.03333333333333333
204.4035163812507,-9.367173742851037,0.03333333333333333
204.45488447336405,-11.232177638314564,0.03333333333333333
204.50997941522604,-13.684085096354902,0.03333333333333333
204.53232941381336,-9.792307361257908,0.03333333333333333
204.53387275998296,-9.79534261639778,0.03333333333333333
204.5352379027701,-9.802265405532095,0.03333333333333333
204.5439608298069,-9.791411028707946,0.03333333333333333
204.5449386590548,-9.810033525625236,0.03333333333333333
204.5532288534823,-9.80348838777386,0.03333333333333333
204.56595777658657,-14.857268203593428,0.03333333333333333
204.60665639740117,-13.98324666122097,0.03333333333333333
204.6333571059852,-7.452384409906379,0.03333333333333333
204.7480578130496,-10.9994305875609,0.03333333333333333
204.78391862317343,-14.08363778267789,0.03333333333333333
204.7882876783339,-8.327997709939716,0.03333333333333333
204.84626178567103,-15.184259008226917,0.03333333333333333
204.87146093239105,-7.129832402042779,0.03333333333333333
204.87349083950397,-10.776051974756207,0.03333333333333333
204.87609990273808,-7.33874752336916,0.03333333333333333
204.92814886527808,-7.237402677701522,0.03333333333333333
205.04371390888628,-8.071661619858013,0.03333333333333333
205.0627042715004,-14.38439464136346,0.03333333333333333
205.18518899469527,-9.801473914374036,0.03333333333333333
205.21432975371184,-9.880664910753373,0.03333333333333333
205.2368662521312,-14.925601900384272,0.03333333333333333
205.23690119401155,-14.92561790503021,0.03333333333333333
205.25183076339013,-13.87492517530177,0.03333333333333333
205.2707900815086,-7.018268794365892,0.03333333333333333
205.34462983826583,-7.867419285482082,0.03333333333333333
205.3767411061076,-8.809734807315222,0.03333333333333333
205.3821094830455,-3.63782628321257,0.03333333333333333
205.38906232163865,-4.226027495119889,0.03333333333333333
205.3910318871218,-10.014753254018236,0.03333333333333333
205.3910728019474,-10.014734214535656,0.03333333333333333
205.435135915769,-11.565868290776711,0.03333333333333333
205.46537762340537,-10.841854885489148,0.03333333333333333
205.49332495225195,-10.322352816785925,0.03333333333333333
205.5307726415566,-13.76930433428253,0.03333333333333333
205.5831698493008,-12.411446486252713,0.03333333333333333
205.623631694558,-4.618809234432572,0.03333333333333333
205.62959350456745,-12.824280444625744,0.03333333333333333
205.63767347987277,-14.898980352819969,0.03333333333333333
205.64931924664123,-11.480995637039143,0.03333333333333333
205.65714160501068,-12.446538134435592,0.03333333333333333
205.7001407906687,-14.002766572939018,0.03333333333333333
205.73831385566243,-13.326315446601514,0.03333333333333333
205.74238916730968,-14.170498070538375,0.03333333333333333
205.74253262440803,-7.976273233029926,0.03333333333333333
205.78731560163823,-14.7754325024977,0.03333333333333333
205.79698794378436,-14.024598620917684,0.03333333333333333
205.8228301759017,-4.490019024899977,0.03333333333333333
205.83128034317016,-4.274793066782092,0.03333333333333333
205.85195989569988,-12.456667606253388,0.03333333333333333
205.8792268775973,-15.316371740752832,0.03333333333333333
205.90212433446217,-15.3740463904692,0.03333333333333333
205.9097578934606,-14.077981432662034,0.03333333333333333
205.91016519674625,-8.234371065828142,0.03333333333333333
205.9276594200917,-10.853798580410384,0.03333333333333333
206.03483829721935,-8.534267914138717,0.03333333333333333
206.07297920976265,-6.638938661129195,0.03333333333333333
206.0964497532636,-12.083505899077894,0.03333333333333333
206.154805672666,-6.497122009729912,0.03333333333333333
206.17157205454265,-9.902117533630848,0.03333333333333333
206.25511319884524,-10.154341668323234,0.03333333333333333
206.26207018583204,-10.660985438950243,0.03333333333333333
206.3049384557494,-8.914962953664569,0.03333333333333333
206.336196790844,-15.306548519983368,0.03333333333333333
206.43522571147344,-9.544421772276412,0.03333333333333333
206.44397433183,-14.462916160895166,0.03333333333333333
206.45882330895336,-10.771511417550226,0.03333333333333333
206.50933963834737,-13.090231177648672,0.03333333333333333
206.6021703108786,-10.236862579131271,0.03333333333333333
206.62229947616865,-5.3738427186695,0.03333333333333333
206.6248863596905,-13.288810964617356,0.03333333333333333
206.6332095464974,-15.134050209495651,0.03333333333333333
206.63324916282627,-15.134041248684571,0.03333333333333333
206.63512144466705,-11.97763223377381,0.03333333333333333
206.6407122488453,-12.51964393381759,0.03333333333333333
206.6447814128536,-15.268106985523657,0.03333333333333333
206.65133245697825,-10.42367863568876,0.03333333333333333
206.65349154506416,-9.859981774886217,0.03333333333333333
206.66333089551335,-9.643338332630568,0.03333333333333333
206.6735673726163,-14.168879456112746,0.03333333333333333
206.67910804160488,-10.853499715299389,0.03333333333333333
206.8086282830257,-10.545378227330062,0.03333333333333333
206.8322345289181,-7.482660450258438,0.03333333333333333
206.8322359932348,-7.482583193348144,0.03333333333333333
206.91119168915037,-12.367161141505774,0.03333333333333333
206.9175060414222,-12.272044513382417,0.03333333333333333
206.9335663948835,-3.9160075213015566,0.03333333333333333
206.95757353263463,-4.169611778952146,0.03333333333333333
206.9861996336288,-15.408730689564235,0.03333333333333333
207.01282598933756,-11.5452649596516,0.03333333333333333
207.02572666276689,-12.413036576747764,0.03333333333333333
207.0607570377542,-5.590594207873475,0.03333333333333333
207.09815897780416,-12.934109553263202,0.03333333333333333
207.14187274720803,-4.785838995099712,0.03333333333333333
207.1506101639096,-3.806012010764434,0.03333333333333333
207.1762111131104,-8.961120786461896,0.03333333333333333
207.1939434228596,-3.69629838822336,0.03333333333333333
207.1991194869743,-10.178763322428006,0.03333333333333333
207.22978642454552,-9.488561599696409,0.03333333333333333
207.27368288384736,-8.821014702592953,0.03333333333333333
207.2885603951572,-12.762487038037811,0.03333333333333333
207.28879982211345,-12.7637888040637,0.03333333333333333
207.2978501809216,-12.755079428776607,0.03333333333333333
207.29930425469252,-12.75589668038981,0.03333333333333333
207.3412168342179,-7.42678227766076,0.03333333333333333
207.35642962824292,-5.494470213555381,0.03333333333333333
207.36640157862948,-6.088597449177234,0.03333333333333333
207.36644073476063,-6.088572633540756,0.03333333333333333
207.4258304698629,-2.1997432327052358,0.03333333333333333
207.45226290620755,-8.285201917338483,0.03333333333333333
207.5064915579064,-15.510966184417232,0.03333333333333333
207.52889531231423,-11.265337795684864,0.03333333333333333
207.5973765446013,-5.498553035592315,0.03333333333333333
207.6016647682127,-11.643788434304271,0.03333333333333333
207.63885638270955,-12.278578148358983,0.03333333333333333
207.65320205112135,-8.630211675960405,0.03333333333333333
207.71937679869305,-3.5865411648711847,0.03333333333333333
207.8272921919139,-13.483072446570162,0.03333333333333333
207.8303168263612,-13.877509891934666,0.03333333333333333
207.8303927040595,-14.2640825331402,0.03333333333333333
207.8487547626973,-6.069918761179799,0.03333333333333333
207.89854491435565,-2.554155873440916,0.03333333333333333
207.9039013337776,-10.907337719343824,0.03333333333333333
207.92597049846964,-6.278840811158811,0.03333333333333333
207.92815255042453,-4.738042994094762,0.03333333333333333
207.92816165505369,-4.737935337452452,0.03333333333333333
207.92823879653716,-4.7380332280730215,0.03333333333333333
207.9327474952597,-3.5363077741149027,0.03333333333333333
207.9495029175492,-14.369124938844184,0.03333333333333333
207.95660184745404,-4.749047848537462,0.03333333333333333
207.96444629182457,-13.770407000890476,0.03333333333333333
207.967330643028,-15.31261910298984,0.03333333333333333
207.9735607188505,-6.174225634833141,0.03333333333333333
207.98883867192956,-6.157548230198584,0.03333333333333333
207.98968448322452,-14.597363481266031,0.03333333333333333
208.0099715639689,-7.96556754019677,0.03333333333333333
208.0162602836453,-2.122849268399833,0.03333333333333333
208.0176716348379,-2.1302616063806163,0.03333333333333333
208.01770404191535,-6.065461031771168,0.03333333333333333
208.02404136920563,-6.064823606306213,0.03333333333333333
208.0432664671745,-6.052504594619036,0.03333333333333333
208.05416562331865,-6.186187871311317,0.03333333333333333
208.15080566492625,-7.8845279067286675,0.03333333333333333
208.21190691161,-7.2889057141190525,0.03333333333333333
208.225166232177,-12.183496656626438,0.03333333333333333
208.3019178504244,-15.448633964620129,0.03333333333333333
208.3036247035267,-14.973904856410355,0.03333333333333333
208.32107067035088,-11.963038002209627,0.03333333333333333
208.39543743378997,-11.595672441844847,0.03333333333333333
208.4200175812356,-14.707610838385992,0.03333333333333333
208.4247274374301,-12.502879242483566,0.03333333333333333
208.431493784819,-4.787717898752358,0.03333333333333333
208.49274243777592,-7.938592035541721,0.03333333333333333
208.5071724296164,-7.931571109746731,0.03333333333333333
208.53123974006013,-11.54093517474311,0.03333333333333333
208.5470343354216,-3.4408967610650127,0.03333333333333333
208.5475170682714,-3.4408463277549943,0.03333333333333333
208.556135043652,-4.854302309467066,0.03333333333333333
208.58562203544415,-7.089010380508106,0.03333333333333333
208.6040277496671,-1.1540981962353478,0.03333333333333333
208.6328511091261,-11.714345291785497,0.03333333333333333
208.63458021744933,-12.447489057351724,0.03333333333333333
208.64017874119253,-6.484629213872986,0.03333333333333333
208.67049847974585,-5.637732928678055,0.03333333333333333
208.6767675618659,1.6937671289839065,0.03333333333333333
208.6842101612021,-4.244578826560527,0.03333333333333333
208.69386729420503,-10.684057890909807,0.03333333333333333
208.74646869233905,-10.705282213024404,0.03333333333333333
208.75719157947725,-3.951655269887554,0.03333333333333333
208.77190793029132,-8.503259268717619,0.03333333333333333
208.79114603868095,-8.52279498289425,0.03333333333333333
208.8132662953768,0.8771824943643223,0.03333333333333333
208.83189964370956,1.488215022324449,0.03333333333333333
208.88961858470063,-2.485404525733912,0.03333333333333333
208.89159973272297,-5.971399339776448,0.03333333333333333
208.90293095587256,-12.882813605415002,0.03333333333333333
208.907000978763,-4.195508295444852,0.03333333333333333
208.911680914157,-5.1441436569607,0.03333333333333333
208.93780707122923,-5.998135919595174,0.03333333333333333
208.93831665584045,-5.995720123682303,0.03333333333333333
208.93941167818997,-6.0044269690496535,0.03333333333333333
208.94085344353604,-6.008391394905708,0.03333333333333333
208.9430082821583,-6.010615316628543,0.03333333333333333
208.94449637980523,-6.011323983078441,0.03333333333333333
208.94787060655028,-5.806067519479069,0.03333333333333333
208.97724316278237,-8.19819232489769,0.03333333333333333
208.98636437751,-7.484169668205748,0.03333333333333333
208.986381652259,-7.484132933505204,0.03333333333333333
209.0116324685152,-2.4398085262225853,0.03333333333333333
209.08347100601893,-13.834058682104098,0.03333333333333333
209.122038568012,1.5362829442777417,0.03333333333333333
209.12644743906003,-7.714601999767431,0.03333333333333333
209.1463431806885,-10.18968770365068,0.03333333333333333
209.17342840848195,-6.530605719343148,0.03333333333333333
209.2228497784912,-2.647844687664313,0.03333333333333333
209.26799076523255,-6.019099453280302,0.03333333333333333
209.30057277426477,-11.79472514504178,0.03333333333333333
209.3035439333441,-15.126223795404863,0.03333333333333333
209.3138635088871,1.1203699583549236,0.03333333333333333
209.32397828598445,-5.515851722394691,0.03333333333333333
209.3240001489177,-5.515808811066939,0.03333333333333333
209.33268950229336,-15.485738170445448,0.03333333333333333
209.365301427405,-0.7746405494186456,0.03333333333333333
209.3753056578172,-2.719382887125446,0.03333333333333333
209.3966060889167,-15.253306722465586,0.03333333333333333
209.53420176411908,-4.697505376010191,0.03333333333333333
209.5359168247792,-4.145441774787235,0.03333333333333333
209.5403933127299,-11.048392443217631,0.03333333333333333
209.588568807684,-13.12929962981346,0.03333333333333333
209.67286668662445,-1.5210215591711298,0.03333333333333333
209.8332468623261,-2.625809851802555,0.03333333333333333
209.8684913505689,-6.4484300936619405,0.03333333333333333
209.88345995080869,-12.95408646922485,0.03333333333333333
209.89301255271707,-14.14691894465302,0.03333333333333333
209.90759829999908,-10.397527607814563,0.03333333333333333
209.97748575798937,-10.977064243098964,0.03333333333333333
210.02378265554407,-10.535416183055894,0.03333333333333333
210.10047212140185,-4.9299291028932535,0.03333333333333333
210.23285615362056,-13.758653771874878,0.03333333333333333
210.24459605417795,-11.098669509806768,0.03333333333333333
210.3505846173844,-6.719768099416888,0.03333333333333333
210.356366539243,-12.931605806921755,0.03333333333333333
210.41209577508008,-13.27888607061386,0.03333333333333333
210.462116027613,-13.829598624380749,0.03333333333333333
210.4665883952781,-6.1324605776164445,0.03333333333333333
210.49453237963007,-5.90565380303712,0.03333333333333333
210.66100393002017,-6.594516777484516,0.03333333333333333
210.6759996094648,-4.922176841001624,0.03333333333333333
210.6878474329628,-7.373825503885681,0.03333333333333333
210.6888536278368,-6.087438874599877,0.03333333333333333
210.6888577089241,-6.0873363149140935,0.03333333333333333
213.31702693887257,-26.01634493208086,0.03333333333333333
213.4127929359369,-25.77227072212356,0.03333333333333333
213.4672015582761,-25.13523410449976,0.03333333333333333
213.5379040655424,-25.758157893825363,0.03333333333333333
214.20418486327156,-25.50206792964808,0.03333333333333333
214.2963656975592,-25.84654891285376,0.03333333333333333
214.30420075138724,-25.5414704092954,0.03333333333333333
214.54794415606185,-24.988202470063207,0.03333333333333333
214.72305459364577,-25.90036058872697,0.03333333333333333
214.93097028504337,-25.627419995825296,0.03333333333333333
215.00989360329584,-25.837524260782757,0.03333333333333333
215.03454485937087,-26.26122541491844,0.03333333333333333
215.11065163603348,-25.84174241143592,0.03333333333333333
215.9134264875471,-25.101207946021933,0.03333333333333333
215.97386020433905,-25.938944107369647,0.03333333333333333
216.49230243603304,4.989235760310364,0.03333333333333333
216.594491692217,6.102812427022502,0.03333333333333333
216.6133870755976,5.065007143584472,0.03333333333333333
216.6710135987116,4.989098728201217,0.03333333333333333
216.7245347178442,5.421495966728137,0.03333333333333333
216.795092182775,5.133141307382639,0.03333333333333333
216.82214748921268,4.989015149281864,0.03333333333333333
216.89081051587277,5.001337174958158,0.03333333333333333
217.03873405944617,4.993142062202812,0.03333333333333333
217.1008228554323,5.873065152029217,0.03333333333333333
217.2307884592734,5.0060874486010265,0.03333333333333333
217.2310767118411,5.0055279363461525,0.03333333333333333
217.3920129551826,4.993000226662327,0.03333333333333333
217.430980101215,5.356359632037527,0.03333333333333333
217.4443568148288,4.987464020708565,0.03333333333333333
217.4943714069119,4.769808218972206,0.03333333333333333
217.50450919427504,5.000456044042745,0.03333333333333333
220.3668212426573,5.864515543127945,0.03333333333333333
220.74043727833703,4.894010962861123,0.03333333333333333
220.75876563475447,4.771807364111252,0.03333333333333333
221.3938421348444,5.727362697386177,0.03333333333333333
221.48341064393637,5.216440826783574,0.03333333333333333
222.21538525372463,-25.98655507012069,0.03333333333333333
222.4192827214617,-26.176985092936228,0.03333333333333333
222.97028558374973,-26.14146584179688,0.03333333333333333
222.99692988440088,-25.976183365763845,0.03333333333333333
223.01707544382884,-21.908475906295514,0.03333333333333333
223.0806280446464,-25.99523397862935,0.03333333333333333
223.11824837795453,4.91371062481933,0.03333333333333333
223.23329751195897,-21.774161303019856,0.03333333333333333
223.2347169123054,-21.774150965342333,0.03333333333333333
223.23595474505584,-21.766959650501423,0.03333333333333333
223.23711066379292,-21.767754723598955,0.03333333333333333
223.23754184750527,-21.76636350087201,0.03333333333333333
223.24110558019683,-21.77331539928679,0.03333333333333333
223.24791012968916,-21.697929504841238,0.03333333333333333
223.2874448828992,-21.395838942209178,0.03333333333333333
223.2880658840293,-21.393511091766488,0.03333333333333333
223.29237094477605,-21.393521382145465,0.03333333333333333
223.31559153905403,4.91331409523043,0.03333333333333333
223.3478411051296,-22.921675537403985,0.03333333333333333
223.35108283137225,-22.508787605205203,0.03333333333333333
223.3729801213512,-25.1276532144157,0.03333333333333333
223.3774193457185,5.935984344623204,0.03333333333333333
223.4325911793161,-22.091816527398866,0.03333333333333333
223.43549771425327,4.946107899138475,0.03333333333333333
223.5587605335563,-25.366573822994745,0.03333333333333333
223.57283194619347,5.922662460671409,0.03333333333333333
223.6320754463069,4.913105655422645,0.03333333333333333
223.68488701627632,-22.211282587325645,0.03333333333333333
223.7179965911204,-23.46662734482012,0.03333333333333333
223.81003696571864,-22.080849393975328,0.03333333333333333
223.89042173389376,4.778676422249849,0.03333333333333333
224.3070570523007,5.765388407717232,0.03333333333333333
224.4544186597931,-23.21537711013404,0.03333333333333333
224.67042503875135,-23.273629417670687,0.03333333333333333
299.68300517720274,-0.0229617860004702,0.03333333333333333
299.7010952712051,-1.1584450018945502,0.03333333333333333
299.7017536317258,-1.188895089521843,0.03333333333333333
299.72437138027414,0.6826677140164086,0.03333333333333333
299.73864810392115,0.9587274779945268,0.03333333333333333
299.7412783292791,0.5922958833387197,0.03333333333333333
299.74456767552647,-0.2443997317826853,0.03333333333333333
299.7477957361419,1.0841910405658792,0.03333333333333333
299.7526633003022,0.6806401552763893,0.03333333333333333
299.7709153074976,-1.379587312772471,0.03333333333333333
299.7756176481554,1.4155424752154002,0.03333333333333333
299.7812045270147,-0.4104396710698023,0.03333333333333333
299.7909058302128,-0.5834965527004382,0.03333333333333333
299.8467817050508,1.0550704224805134,0.03333333333333333
299.86737767113306,-0.7640989079505204,0.03333333333333333
299.8823375617297,-1.220612364096321,0.03333333333333333
299.95400770675684,-0.6501650472486168,0.03333333333333333
299.9677291343539,0.4035179857175032,0.03333333333333333
