ra,dec,sep
0.3703484711218164,0.7090190748373504,0.03333333333333333
0.4968921619628843,-29.3112214428821,0.03333333333333333
0.6211528419979478,0.3169499380655867,0.03333333333333333
0.6279554824066291,0.8331230804411939,0.03333333333333333
0.6517380140108556,0.6264093887548798,0.03333333333333333
0.6876601015231797,-0.4506841622597315,0.03333333333333333
0.6982473212090481,-0.373204977953541,0.03333333333333333
0.7034807506795555,0.8519329689708416,0.03333333333333333
0.7089964404282497,0.70069677460661,0.03333333333333333
0.8269411296196106,-31.614594469578503,0.03333333333333333
1.0415151718931912,0.6303742663952887,0.03333333333333333
1.0708900385354485,1.192993487514452,0.03333333333333333
1.2574066485189048,-28.94195154280519,0.03333333333333333
1.286523747867553,-30.851162659705377,0.03333333333333333
1.38299784014316,1.4348367929757182,0.03333333333333333
1.4199848446574734,-0.5223943935053492,0.03333333333333333
1.46696162275841,-59.03586476218232,0.03333333333333333
1.5288747214206042,1.0632034053564483,0.03333333333333333
1.5608262181779209,-30.377147430861967,0.03333333333333333
1.5669408940419354,-30.97713176943606,0.03333333333333333
1.658281373282977,-0.6156060790712984,0.03333333333333333
1.7185537774592263,-59.18699600470442,0.03333333333333333
1.791687271704504,0.8914261244525057,0.03333333333333333
2.038930048182944,0.8264638152844974,0.03333333333333333
2.079611805381459,-29.92618521390762,0.03333333333333333
2.119615019090521,-59.020472544213085,0.03333333333333333
2.1401022665644085,-31.44576460296349,0.03333333333333333
2.1455947300407447,0.4523353123268255,0.03333333333333333
2.328179105177891,-0.6519420575037337,0.03333333333333333
2.47718138576667,-0.5209220013417855,0.03333333333333333
2.666987531261032,-29.740921877458867,0.03333333333333333
2.7030486187917577,-29.791327943410987,0.03333333333333333
2.7306881758399904,-30.739852073510534,0.03333333333333333
2.793062634125921,-0.7192643371850136,0.03333333333333333
2.905445448495755,1.2492186053066312,0.03333333333333333
3.1199364195988752,-31.04443153319788,0.03333333333333333
3.360314711452861,0.0077303725021721,0.03333333333333333
3.3638162881857334,0.875614770300196,0.03333333333333333
3.4346551863958563,-30.656184373693197,0.03333333333333333
3.4654022850636395,-29.300527039092454,0.03333333333333333
3.6199743565125737,-0.7455029176005269,0.03333333333333333
3.631192946015642,-0.734602525700122,0.03333333333333333
3.6329687486066415,-0.7338370639397668,0.03333333333333333
3.639964686231076,-0.7327597589175046,0.03333333333333333
3.6400375971726686,-0.731172011834919,0.03333333333333333
3.6458604175197946,-0.731125956040772,0.03333333333333333
3.7333117402685474,0.3176892728434901,0.03333333333333333
3.79253884171062,-0.8465181163652914,0.03333333333333333
3.860510825587982,0.3037236200425542,0.03333333333333333
3.898110576074378,0.8989176411595012,0.03333333333333333
4.117681731557023,1.1338942388667368,0.03333333333333333
4.174451424491121,-31.44905004903269,0.03333333333333333
4.273450266170872,-1.3129035238108673,0.03333333333333333
4.33362728383904,-30.79774330171561,0.03333333333333333
4.36555053346315,1.0491831700513166,0.03333333333333333
4.380258459418438,-0.8164386494043362,0.03333333333333333
4.416543859611166,0.5062627804218517,0.03333333333333333
4.439731538653367,-0.3396117188475824,0.03333333333333333
4.474256625814649,0.8493703288672522,0.03333333333333333
4.607760742009884,0.9728502461584572,0.03333333333333333
4.679272886387071,-30.66870424114179,0.03333333333333333
4.718999055532111,0.9031088008100095,0.03333333333333333
4.801640792188885,0.0554916881824542,0.03333333333333333
4.824481473312118,-0.8064838485772009,0.03333333333333333
4.840176228568291,-31.307852368075157,0.03333333333333333
4.917646791908225,-0.9099503373848068,0.03333333333333333
4.958578954314056,-0.6779700699260857,0.03333333333333333
5.510540447653343,-30.203729262300172,0.03333333333333333
5.591182177195014,-1.3142191981498268,0.03333333333333333
5.591884072268045,-1.3065965074642498,0.03333333333333333
5.594432476753797,-1.3081272454307042,0.03333333333333333
5.595936968033572,-1.3033310569696066,0.03333333333333333
5.595936968033572,-1.3033310569696066,0.03333333333333333
5.597990980185306,-1.3041613962574812,0.03333333333333333
5.616285896021503,0.0424504309317534,0.03333333333333333
5.657902318221463,0.0886788337120439,0.03333333333333333
5.9829866240948695,-1.3473906426787805,0.03333333333333333
6.102109919225931,0.3116896078359163,0.03333333333333333
6.191510437829154,-30.83883881505606,0.03333333333333333
6.256924520082627,-29.97633001693488,0.03333333333333333
6.280815147745145,0.3125654118801338,0.03333333333333333
6.333011956389121,0.525479973176037,0.03333333333333333
6.376248091765028,0.4347027874545589,0.03333333333333333
6.590188657852831,0.7546589596510511,0.03333333333333333
6.692021215397486,0.0691955915761808,0.03333333333333333
6.694890093607742,0.7087221558212692,0.03333333333333333
6.806877344755183,-1.1714110199115697,0.03333333333333333
6.953745947450254,-1.1993357917239371,0.03333333333333333
6.956852845076755,-1.1960042455219766,0.03333333333333333
6.958968035630305,-1.197341435758512,0.03333333333333333
6.960771573048034,-1.2010433855462228,0.03333333333333333
6.961422444760045,-1.203471768586968,0.03333333333333333
6.964210136682783,-1.2030601919001294,0.03333333333333333
6.974318052697582,-0.9667199252402,0.03333333333333333
7.012283033082127,-30.199616969247145,0.03333333333333333
7.076542453161332,-30.20447007343016,0.03333333333333333
7.092796839943588,-30.8116809164748,0.03333333333333333
7.216106428694434,1.4069569918580784,0.03333333333333333
7.244474701598706,-28.90032790495522,0.03333333333333333
7.276302722919893,0.3920479485912379,0.03333333333333333
7.278758739741246,0.5753420469150078,0.03333333333333333
7.281217717591832,1.1684418457831247,0.03333333333333333
7.320040644293336,-1.0064266381068807,0.03333333333333333
7.355350859656069,-0.9294596707996096,0.03333333333333333
7.416749471161749,1.0913027872498264,0.03333333333333333
7.464354807727703,0.7000037288417243,0.03333333333333333
7.587695785970948,-29.30307049138597,0.03333333333333333
7.614459367440129,0.0119432120885453,0.03333333333333333
7.792082121296877,-0.2625745770552741,0.03333333333333333
7.823701945596341,0.2847385223835051,0.03333333333333333
7.843167333161526,-0.6116026850313425,0.03333333333333333
7.906256073243137,-29.47091029710251,0.03333333333333333
7.916972348060869,-0.5040753808569185,0.03333333333333333
7.961265608895669,-28.92685732854085,0.03333333333333333
7.969005194202078,-29.592587811984853,0.03333333333333333
8.035561688713287,-0.8843461346218345,0.03333333333333333
8.144241522878199,-0.2658504803749659,0.03333333333333333
8.144555784075553,-42.66955742286215,0.03333333333333333
8.178072183921541,0.5197450140043085,0.03333333333333333
8.278291263150958,0.0314361475907141,0.03333333333333333
8.284270061062477,0.0321641381396326,0.03333333333333333
8.312091847289908,0.2013037391985282,0.03333333333333333
8.346976219775948,-1.1284237621833524,0.03333333333333333
8.477954545229275,-29.936853996206867,0.03333333333333333
8.499294114396214,-0.5738202371084438,0.03333333333333333
8.608029136036379,-30.58810324767511,0.03333333333333333
8.821276175970617,-42.088597877208215,0.03333333333333333
8.836149070696484,-34.259892653128354,0.03333333333333333
8.900522814670014,-42.17692738168283,0.03333333333333333
8.941080203860544,0.3849934246315855,0.03333333333333333
9.042584541752513,0.074314597689733,0.03333333333333333
9.10579672267925,-0.4853030603908992,0.03333333333333333
9.160164736675396,-32.5790767643802,0.03333333333333333
9.194439392266853,-31.153042359665147,0.03333333333333333
9.304746736051912,-35.146797066053146,0.03333333333333333
9.308785545285224,-0.9344374247364892,0.03333333333333333
9.3334998428977,-43.28679289061124,0.03333333333333333
9.342361420176386,-0.1946009608261733,0.03333333333333333
9.360479756085526,-1.2879322111912523,0.03333333333333333
9.383716321574846,-30.602097818703346,0.03333333333333333
9.4213937498701,0.5555554739851708,0.03333333333333333
9.487249482181069,-33.81819268369783,0.03333333333333333
9.747289111980264,-0.714454350224955,0.03333333333333333
9.771687512440533,-43.08340290414478,0.03333333333333333
9.77455379737266,-43.07535350873963,0.03333333333333333
9.876175084523542,1.3391251468348433,0.03333333333333333
9.89493608957293,0.8602458369384121,0.03333333333333333
9.89493608957293,0.8602458369384121,0.03333333333333333
9.895537647061902,-32.84350478617218,0.03333333333333333
9.950547039590456,-31.705481104622287,0.03333333333333333
10.107157399648573,-34.04884379606051,0.03333333333333333
10.110163421040324,-32.530308386218564,0.03333333333333333
10.177306942276838,-29.18183114066584,0.03333333333333333
10.221326939985603,-34.813018559180286,0.03333333333333333
10.286883421142363,-30.022058188526263,0.03333333333333333
10.453634910005174,-32.675065878833266,0.03333333333333333
10.512802455998427,-31.616427153945786,0.03333333333333333
10.529521723211056,-1.0250655169913423,0.03333333333333333
10.532306720468489,-29.73613311955997,0.03333333333333333
10.547925447902411,-31.651066063395643,0.03333333333333333
10.565064891250165,-32.21589781391012,0.03333333333333333
10.623703382572664,0.175638909265558,0.03333333333333333
10.629643245110152,1.0125970343779196,0.03333333333333333
10.643503319809794,-32.71896442996015,0.03333333333333333
10.682789961127495,1.283933341653539,0.03333333333333333
10.84118200857788,-33.31747498120273,0.03333333333333333
10.862117427427016,-0.1277150400232429,0.03333333333333333
10.896509451927638,-0.6248809118328724,0.03333333333333333
10.964406777822251,-34.10299102976111,0.03333333333333333
11.00110049046778,0.7902004261197328,0.03333333333333333
11.065875879315966,-0.717518646194803,0.03333333333333333
11.190906675112544,-33.17109821550519,0.03333333333333333
11.248910285784405,-32.37360068101749,0.03333333333333333
11.274860264186074,-30.02379182703035,0.03333333333333333
11.30559231403138,-32.89708234893799,0.03333333333333333
11.404389044131229,-0.8052920775559873,0.03333333333333333
11.434797546075147,-31.95811304109312,0.03333333333333333
11.474492098558706,-0.1992573167745287,0.03333333333333333
11.609577132522691,-1.237997024045413,0.03333333333333333
11.636984749205713,-31.58001095185733,0.03333333333333333
11.637854188492955,-0.9786020771589268,0.03333333333333333
11.640081021464802,0.2973068453172836,0.03333333333333333
11.86153543175565,-30.90573812797847,0.03333333333333333
11.9265356898635,-31.496124772562347,0.03333333333333333
11.929428977074464,-31.492479049062297,0.03333333333333333
11.93137953409639,-31.49617682847142,0.03333333333333333
11.994479645329305,-31.97850191723796,0.03333333333333333
12.112387692202818,-34.22741726899439,0.03333333333333333
12.14637949210302,1.050988569360641,0.03333333333333333
12.183124405842758,1.2683601313573207,0.03333333333333333
12.192104842316366,-32.22583085413287,0.03333333333333333
12.244964145616132,-33.5736706678635,0.03333333333333333
12.27273106113242,-33.78508139707904,0.03333333333333333
12.275306689384664,-29.124023330570868,0.03333333333333333
12.305489697939114,-29.06051202589148,0.03333333333333333
12.32716144605164,1.2191920530524625,0.03333333333333333
12.474358847123469,0.02979422393403,0.03333333333333333
12.578112147813608,0.0343083223075113,0.03333333333333333
12.64245726961933,-1.3721204849383757,0.03333333333333333
12.658089163102478,-35.35572685431761,0.03333333333333333
12.77973355649556,-1.365341841780565,0.03333333333333333
12.782410269218095,-1.3667163617841478,0.03333333333333333
12.788569662184733,-33.02206774947192,0.03333333333333333
12.829665762352402,-32.83418202419658,0.03333333333333333
12.955915679701484,0.5649407893753414,0.03333333333333333
12.98183382570476,-26.962028288894874,0.03333333333333333
12.993223970296214,-29.00056339818803,0.03333333333333333
12.99884215031428,-0.489110520414667,0.03333333333333333
13.142784714787474,-31.16778911602148,0.03333333333333333
13.146970953874984,-31.151222347912796,0.03333333333333333
13.172760741167137,-31.153221563172604,0.03333333333333333
13.177638234102098,-31.251560707867736,0.03333333333333333
13.183340784504033,-31.218887088997946,0.03333333333333333
13.189994830814834,-26.5863831944809,0.03333333333333333
13.20241841964818,-31.570277997954403,0.03333333333333333
13.215039941128667,-27.32576442209961,0.03333333333333333
13.239218999654398,-32.513713329021314,0.03333333333333333
13.31176914514882,-0.0864784142629836,0.03333333333333333
13.349543762076191,-30.033145758532537,0.03333333333333333
13.369498066200036,0.8177367570245151,0.03333333333333333
13.43006123589988,-27.052922985239896,0.03333333333333333
13.43231563480846,1.363190953245345,0.03333333333333333
13.451979319432034,-33.29239208447201,0.03333333333333333
13.564745864622545,-1.0822213962934328,0.03333333333333333
13.586841416606015,-33.80727409930868,0.03333333333333333
13.665193136890345,-31.60825757503256,0.03333333333333333
13.667158618404784,-32.011715009609304,0.03333333333333333
13.683104869130515,-30.51502373758133,0.03333333333333333
13.713650924523366,-32.227480713754346,0.03333333333333333
13.770715506666864,-0.8270647538429192,0.03333333333333333
13.822378236901503,-30.7610190246928,0.03333333333333333
13.883649917774902,-31.260498014964096,0.03333333333333333
13.922147889436662,-0.9418439978440708,0.03333333333333333
13.922582577401103,-35.103005881863304,0.03333333333333333
13.961946342615075,-29.787514859846564,0.03333333333333333
13.96395390310537,-30.945219315827195,0.03333333333333333
13.97147997409192,-28.91591361083288,0.03333333333333333
13.97214405926334,-33.65042770377668,0.03333333333333333
14.0051381704392,-26.43808368127301,0.03333333333333333
14.04137683954713,-31.36906110248861,0.03333333333333333
14.103964032790268,-34.443375065716864,0.03333333333333333
14.162698397718229,-31.96627152132016,0.03333333333333333
14.284116483726544,-30.356468038376786,0.03333333333333333
14.30251703197933,-0.3660285011264472,0.03333333333333333
14.36634291777003,-27.09697834321837,0.03333333333333333
14.381507122184477,-27.09659176921288,0.03333333333333333
14.514425996791276,-34.63681766665567,0.03333333333333333
14.586639577418032,-35.126961879917864,0.03333333333333333
14.636394372266064,-0.9126637035158988,0.03333333333333333
14.668422466041417,-30.03336355079838,0.03333333333333333
14.687054637710478,-30.206213310701298,0.03333333333333333
14.687178110323115,-30.20628493403666,0.03333333333333333
14.767074131559603,1.0011685238164214,0.03333333333333333
14.806556179582149,-34.32102363637064,0.03333333333333333
14.818728439092515,-29.20234623292642,0.03333333333333333
14.828721833306236,-32.281974525772654,0.03333333333333333
14.863959363897258,1.172568318680593,0.03333333333333333
14.90035476839902,-30.344152784983983,0.03333333333333333
14.951929911856103,-33.10378350329467,0.03333333333333333
14.953354509073169,-1.3181152771969302,0.03333333333333333
14.971706058633467,-39.53259262490825,0.03333333333333333
14.99825027722706,-0.8658482234469952,0.03333333333333333
15.00323973740299,-0.5026619610066824,0.03333333333333333
15.018499579744676,-33.65902649700721,0.03333333333333333
15.041426928322918,-32.02530671766837,0.03333333333333333
15.067378592944028,-34.96127978456718,0.03333333333333333
15.137494012633804,-34.807509914044864,0.03333333333333333
15.147303875864546,-31.857794569695045,0.03333333333333333
15.168859607032095,-30.749168323050537,0.03333333333333333
15.340682319480235,-0.050506307384101,0.03333333333333333
15.359071364366082,-1.296097113575282,0.03333333333333333
15.418056871649007,-33.80995823503895,0.03333333333333333
15.476011117831506,-35.13874184962801,0.03333333333333333
15.480290926955094,-29.93566738290217,0.03333333333333333
15.508053646290447,-35.33531261867841,0.03333333333333333
15.561054131595537,-30.131604077747717,0.03333333333333333
15.565096416555134,-30.98179777140611,0.03333333333333333
15.576103042117891,-1.3737349639868215,0.03333333333333333
15.605767775247772,-35.51449912404629,0.03333333333333333
15.625098200551925,-0.5352093094283729,0.03333333333333333
15.632402188184084,1.3433615405781432,0.03333333333333333
15.645380888568004,-33.90319745738752,0.03333333333333333
15.721253333080428,-40.075058581351406,0.03333333333333333
15.754073302857831,-40.80369125731388,0.03333333333333333
15.763449136412,-34.37998558326491,0.03333333333333333
15.813835310700355,0.4523103092885955,0.03333333333333333
15.900374434821956,-32.991137517129104,0.03333333333333333
15.901315572436047,-30.17773117966996,0.03333333333333333
15.901621012754958,-0.9191165595206996,0.03333333333333333
15.911497722452989,-0.4938939587929524,0.03333333333333333
15.912613686034751,-0.4890051214714836,0.03333333333333333
15.913309252130196,1.1388130781475485,0.03333333333333333
16.026662544018016,-34.32456670434716,0.03333333333333333
16.05775922175709,-1.264431931617225,0.03333333333333333
16.074234693111237,-31.094594102392325,0.03333333333333333
16.08478557529227,-33.67976686158351,0.03333333333333333
16.145199045770458,-32.93079382397563,0.03333333333333333
16.162616356758964,-0.7884702478863361,0.03333333333333333
16.19741823619413,-33.73698981777762,0.03333333333333333
16.580131544341818,0.8064950808416276,0.03333333333333333
16.60355550237461,-34.20018689847612,0.03333333333333333
16.60360314212634,-34.20030579801541,0.03333333333333333
16.722666519750696,-32.72831437441763,0.03333333333333333
16.74555738353547,1.0772660282004771,0.03333333333333333
16.77312563028888,0.1024885367041135,0.03333333333333333
16.774247093985554,-35.266528284638554,0.03333333333333333
16.943641045715655,1.0639605673889347,0.03333333333333333
16.952571807415076,0.7482365853106138,0.03333333333333333
17.105047484988084,-32.84938533466141,0.03333333333333333
17.132805958227866,-30.34971450194865,0.03333333333333333
17.166888850391654,1.3546421671112674,0.03333333333333333
17.242995026203268,1.3925796570239284,0.03333333333333333
17.256603326003162,1.3781935749384482,0.03333333333333333
17.256603326003162,1.3781935749384482,0.03333333333333333
17.28164156677598,0.1138851962867193,0.03333333333333333
17.28310789223492,1.12097992550518,0.03333333333333333
17.32733457723796,0.90539845012828,0.03333333333333333
17.35815775854618,-0.6275003706886488,0.03333333333333333
17.548197200566314,-34.98876275879785,0.03333333333333333
17.548197200566314,-34.98876275879785,0.03333333333333333
17.548197200566314,-34.98876275879785,0.03333333333333333
17.548197200566314,-34.98876275879785,0.03333333333333333
17.558224802220092,-30.4123526694582,0.03333333333333333
17.586209937555722,-32.2132951935162,0.03333333333333333
17.63296374192362,-30.225708194377894,0.03333333333333333
17.638499034771133,-32.6416963008513,0.03333333333333333
17.64224088451546,-30.234886548550374,0.03333333333333333
17.644513756678677,-30.213654586857945,0.03333333333333333
17.657210144973416,-30.21751030722747,0.03333333333333333
17.65773133563809,-30.21505355678367,0.03333333333333333
17.699220359191624,0.7172405756451992,0.03333333333333333
17.701518161850167,-0.0319170102624743,0.03333333333333333
17.825122222407792,-29.88901513279561,0.03333333333333333
17.829265187901036,-30.00504645851688,0.03333333333333333
17.844210736477017,-29.23488542354568,0.03333333333333333
17.86813658313074,0.0286974483465913,0.03333333333333333
17.957632450485534,0.7100174845088587,0.03333333333333333
17.97848677922294,-31.78004384647407,0.03333333333333333
18.031134904788026,-0.998880227727029,0.03333333333333333
18.052665880956955,-33.94196296129968,0.03333333333333333
18.110748086577814,-30.224653009253498,0.03333333333333333
18.11085354005832,-30.224674259181523,0.03333333333333333
18.12729657912228,0.2449304176402998,0.03333333333333333
18.19543892281879,0.9864829467960344,0.03333333333333333
18.196372871075116,0.989411781737996,0.03333333333333333
18.1967547162122,0.990861784943968,0.03333333333333333
18.196951684163867,0.9923768044723376,0.03333333333333333
18.19778269211679,0.9917609721358528,0.03333333333333333
18.210074463822966,-1.1429001402517067,0.03333333333333333
18.22001266033298,0.984516049795244,0.03333333333333333
18.22125983688422,0.9890499583255792,0.03333333333333333
18.23116457978194,0.9924816080720446,0.03333333333333333
18.23504995721005,0.958787958819452,0.03333333333333333
18.23977428261925,0.9570170070622414,0.03333333333333333
18.241722932386317,0.9769381424794108,0.03333333333333333
18.244350529013424,0.9761179117928264,0.03333333333333333
18.244536138503545,0.9589271358110836,0.03333333333333333
18.246022450189667,0.967609653789112,0.03333333333333333
18.25120405642898,0.9757815367466852,0.03333333333333333
18.304286168638374,-32.436079929066175,0.03333333333333333
18.3283008099211,-31.823507637291225,0.03333333333333333
18.34876748267007,-32.12964060010438,0.03333333333333333
18.349392106649397,0.0501552726429253,0.03333333333333333
18.395545963646896,-33.50064042373719,0.03333333333333333
18.411892993398265,0.8646866704472255,0.03333333333333333
18.418416425105388,0.8774947989896621,0.03333333333333333
18.425637801757887,-0.6397553995676272,0.03333333333333333
18.46259389028184,-29.10647547885465,0.03333333333333333
18.499852781713415,1.071853078983265,0.03333333333333333
18.509796280365048,-0.7974488232759221,0.03333333333333333
18.521860772867413,-31.150780875277498,0.03333333333333333
18.52545336020637,-32.63781078614905,0.03333333333333333
18.527644613562675,-32.66078523978602,0.03333333333333333
18.52818049154241,-33.15651916255034,0.03333333333333333
18.529351378341385,-32.65558652327998,0.03333333333333333
18.534590554362868,-32.66934686862246,0.03333333333333333
18.561885465912976,-29.899972336502064,0.03333333333333333
18.63077180624073,-29.48556280778233,0.03333333333333333
18.642566336872363,-31.184702751152475,0.03333333333333333
18.65047255772875,-32.644711309144114,0.03333333333333333
18.78250558421689,-29.15009370150415,0.03333333333333333
18.81099387573304,-31.265924778924493,0.03333333333333333
18.8595737838606,-0.8587378300967484,0.03333333333333333
18.861450605701805,-0.8619057413581821,0.03333333333333333
18.865214999713253,-0.8647058707250099,0.03333333333333333
18.86870242003751,-0.8480437380279582,0.03333333333333333
18.880051383628203,-29.48856597322017,0.03333333333333333
18.882863357422373,-0.8622960010814391,0.03333333333333333
18.88406058733384,-0.8511384559664747,0.03333333333333333
18.885633901286628,-0.8467503143652415,0.03333333333333333
18.88677017543334,-0.8666951327648301,0.03333333333333333
18.887732613726776,-0.8596562230501371,0.03333333333333333
18.89077699675322,-0.8587455347938298,0.03333333333333333
18.89077699675322,-0.8587455347938298,0.03333333333333333
18.891935150834176,-0.8539125584538158,0.03333333333333333
18.892657934702594,-0.8631181971474836,0.03333333333333333
18.90113875335923,-0.042272769532357,0.03333333333333333
18.908386802289524,-35.55420438772007,0.03333333333333333
18.908386802289524,-35.55420438772007,0.03333333333333333
18.908386802289524,-35.55420438772007,0.03333333333333333
18.908386802289524,-35.55420438772007,0.03333333333333333
18.92481262790353,-35.01866087970643,0.03333333333333333
18.92481262790353,-35.01866087970643,0.03333333333333333
18.92481262790353,-35.01866087970643,0.03333333333333333
18.92481262790353,-35.01866087970643,0.03333333333333333
18.92575064401607,0.3834537397700357,0.03333333333333333
19.10671547382272,-35.53101197771224,0.03333333333333333
19.115884120530225,1.2511265823683608,0.03333333333333333
19.123564445969343,-30.562453083767466,0.03333333333333333
19.15999417596711,-32.92752270653384,0.03333333333333333
19.24240351233749,-34.51168008636402,0.03333333333333333
19.263368661279923,-29.91406749002412,0.03333333333333333
19.27309747954921,0.4816268267015903,0.03333333333333333
19.339984516713532,-33.83580002345464,0.03333333333333333
19.34223100091973,-1.1675891757215202,0.03333333333333333
19.388497296847248,-29.573504031429795,0.03333333333333333
19.388546313397573,-29.57353540831557,0.03333333333333333
19.417523978322624,-33.07795844094275,0.03333333333333333
19.433745025620887,-31.36557103356423,0.03333333333333333
19.44336166789888,0.9365043907604688,0.03333333333333333
19.480725401467925,-34.75945001631396,0.03333333333333333
19.485155478290817,-30.44051337374056,0.03333333333333333
19.523785998210776,-33.05253885507861,0.03333333333333333
19.57552004108609,0.2487480482840988,0.03333333333333333
19.60660774712286,-31.39935392753389,0.03333333333333333
19.623433609428748,0.7637166618270906,0.03333333333333333
19.68891354858012,-33.64369934845421,0.03333333333333333
19.68954874163511,0.0031036602195232,0.03333333333333333
19.70478983753148,-33.33696862040094,0.03333333333333333
19.77304902665556,-0.1365991653285968,0.03333333333333333
19.776138857024613,-0.1352963573683338,0.03333333333333333
19.78730492732813,-33.93702147366575,0.03333333333333333
19.869377477597745,-32.92435269422578,0.03333333333333333
19.97594947041034,-34.24999710931423,0.03333333333333333
20.00765691441995,-33.89603756771656,0.03333333333333333
20.008500242755243,-33.89470925730768,0.03333333333333333
20.009873345255112,-33.89458310637278,0.03333333333333333
20.013405787556483,-33.9014212111314,0.03333333333333333
20.04161862712166,-33.23630428587631,0.03333333333333333
20.135981683870327,-34.12382038039932,0.03333333333333333
20.135997329839498,-34.1238663167511,0.03333333333333333
20.143928638769925,-34.12157981486693,0.03333333333333333
20.143976482277104,-34.121603059455914,0.03333333333333333
20.188414526993338,1.4465196738321655,0.03333333333333333
20.285734906537755,1.3672338011119711,0.03333333333333333
20.285826613159763,1.3692481910765686,0.03333333333333333
20.29473653398262,-0.8436434200227299,0.03333333333333333
20.337026784326977,0.0924801768834037,0.03333333333333333
20.34183148819194,0.0882953507092925,0.03333333333333333
20.46746328553068,-33.937725015878605,0.03333333333333333
20.47622074078839,-0.2115342474830647,0.03333333333333333
20.554591958405847,0.960509596942372,0.03333333333333333
20.554715548556857,0.950386703896536,0.03333333333333333
20.557123025284216,0.9544690065505492,0.03333333333333333
20.55777706221541,0.9587780047376696,0.03333333333333333
20.571187870663927,-34.04488260918208,0.03333333333333333
20.58005949473881,-35.37844961631645,0.03333333333333333
20.609179383725586,-0.1248845177528607,0.03333333333333333
20.611445353426262,0.0577366753714225,0.03333333333333333
20.633145334716524,-29.84646084929122,0.03333333333333333
20.75741214062869,0.0565525553589094,0.03333333333333333
20.837728765481778,-0.0232721003176541,0.03333333333333333
20.9619712625909,-29.19623005164965,0.03333333333333333
20.97812192371461,0.2823414770093598,0.03333333333333333
20.984790111603804,0.2086134560133449,0.03333333333333333
20.989463788795724,-33.80208215339882,0.03333333333333333
21.02387513879961,0.984703935513288,0.03333333333333333
21.067433955055776,-32.20603385094096,0.03333333333333333
21.12566535772545,-33.645961451411665,0.03333333333333333
21.148231482536826,-34.702280132681764,0.03333333333333333
21.19965406869613,1.0411077528269448,0.03333333333333333
21.201666635888625,1.0380947201427606,0.03333333333333333
21.228847707644885,-30.01048935369353,0.03333333333333333
21.26913199118856,-32.28740231179497,0.03333333333333333
21.310595645130384,0.1414727801438952,0.03333333333333333
21.3229389043229,-29.85119787036154,0.03333333333333333
21.33915043535005,-34.930505797294295,0.03333333333333333
21.34041797035756,1.1851303083322704,0.03333333333333333
21.3593347521788,-30.742435844021443,0.03333333333333333
21.364155733076437,-31.934208239644256,0.03333333333333333
21.371445589309708,-1.215399277690514,0.03333333333333333
21.39565731209289,-32.54876437773331,0.03333333333333333
21.41808614673413,-28.63285703639381,0.03333333333333333
21.45538057489708,-28.162097768619763,0.03333333333333333
21.467237776089064,-33.471113182470724,0.03333333333333333
21.49167129509434,-32.54562083000371,0.03333333333333333
21.494746734204472,-32.92490070439966,0.03333333333333333
21.49483007767159,-32.92494287504146,0.03333333333333333
21.50841740252069,-30.463126562864367,0.03333333333333333
21.520808484920916,-34.25068744767793,0.03333333333333333
21.590794076653616,-0.1686761965141472,0.03333333333333333
21.6065832938032,-35.492332961324294,0.03333333333333333
21.61109556996468,-35.48907485798028,0.03333333333333333
21.612608797820563,0.9810769034670448,0.03333333333333333
21.657201901148973,-34.58716304788603,0.03333333333333333
21.68421150354865,-1.3091611465712718,0.03333333333333333
21.69378980441009,-0.6457451930656755,0.03333333333333333
21.69454395576509,-29.179724797114517,0.03333333333333333
21.768761926301764,-28.215269040405456,0.03333333333333333
21.828421037645064,0.1351050341703188,0.03333333333333333
21.861626718333056,-30.17889275447015,0.03333333333333333
21.86511969874657,-34.30203307721206,0.03333333333333333
21.87296286579441,-0.748467744959777,0.03333333333333333
21.882056762118697,-28.96243075111423,0.03333333333333333
21.92299381936173,-29.613728176345344,0.03333333333333333
21.965065997847308,-32.049872573473344,0.03333333333333333
21.970581463960198,0.6380954718040047,0.03333333333333333
21.99710751467788,-29.086653030427502,0.03333333333333333
22.010918330250146,-34.597142830212526,0.03333333333333333
22.024889581733827,-28.89944436754901,0.03333333333333333
22.025019011931526,-28.89939832222917,0.03333333333333333
22.04820684548682,-34.69725835389373,0.03333333333333333
22.07929031384988,-30.84130491420143,0.03333333333333333
22.141242379524098,-35.52890271179632,0.03333333333333333
22.194336212463494,-34.99934433342917,0.03333333333333333
22.251412401255667,0.5025705829072652,0.03333333333333333
22.28767526640292,-1.3637159023593324,0.03333333333333333
22.360594720657517,-1.1997118023036937,0.03333333333333333
22.432308478632155,1.430804503379148,0.03333333333333333
22.45415189543579,-32.846335497445324,0.03333333333333333
22.61122609615545,-33.16668169289019,0.03333333333333333
22.642393025135533,-0.3518162354106257,0.03333333333333333
22.819067010098173,-30.984071266181274,0.03333333333333333
22.84101560993188,-33.101715461339545,0.03333333333333333
22.861960440512696,-32.59617297263869,0.03333333333333333
22.940224488235035,-32.94910608953699,0.03333333333333333
22.94171261222068,-33.123013348958494,0.03333333333333333
22.94684892850287,-33.18197514224045,0.03333333333333333
22.971094547942013,-33.128179897579976,0.03333333333333333
22.99959896657239,-32.244244569735066,0.03333333333333333
23.043531393335265,-34.18764248667608,0.03333333333333333
23.06210741437137,-33.48842320935598,0.03333333333333333
23.107308256949583,-31.690309545475703,0.03333333333333333
23.148508700880395,-29.004440736412167,0.03333333333333333
23.22263487815018,-33.4451915146773,0.03333333333333333
23.263275361486848,0.8507851539282231,0.03333333333333333
23.268819219724307,0.0655786809704273,0.03333333333333333
23.50191659447233,-1.0664487372750466,0.03333333333333333
23.554575512967904,-29.41053913620016,0.03333333333333333
23.59367317446202,-29.430035026935684,0.03333333333333333
23.612308660501583,-29.436029821371022,0.03333333333333333
23.716830840704777,-0.6486782673628352,0.03333333333333333
23.73939494562232,-28.966939854710542,0.03333333333333333
23.753457358462345,-0.6817256241073724,0.03333333333333333
23.776399791742275,-34.25261105103405,0.03333333333333333
23.823057046706182,-0.3275050653110525,0.03333333333333333
23.8798401596094,-31.614165292143262,0.03333333333333333
23.95909018322206,-0.8399423602018016,0.03333333333333333
23.995644262353466,-1.375269056743982,0.03333333333333333
24.03374506323528,-29.26059432657566,0.03333333333333333
24.056819211291344,-29.719273213697733,0.03333333333333333
24.09776685691417,-1.3742996947311892,0.03333333333333333
24.257111717644538,-1.3497465276851617,0.03333333333333333
24.25820492552247,-28.42284241839054,0.03333333333333333
24.3725070057774,-32.12103455786598,0.03333333333333333
24.417660382642254,0.730588532329803,0.03333333333333333
24.452434518517176,-29.45406817400328,0.03333333333333333
24.655329021886622,0.4717925959967649,0.03333333333333333
24.742179617802723,-28.252963397546687,0.03333333333333333
24.751790095832668,-28.55354678569352,0.03333333333333333
24.836024838759798,-31.109526754865115,0.03333333333333333
24.91260311232993,-32.234719378078594,0.03333333333333333
24.93765854444265,-31.65775338335236,0.03333333333333333
24.958880707359352,1.3511408301198895,0.03333333333333333
24.962782843879992,0.4272217892643302,0.03333333333333333
24.965717117759,-32.139321946341376,0.03333333333333333
24.966353132480577,-32.3500438065666,0.03333333333333333
24.96929296605345,-33.150330910373214,0.03333333333333333
24.97873847476369,-33.980153526316506,0.03333333333333333
25.01981855948752,-34.197955346923365,0.03333333333333333
25.02477373454108,-34.21642401585168,0.03333333333333333
25.02801045849171,0.0864425101733104,0.03333333333333333
25.04573016997168,-33.667075383796266,0.03333333333333333
25.053653871857907,-34.14259402088371,0.03333333333333333
25.07109927100977,-0.8341590148622415,0.03333333333333333
25.090845260686656,-27.67649389594184,0.03333333333333333
25.095166265860968,-28.91240131815544,0.03333333333333333
25.143005950727627,0.2293876116251004,0.03333333333333333
25.18756563251652,-0.7498107583172872,0.03333333333333333
25.202853332090356,0.9069634540460826,0.03333333333333333
25.23319323823795,-31.142297486338386,0.03333333333333333
25.23824018102746,-31.491475005583663,0.03333333333333333
25.24813468037142,-34.09770325464079,0.03333333333333333
25.32215333554743,-31.62261852950989,0.03333333333333333
25.35682525075279,0.1321647769641862,0.03333333333333333
25.578029339762853,0.0304252315405687,0.03333333333333333
25.590293763853104,-32.87471823456183,0.03333333333333333
25.60303358518956,-32.07047314351019,0.03333333333333333
25.610995831592348,-30.15517271927917,0.03333333333333333
25.70353152980225,1.4428190807015564,0.03333333333333333
25.737315950216452,1.4411375801022597,0.03333333333333333
25.753575288164587,-34.19266558988255,0.03333333333333333
25.75778839875285,-34.18891860843684,0.03333333333333333
25.764557663482428,-29.88188949191848,0.03333333333333333
25.82619164196742,-34.206232083806285,0.03333333333333333
25.89175981865836,-0.8417925068738922,0.03333333333333333
25.914619588254187,-0.1217387094117259,0.03333333333333333
25.98945440811149,0.3857641395648301,0.03333333333333333
26.000056166706063,-0.4588060671194681,0.03333333333333333
26.01437181062347,-30.67856385402078,0.03333333333333333
26.02963645908831,-32.66051023817389,0.03333333333333333
26.105914655114063,-29.94283929950957,0.03333333333333333
26.215708630218288,-30.88662656615673,0.03333333333333333
26.226404042406426,-32.21883706549395,0.03333333333333333
26.29382873764112,-32.08271418634608,0.03333333333333333
26.385396097254528,-0.6544878480815695,0.03333333333333333
26.448824421499943,-30.71953456590436,0.03333333333333333
26.47869055903453,-31.039907386086856,0.03333333333333333
26.49426199687244,-30.066569675304155,0.03333333333333333
26.54697170128798,-32.76308527343814,0.03333333333333333
26.547806353242624,-32.764885306612626,0.03333333333333333
26.549448148611077,-32.7623507197094,0.03333333333333333
26.550889201943203,-32.762175355182265,0.03333333333333333
26.552404846599845,-32.76090911076212,0.03333333333333333
26.629724337675157,-32.25827716634598,0.03333333333333333
26.660967730971265,-33.63113793922063,0.03333333333333333
26.761995110841983,-0.2301026977334649,0.03333333333333333
26.777027711594208,-33.47998254557346,0.03333333333333333
26.811307259984112,-32.91032930382133,0.03333333333333333
26.825872324879725,-28.959930249612505,0.03333333333333333
26.83799104587179,-0.7514735524191466,0.03333333333333333
26.840891305830887,-29.20834631130125,0.03333333333333333
26.859410184231944,-28.328725384505404,0.03333333333333333
26.913386215352126,-28.883097657544933,0.03333333333333333
26.913395203863196,-28.88312791748778,0.03333333333333333
26.9259231239302,-27.95160547462104,0.03333333333333333
26.95252106508151,0.7240359113527638,0.03333333333333333
26.962128296225195,-33.069454866047145,0.03333333333333333
27.01219521145486,-29.29564356655528,0.03333333333333333
27.01857956386793,-32.05308426820219,0.03333333333333333
27.02603800602231,-0.4782147764500624,0.03333333333333333
27.05101817682357,0.0315348188803727,0.03333333333333333
27.16262497185313,1.1027887504594875,0.03333333333333333
27.18405084268284,-27.936387555535745,0.03333333333333333
27.201752299656462,-28.95968339884367,0.03333333333333333
27.26335524135369,-32.89846013824625,0.03333333333333333
27.30847665905261,-32.73816740435627,0.03333333333333333
27.31311305754272,-32.74519000772783,0.03333333333333333
27.316350078972786,-32.743970206138975,0.03333333333333333
27.31653552893488,-32.74822176895325,0.03333333333333333
27.316716466323115,-32.8331700448171,0.03333333333333333
27.32002605165596,-32.73703972994195,0.03333333333333333
27.320953851728728,-32.74253858762196,0.03333333333333333
27.322362830049595,-32.737771129523445,0.03333333333333333
27.32487624527325,-32.737864262457215,0.03333333333333333
27.32954128225017,-32.742166810940866,0.03333333333333333
27.33969542295298,-0.5391525524002503,0.03333333333333333
27.371963476136983,-33.84438604942932,0.03333333333333333
27.374718987722755,0.5770046920534783,0.03333333333333333
27.376280806466767,-33.83709353086668,0.03333333333333333
27.398906208385604,-31.148228456145084,0.03333333333333333
27.444657474694637,0.2501617694797464,0.03333333333333333
27.639483646555416,-28.53032363685229,0.03333333333333333
27.87330554701911,-0.0201034501699348,0.03333333333333333
27.90623437683897,-32.92843594796691,0.03333333333333333
27.977703472889665,-31.729315277075436,0.03333333333333333
27.981436846348387,-31.735237323877477,0.03333333333333333
27.989579646544737,-31.734132091829675,0.03333333333333333
27.99551891735113,-31.73902347388557,0.03333333333333333
27.99703719711785,-31.73857058706777,0.03333333333333333
28.10776950117924,-32.25675605689198,0.03333333333333333
28.165578926823763,1.0994164155371124,0.03333333333333333
28.19681124184145,-29.890677621942874,0.03333333333333333
28.217009053217247,-27.82380602511408,0.03333333333333333
28.224387503312013,1.2043017183289575,0.03333333333333333
28.24067423260991,-28.810501310105817,0.03333333333333333
28.269854989027436,-29.094048900022308,0.03333333333333333
28.38271202195532,0.3813754396509161,0.03333333333333333
28.44276539817578,-29.23217337589091,0.03333333333333333
28.478164373693463,-34.02786648431184,0.03333333333333333
28.501071684285225,-0.7503379491761636,0.03333333333333333
28.502069390098665,-0.752764335854246,0.03333333333333333
28.53861595248377,0.4459129033998668,0.03333333333333333
28.545594305017943,-28.870735753209058,0.03333333333333333
28.54967265181838,0.028294225854346,0.03333333333333333
28.564494450701485,-28.8819264781154,0.03333333333333333
28.58007536086893,-28.357123888507186,0.03333333333333333
28.666633635107686,-33.04378485278328,0.03333333333333333
28.66852283441473,-0.1121248724133715,0.03333333333333333
28.679747469140334,-29.672715251635115,0.03333333333333333
28.722267285007423,0.6800679145599141,0.03333333333333333
28.744764823129398,1.4400048047229184,0.03333333333333333
28.86195614598901,0.1043810217993179,0.03333333333333333
28.871127003162204,-0.6575329793880781,0.03333333333333333
28.920066058645748,-34.06914405825938,0.03333333333333333
29.094285968368048,-32.86775636187512,0.03333333333333333
29.1009204783156,-33.40697897712314,0.03333333333333333
29.14708801319887,-0.5323637895890743,0.03333333333333333
29.15726501866904,-28.008326584021184,0.03333333333333333
29.173166754977064,-0.2076654696744204,0.03333333333333333
29.20438762664988,-31.16996037950096,0.03333333333333333
29.209104189300568,-33.314021393859946,0.03333333333333333
29.267934030132626,0.7845539976863238,0.03333333333333333
29.322109309133133,-29.79269566992016,0.03333333333333333
29.37552409306638,-33.31589734612382,0.03333333333333333
29.480452218174328,0.2682120623439974,0.03333333333333333
29.482631466862596,-32.98142955931433,0.03333333333333333
29.539245230792336,-0.1109038446472657,0.03333333333333333
29.55730413894375,1.028736096882655,0.03333333333333333
29.616249460369517,-29.89118548214285,0.03333333333333333
29.61970676795092,1.0780490788386428,0.03333333333333333
29.619741930590024,-32.537010129920986,0.03333333333333333
29.63394027051608,-30.284120909894927,0.03333333333333333
29.633988782449677,-30.28409277206394,0.03333333333333333
29.67764918659899,-29.6398590286624,0.03333333333333333
29.709268472409452,-30.077239118059776,0.03333333333333333
29.757489954668934,-33.59267429007294,0.03333333333333333
29.76672048662205,-30.19906247868971,0.03333333333333333
29.766752569486464,-30.19913246199952,0.03333333333333333
29.787617159913623,-29.715844194699304,0.03333333333333333
29.79770396560546,-27.81444288595856,0.03333333333333333
29.798521501819955,-27.80695962479341,0.03333333333333333
29.891417559213732,-33.73874966765794,0.03333333333333333
29.89784479360552,0.0670730705671857,0.03333333333333333
29.907681041465725,0.3924281092976458,0.03333333333333333
29.908202498206403,-0.6935597585923676,0.03333333333333333
29.999171498761104,1.44376965948041,0.03333333333333333
