ra,dec,sep
165.00318512420807,-45.86245654456999,0.03333333333333333
165.00724476933846,-37.99959390899591,0.03333333333333333
165.0081305800179,-37.01215135146698,0.03333333333333333
165.0198883039752,-20.164692680513586,0.03333333333333333
165.05421901070494,-47.641745715693816,0.03333333333333333
165.0780121546129,-18.236863424053663,0.03333333333333333
165.1371182175388,-46.29523307363361,0.03333333333333333
165.17086614227517,-29.762924575468144,0.03333333333333333
165.17395376783793,-16.911241638743647,0.03333333333333333
165.18969529648908,-23.304987758203968,0.03333333333333333
165.2138246567312,-17.698128557372137,0.03333333333333333
165.25553314417823,-22.45249333991104,0.03333333333333333
165.27888860421888,-17.401104716560578,0.03333333333333333
165.2931875345448,-47.33165364159781,0.03333333333333333
165.3223923885119,-47.011831330029736,0.03333333333333333
165.33503426015264,-29.457293031318905,0.03333333333333333
165.357054803146,-19.591142737349248,0.03333333333333333
165.3851396596044,-19.456301553742097,0.03333333333333333
165.4168103432357,-47.1645453705902,0.03333333333333333
165.4172851738743,-22.115741251582467,0.03333333333333333
165.41938070594514,-38.76658706578087,0.03333333333333333
165.43315159945317,-45.28420984136984,0.03333333333333333
165.43751157637996,-17.29864454199062,0.03333333333333333
165.4403329012344,-46.22500345824744,0.03333333333333333
165.46357641452303,-46.88458955272901,0.03333333333333333
165.49154204855074,-23.790923666401383,0.03333333333333333
165.49894786718244,-24.87868511652496,0.03333333333333333
165.56322436927655,-24.255045055389477,0.03333333333333333
165.5734111517345,-24.94534889595449,0.03333333333333333
165.5741843821793,-24.945324779862712,0.03333333333333333
165.57479846826672,-24.94899920783193,0.03333333333333333
165.57723042865695,-24.94291112399002,0.03333333333333333
165.58114659243975,-24.943541375907262,0.03333333333333333
165.62354763842322,-37.79305723601779,0.03333333333333333
165.62366049562158,-18.219539462390195,0.03333333333333333
165.64269720841753,-38.02671535773152,0.03333333333333333
165.6630086183535,-45.55189398528817,0.03333333333333333
165.71944547322033,-18.276049204573795,0.03333333333333333
165.75493734857727,-45.81738578725057,0.03333333333333333
165.7851288649154,-22.93656958572181,0.03333333333333333
165.80725295456986,-17.867426482741216,0.03333333333333333
165.84853781531527,-23.083694639214347,0.03333333333333333
165.85381735535282,-23.077107385770454,0.03333333333333333
165.8880386486634,-23.56109314950893,0.03333333333333333
165.89576059660413,-46.0443137199059,0.03333333333333333
165.8996590401737,-46.180018150061294,0.03333333333333333
165.90237819943616,-21.629405520763783,0.03333333333333333
165.93187606385567,-23.244550463549118,0.03333333333333333
165.9335586524728,-23.234240647268194,0.03333333333333333
165.93854418459733,-23.233759333680773,0.03333333333333333
165.9423233893419,-23.245019645533223,0.03333333333333333
165.94315682510572,-23.256338054699224,0.03333333333333333
165.94843048864004,-23.25593681954,0.03333333333333333
165.9565453013735,-19.48303098308718,0.03333333333333333
165.99522775224415,-18.782584617585123,0.03333333333333333
165.99608941173514,-18.77670167044572,0.03333333333333333
165.9966141959688,-18.782616915613083,0.03333333333333333
165.9971516679357,-18.77801347029957,0.03333333333333333
165.99964435188508,-18.786030672741383,0.03333333333333333
166.00075435733694,-18.775579743653346,0.03333333333333333
166.0042908196548,-18.78204393647496,0.03333333333333333
166.0253362019466,-17.96694336425043,0.03333333333333333
166.10494892868547,-21.90157550416841,0.03333333333333333
166.1286251176159,-23.380515154778266,0.03333333333333333
166.1406338019032,-21.85055403407174,0.03333333333333333
166.21632925924618,-19.628559156174617,0.03333333333333333
166.22397935690412,-23.132615212352757,0.03333333333333333
166.22583659413158,-23.13265712384976,0.03333333333333333
166.3451185765029,-17.609899785371116,0.03333333333333333
166.4705243765678,-21.50336324438912,0.03333333333333333
166.50775479004727,-17.675494281299716,0.03333333333333333
166.5528319754929,-17.215131695828052,0.03333333333333333
166.5540994468599,-21.83455718562828,0.03333333333333333
166.80052057504685,-19.82307480928596,0.03333333333333333
166.80125694489269,-19.817467075217035,0.03333333333333333
166.80330879871386,-19.823584270859584,0.03333333333333333
166.8045693341223,-19.818670102425877,0.03333333333333333
166.8052119589077,-19.822472037937665,0.03333333333333333
166.82474349524708,-21.01313082859896,0.03333333333333333
166.8270959044516,-20.3466002771984,0.03333333333333333
166.8297173445012,-19.55555857294575,0.03333333333333333
166.8297504542546,-19.55541255601515,0.03333333333333333
166.83079516305665,-19.55839355542193,0.03333333333333333
166.8363967667283,-23.22961369249128,0.03333333333333333
166.87905535645848,-20.50501828225936,0.03333333333333333
166.92684686544797,-22.378917081608428,0.03333333333333333
166.9493403358462,-20.02226907187982,0.03333333333333333
166.96331890656236,-23.048546493222368,0.03333333333333333
166.99000764626328,-19.80465078840707,0.03333333333333333
167.01043041263156,-23.35333034674905,0.03333333333333333
167.23170909047846,-21.69128561054756,0.03333333333333333
167.319962835837,-20.94930675719433,0.03333333333333333
167.33812765570684,-22.87998745953893,0.03333333333333333
167.42442952133004,-20.009725570489973,0.03333333333333333
167.45328951146848,-22.46607790226976,0.03333333333333333
167.45347546966187,-20.461785974406684,0.03333333333333333
167.45686817963633,-23.71853666971445,0.03333333333333333
167.46024016510077,-23.73295237889422,0.03333333333333333
167.46899916630892,-23.731123448694024,0.03333333333333333
167.46947520217708,-23.7368632207927,0.03333333333333333
167.47198074750148,-23.73058182558937,0.03333333333333333
167.47201238900266,-23.7214678643505,0.03333333333333333
167.4805475588837,-23.72204861516493,0.03333333333333333
167.49752776019207,-21.151066463357758,0.03333333333333333
167.5123141311762,-22.502106041118854,0.03333333333333333
167.51240110895432,-22.502117440902204,0.03333333333333333
167.52802194108895,-20.602892167234398,0.03333333333333333
167.5289862791769,-23.4680331018805,0.03333333333333333
167.6107443960461,-18.91557716487226,0.03333333333333333
167.67527337667298,-20.90191110884728,0.03333333333333333
167.71070433927775,-21.97451931840779,0.03333333333333333
167.71149480466815,-22.47390631930921,0.03333333333333333
167.71532375345564,-21.9705771464942,0.03333333333333333
167.72337656977837,-20.528029771637097,0.03333333333333333
167.72338566707148,-20.52804373755565,0.03333333333333333
167.73465673234222,-21.94839016611901,0.03333333333333333
167.73846916883397,-21.9481524929022,0.03333333333333333
167.78088318950856,-21.05004517757182,0.03333333333333333
167.8132958631321,-23.050488578349707,0.03333333333333333
167.82327785292154,-22.226094545494565,0.03333333333333333
167.82329777489423,-22.22621264817457,0.03333333333333333
167.87788658449136,-19.23381002204025,0.03333333333333333
167.89275314212867,-19.236411342233232,0.03333333333333333
167.9128013605376,-23.814274093933378,0.03333333333333333
167.9159211947629,-18.579164100342734,0.03333333333333333
168.0527018367015,-24.233995013482104,0.03333333333333333
168.08110765005068,-20.509674769041023,0.03333333333333333
168.0864400236102,-20.361365510179304,0.03333333333333333
168.11416919443977,-19.278943958249155,0.03333333333333333
168.15565032202275,-24.95076471413227,0.03333333333333333
168.17009089961917,-21.44320411325587,0.03333333333333333
168.3145482143917,-17.226874216511824,0.03333333333333333
168.3303149194381,-21.97483099729879,0.03333333333333333
168.33730242900202,-23.89817545163049,0.03333333333333333
168.3452551902819,-20.88402302010073,0.03333333333333333
168.34527809273374,-20.884094176276804,0.03333333333333333
168.36375168246784,-23.14633394730646,0.03333333333333333
168.39425526045827,-19.930534204353023,0.03333333333333333
168.4291498573029,-22.293306781388964,0.03333333333333333
168.4623790067395,-21.44856383511027,0.03333333333333333
168.5032051937211,-23.54150409120332,0.03333333333333333
168.5329048272189,-20.93427678376373,0.03333333333333333
168.63672511602906,-20.13121708480183,0.03333333333333333
168.6611940544709,-20.00796068732735,0.03333333333333333
168.67501934507874,-23.727739165310048,0.03333333333333333
168.69284635460434,-22.245110001507797,0.03333333333333333
168.69291341675873,-22.2452278007782,0.03333333333333333
168.84874985966988,-17.825558272720716,0.03333333333333333
168.8943804798426,-19.563281387572168,0.03333333333333333
168.98963907251195,-22.668021702381328,0.03333333333333333
168.9896423064551,-22.667962129983728,0.03333333333333333
169.03797719625993,-22.229780227855382,0.03333333333333333
169.04071143767808,-22.37648261311801,0.03333333333333333
169.04406148315238,-19.85310909843212,0.03333333333333333
169.0521795232228,-23.08707684099208,0.03333333333333333
169.06757955297104,-21.16874747736644,0.03333333333333333
169.0776942498406,-18.88867187084979,0.03333333333333333
169.0848288309775,-23.51704218391545,0.03333333333333333
169.10597522322414,-22.94950455115861,0.03333333333333333
169.121842602245,-21.070447744047183,0.03333333333333333
169.13952165963815,-21.66393087406603,0.03333333333333333
169.1815896684582,-17.194855188675877,0.03333333333333333
169.2239539783103,-17.887245591993786,0.03333333333333333
169.31254592914237,-18.973439165695304,0.03333333333333333
169.39609173910995,-22.751735680185,0.03333333333333333
169.400456175904,-22.660859916596383,0.03333333333333333
169.40864397643023,-18.2891551962115,0.03333333333333333
169.48840315998794,-22.69639825033656,0.03333333333333333
169.4909785667385,-17.885356997402287,0.03333333333333333
169.53554714028846,-18.724000077436777,0.03333333333333333
169.53594748820197,-18.724748059730533,0.03333333333333333
169.58489196165064,-22.814767571640356,0.03333333333333333
169.6199073198775,-18.2524302288486,0.03333333333333333
169.62583373289723,-19.46006592802043,0.03333333333333333
169.66237001814054,-21.47970578331921,0.03333333333333333
169.6724146274152,-18.046768047739125,0.03333333333333333
169.71053631350878,-18.49473225989893,0.03333333333333333
169.76530483376123,-22.59748683702759,0.03333333333333333
169.79537739703355,-20.82979953198557,0.03333333333333333
169.7968740717332,-23.065849088435645,0.03333333333333333
169.79807319686796,-21.660914433192627,0.03333333333333333
169.8571757229031,-24.06653902193044,0.03333333333333333
169.91472630812552,-19.629510356382536,0.03333333333333333
169.97385094651975,-24.18348756269615,0.03333333333333333
170.13257866979768,-19.79914503321232,0.03333333333333333
170.17058393998343,-18.798912204485912,0.03333333333333333
170.19696655328286,-17.285069032070588,0.03333333333333333
170.20651116818644,-18.715572764825883,0.03333333333333333
170.21590551248383,-20.35156473840706,0.03333333333333333
170.3529313273511,-17.79567367972019,0.03333333333333333
170.4948938139312,-16.87545690623299,0.03333333333333333
170.55485132158535,-22.774899446801847,0.03333333333333333
170.56119074567934,-23.935158262600897,0.03333333333333333
170.58894793448204,-23.161808986595087,0.03333333333333333
170.63787621364904,-17.56823955045206,0.03333333333333333
170.63809408987004,-19.54344087050688,0.03333333333333333
170.63892636243492,-19.54346005026948,0.03333333333333333
170.67039859182864,-23.601078987490663,0.03333333333333333
170.6704521748813,-23.601097713089576,0.03333333333333333
170.72446290416602,-17.041141126025536,0.03333333333333333
170.73371282684457,-24.47777875977149,0.03333333333333333
170.73601835735258,-23.859834925723614,0.03333333333333333
170.76581750859938,-23.8613902119218,0.03333333333333333
170.81120608158116,-22.923250956989506,0.03333333333333333
170.89801827214058,-20.073021107168287,0.03333333333333333
170.94431168477513,-20.09170704371888,0.03333333333333333
170.95229589621655,-19.8077676046584,0.03333333333333333
171.016943670578,-21.02600190887806,0.03333333333333333
171.03898275409756,-18.54010963837252,0.03333333333333333
171.0404271924251,-21.674462181763868,0.03333333333333333
171.05985195740467,-20.810041393594407,0.03333333333333333
171.16541493448398,-21.23795072041778,0.03333333333333333
171.20959290728663,-21.505975597215368,0.03333333333333333
171.3102735804809,-21.70097789428583,0.03333333333333333
171.3586925765579,-19.5380462713937,0.03333333333333333
171.3891579387046,-22.606568418610262,0.03333333333333333
171.43830036943947,-18.488201340276905,0.03333333333333333
171.48138761513417,-21.37980622307994,0.03333333333333333
171.5105453235236,-19.431792756650196,0.03333333333333333
171.5197650884042,-19.18549272993258,0.03333333333333333
171.63124419991254,-21.036610689116184,0.03333333333333333
171.66728930718824,-24.360475417605443,0.03333333333333333
171.70698884706886,-23.799714600119657,0.03333333333333333
171.71462085595925,-22.67303769311509,0.03333333333333333
171.72969744006403,-23.11586352127421,0.03333333333333333
171.74863155381684,-19.66941811536194,0.03333333333333333
171.905144648214,-22.1811845635112,0.03333333333333333
171.93563126819032,-20.168278674123563,0.03333333333333333
171.9396557255919,-18.80355483363484,0.03333333333333333
171.94949340908937,-20.903052456329444,0.03333333333333333
171.97660861310575,-19.354150375956184,0.03333333333333333
171.99816886915605,-20.88042784196817,0.03333333333333333
172.09434698477148,-19.5521735416618,0.03333333333333333
172.09831102699394,-19.78396618750122,0.03333333333333333
172.15282759145228,-20.197847938307454,0.03333333333333333
172.1982545988386,-23.088804049865846,0.03333333333333333
172.19874876421756,-18.396711042384545,0.03333333333333333
172.2247108562397,-23.053959125988545,0.03333333333333333
172.23256772902826,-23.18693789782795,0.03333333333333333
172.39240723207388,-24.777518733865605,0.03333333333333333
172.39697543646443,-23.35687384364398,0.03333333333333333
172.420831155144,-20.197600920599868,0.03333333333333333
172.4244466024295,-12.12065078434268,0.03333333333333333
172.4452366455532,-20.88392971409689,0.03333333333333333
172.4474918611031,-22.633301037846795,0.03333333333333333
172.50842865507803,-12.037037868255617,0.03333333333333333
172.7358243917991,-23.57698410442963,0.03333333333333333
172.7358716810738,-23.577013313702324,0.03333333333333333
172.868588307185,-19.984109513037332,0.03333333333333333
172.87319438951693,-21.59543723539648,0.03333333333333333
172.89291294572104,-11.612980724598945,0.03333333333333333
172.8932131219301,-21.2858565719249,0.03333333333333333
172.89437567103894,-18.208436773501376,0.03333333333333333
173.0264646630278,-12.089933686394245,0.03333333333333333
173.05272160812288,-21.55961146553725,0.03333333333333333
173.07177240626325,-20.95173488814178,0.03333333333333333
173.0792138701351,-21.661910741435744,0.03333333333333333
173.15517489660326,-21.988095683483245,0.03333333333333333
173.36208111614658,-22.85253163390482,0.03333333333333333
173.37764820826013,-24.100021573300648,0.03333333333333333
173.38352938161083,-24.343015588127564,0.03333333333333333
173.3840533197584,-3.233261409078281,0.03333333333333333
173.40714020556436,-1.4955759839658802,0.03333333333333333
173.4169048771572,-3.204039597467501,0.03333333333333333
173.44272789176156,-3.4293975702506776,0.03333333333333333
173.4491056100882,-23.57249549055714,0.03333333333333333
173.46319395207377,-22.092514273831096,0.03333333333333333
173.49182206340151,-21.997325117154503,0.03333333333333333
173.49183780753958,-21.997313044254653,0.03333333333333333
173.5457396098857,-23.161227264705804,0.03333333333333333
173.54914835448494,-20.58315544290045,0.03333333333333333
173.60216658108814,1.1543503176286625,0.03333333333333333
173.67099237248956,-24.272610073199125,0.03333333333333333
173.7075586521632,-2.124188520681312,0.03333333333333333
173.74246104905325,-1.9079602409953076,0.03333333333333333
173.86930873710287,-20.877802512782704,0.03333333333333333
173.9975953400826,-20.44779663814908,0.03333333333333333
174.05290786239414,0.0819136002772735,0.03333333333333333
174.10846473112233,-2.1737830574047443,0.03333333333333333
174.12068360627623,-19.41389514476072,0.03333333333333333
174.15304036864492,0.8172611304944561,0.03333333333333333
174.15329276947446,0.8154915247975553,0.03333333333333333
174.1646829325519,2.0133163102805103,0.03333333333333333
174.16542595998757,-0.5877014872978604,0.03333333333333333
174.1755247070958,-18.6864825888438,0.03333333333333333
174.1885156408191,-3.2454104832572845,0.03333333333333333
174.19940698462486,-19.848880521262483,0.03333333333333333
174.2491110906185,-20.04991974938025,0.03333333333333333
174.28066558146733,-18.487195096862653,0.03333333333333333
174.2832835650225,-21.14594364490697,0.03333333333333333
174.34240673564196,1.816372111607291,0.03333333333333333
174.3444074235374,-3.3125929783660943,0.03333333333333333
174.35360962348648,-1.3400342680130604,0.03333333333333333
174.36304911582394,-19.20814125453084,0.03333333333333333
174.3850596701224,-19.164624739428927,0.03333333333333333
174.45343147899882,-2.2302052837419986,0.03333333333333333
174.45820819375535,-20.1269725960127,0.03333333333333333
174.48252491492428,0.6182099801951,0.03333333333333333
174.53647997028216,1.8708709475704368,0.03333333333333333
174.53719667829745,-23.725527137734492,0.03333333333333333
174.70396229152962,2.0518388365623146,0.03333333333333333
174.71861572485645,1.461318401243149,0.03333333333333333
174.726375893798,-1.6428088681911317,0.03333333333333333
174.73164786697532,-21.19658104320207,0.03333333333333333
174.73755047328316,-2.355872493915259,0.03333333333333333
174.75578476142175,1.3382478314723678,0.03333333333333333
174.7681233226218,-1.4402891840929772,0.03333333333333333
174.81294178909653,1.1359646135217325,0.03333333333333333
174.8140406168277,-19.410985536725605,0.03333333333333333
174.84720372026132,-21.85224546997691,0.03333333333333333
174.89143042940546,-0.4254948984877271,0.03333333333333333
174.90109106318027,-22.14034457493684,0.03333333333333333
174.9011111570803,-22.14031978598003,0.03333333333333333
174.94789071139556,-21.955696720076112,0.03333333333333333
174.9478995504789,-21.975463733054287,0.03333333333333333
174.9619136132981,-19.03069800782081,0.03333333333333333
175.01201122096154,-17.306566954739875,0.03333333333333333
175.02105341364947,-20.85902350574755,0.03333333333333333
175.07321964909653,-17.7964452896703,0.03333333333333333
175.1466418949107,1.593924717325078,0.03333333333333333
175.16838548521974,-22.769741203504857,0.03333333333333333
175.217888959621,-19.462553305173703,0.03333333333333333
175.218869861953,-1.2737271216017594,0.03333333333333333
175.23731370516006,0.6462639876836266,0.03333333333333333
175.26374204210987,-20.886386537980187,0.03333333333333333
175.30916826725996,-3.206987438875061,0.03333333333333333
175.38271467231684,-3.0874843694675924,0.03333333333333333
175.3959908754587,-18.19457670541773,0.03333333333333333
175.4318738151608,-18.194745470059324,0.03333333333333333
175.44030773451672,-1.901335843741868,0.03333333333333333
175.46470503258303,-21.36912637641172,0.03333333333333333
175.51024872921948,-20.506276960302305,0.03333333333333333
175.5145118795228,-17.134776808220042,0.03333333333333333
175.53808352236646,-18.16909360257072,0.03333333333333333
175.55137074064442,0.3342699608891871,0.03333333333333333
175.5609804603061,-2.53146576861475,0.03333333333333333
175.58242453130453,0.2568768029927286,0.03333333333333333
175.65814831106258,-20.45605247119997,0.03333333333333333
175.67341764277535,-18.287336558372235,0.03333333333333333
175.7027137822954,-21.081669894381264,0.03333333333333333
175.71153443778687,-19.07187447312332,0.03333333333333333
175.712294430323,1.516178983683592,0.03333333333333333
175.7133360226397,-19.06385596352972,0.03333333333333333
175.72328820312242,0.1631610920416021,0.03333333333333333
175.72523827296038,0.164232558975715,0.03333333333333333
175.73620131180638,-23.61773362975181,0.03333333333333333
175.76331263574016,-23.43571207284672,0.03333333333333333
175.8722683259682,-2.0554055350002094,0.03333333333333333
175.8722971552406,-2.0555300405054746,0.03333333333333333
175.88039189095963,-22.04727217336525,0.03333333333333333
175.9055366707226,-1.6125505313123176,0.03333333333333333
175.94213914323512,-1.2761143494938,0.03333333333333333
175.9475214240503,1.5149705815849348,0.03333333333333333
175.95021538229904,1.1350952392512657,0.03333333333333333
175.9515789617372,-1.8094131913164857,0.03333333333333333
175.9516513488841,-3.1817726593403406,0.03333333333333333
175.95231512658938,-0.5422589001861009,0.03333333333333333
175.9567000332689,-1.639626852748899,0.03333333333333333
175.97616777156068,-18.10578010813701,0.03333333333333333
176.03675655570706,1.4057473653603636,0.03333333333333333
176.13150998327865,-23.481980975542037,0.03333333333333333
176.16450882972998,-20.818146821413198,0.03333333333333333
176.21230592350696,1.72354409641951,0.03333333333333333
176.23234742536548,-17.944273338719373,0.03333333333333333
176.28196179348967,-0.9898689645139064,0.03333333333333333
176.28282520219489,-0.9885768797561914,0.03333333333333333
176.28348295379152,-0.9883941397936244,0.03333333333333333
176.29884651458195,-0.90069812354485,0.03333333333333333
176.3135693424706,-20.746519437466933,0.03333333333333333
176.35960159169613,0.0041113183584209,0.03333333333333333
176.38503677313204,-1.752936607908414,0.03333333333333333
176.39549859791168,-1.8599436429091192,0.03333333333333333
176.41645332424534,-19.748236854530692,0.03333333333333333
176.44677508796607,-20.688850843374315,0.03333333333333333
176.4581612967912,-22.29006446511149,0.03333333333333333
176.50187966637736,0.1769481366071585,0.03333333333333333
176.53216927105808,-0.4579777695914926,0.03333333333333333
176.5619240328562,-20.372979515314352,0.03333333333333333
176.5723615558245,-3.1717780868994225,0.03333333333333333
176.66301757777978,-20.74429357624599,0.03333333333333333
176.66363303346736,-20.745348579871603,0.03333333333333333
176.6796613966468,1.1885571745316508,0.03333333333333333
176.7395653362332,-21.14477366565624,0.03333333333333333
176.75243108633816,-0.2939445160029867,0.03333333333333333
176.76792226137064,-1.0878474129223663,0.03333333333333333
176.79778025270713,-0.4516064637217532,0.03333333333333333
176.80174518656943,-2.985298711331437,0.03333333333333333
176.85592040250134,-2.1495434633769177,0.03333333333333333
176.8934371226852,-0.6411004111158466,0.03333333333333333
176.94232477494825,-22.67221506046424,0.03333333333333333
176.98486050417932,-18.908762179578623,0.03333333333333333
177.04300613676426,-1.9894666347549688,0.03333333333333333
177.0593971412066,-3.249037178346972,0.03333333333333333
177.07589066324908,-1.6399572049281346,0.03333333333333333
177.07645388246996,-1.6418060467883486,0.03333333333333333
177.11120124325876,-18.50628940436583,0.03333333333333333
177.1137727279194,-18.80372025141356,0.03333333333333333
177.12641694586807,0.1825396826070347,0.03333333333333333
177.13139827212044,1.10500314832877,0.03333333333333333
177.1791086611051,-19.68538584034049,0.03333333333333333
177.19810975920194,-2.0440237538394057,0.03333333333333333
177.19833480341046,-2.044027900855873,0.03333333333333333
177.2116063515612,-2.039931062005091,0.03333333333333333
177.21516452670463,-2.015918506220139,0.03333333333333333
177.24768599779907,0.3323401467161662,0.03333333333333333
177.26929103780978,-2.312110681866222,0.03333333333333333
177.36639736924647,-2.049557739761252,0.03333333333333333
177.3843142260389,-0.157519525973619,0.03333333333333333
177.4007372616865,-1.1606598062384448,0.03333333333333333
177.41500197480892,1.773741489322032,0.03333333333333333
177.4464732355242,-19.07082457120864,0.03333333333333333
177.52008526845893,-2.911894275883496,0.03333333333333333
177.5226855829622,-21.690206163618736,0.03333333333333333
177.53770308353603,-3.1386784482996344,0.03333333333333333
177.59908479508587,-0.5282934246500881,0.03333333333333333
177.61010820575865,-2.0741240461018564,0.03333333333333333
177.62384471196034,-2.782837138531403,0.03333333333333333
177.6393856955458,-0.5382480976013554,0.03333333333333333
177.643432954321,-0.5369472269835599,0.03333333333333333
177.64986592423338,-0.5663277391096465,0.03333333333333333
177.65070597557835,-0.5694041422018925,0.03333333333333333
177.65124196182416,-0.5685118230038877,0.03333333333333333
177.65163991073865,-0.5673845606788012,0.03333333333333333
177.6911219543525,-20.22033533475052,0.03333333333333333
177.70537423275803,-0.8636364611502556,0.03333333333333333
177.74232292112947,-23.028848974931524,0.03333333333333333
177.75740047105072,-1.0935975111562042,0.03333333333333333
177.7957416321837,-20.598083740202338,0.03333333333333333
177.7969207726492,-20.59721401561399,0.03333333333333333
177.79804350818304,-20.59944247138972,0.03333333333333333
177.79806788352352,-20.599463052775565,0.03333333333333333
177.80112956227524,-20.599194918340483,0.03333333333333333
177.80116054634857,-20.59918075230415,0.03333333333333333
177.8042441388274,-22.890342062408017,0.03333333333333333
177.82103677552695,-19.53284242582603,0.03333333333333333
177.8533936772275,-23.20005808206361,0.03333333333333333
177.8565368477921,-0.7564360895062863,0.03333333333333333
177.87268901124386,-0.0593301076444981,0.03333333333333333
177.88734562043996,-2.372761176366136,0.03333333333333333
177.88896201644386,-2.3727022231183543,0.03333333333333333
177.9056436743523,-21.71735262503865,0.03333333333333333
177.91908255373724,-2.998043993228568,0.03333333333333333
177.94503862354165,-21.30797891561689,0.03333333333333333
177.95210286408258,-0.9746532112113904,0.03333333333333333
177.95218916041517,-22.782812436924463,0.03333333333333333
177.98555163591752,-22.275149469502413,0.03333333333333333
177.98561269335588,-22.27514521669004,0.03333333333333333
178.03043231878434,-18.247401600856342,0.03333333333333333
178.03360017453272,-21.88405598682573,0.03333333333333333
178.06833039410412,-18.39677359306136,0.03333333333333333
178.07031354806253,1.3909661333218957,0.03333333333333333
178.07224961864256,-2.8840749153908187,0.03333333333333333
178.09536733316324,-18.909992721034648,0.03333333333333333
178.09598627654677,-2.8818300946608453,0.03333333333333333
178.1002986574552,-22.45500123385704,0.03333333333333333
178.11507669366992,-20.10390480837867,0.03333333333333333
178.11821549877874,-0.4073990065378502,0.03333333333333333
178.13539942931857,-22.383197424728845,0.03333333333333333
178.15240678653737,-19.12872400230345,0.03333333333333333
178.15543681764203,-2.4692788013971625,0.03333333333333333
178.1564809046129,-20.75518054732572,0.03333333333333333
178.15697510920216,-2.468564555740332,0.03333333333333333
178.19800706306424,-0.668799198555378,0.03333333333333333
178.19803381207012,-0.6688280067157996,0.03333333333333333
178.2069980120254,-18.71917717613858,0.03333333333333333
178.2542093178735,-22.44283513556722,0.03333333333333333
178.29380263385738,-0.771060586248677,0.03333333333333333
178.29745789180652,-21.42811150744286,0.03333333333333333
178.30862939134568,-3.409047236958316,0.03333333333333333
178.33548683293455,-22.731528065944183,0.03333333333333333
178.33926492035818,-1.8362177667532065,0.03333333333333333
178.36942473779808,-3.230237358905925,0.03333333333333333
178.42148355720474,-3.150630823886753,0.03333333333333333
178.4393258721732,-2.722344158881375,0.03333333333333333
178.486055722832,-20.136632607889226,0.03333333333333333
178.48637684370462,-20.577486629090547,0.03333333333333333
178.49046584712616,-20.56775157202741,0.03333333333333333
178.49050406638054,-20.14085116841222,0.03333333333333333
178.4936016009612,0.3299381697546149,0.03333333333333333
178.4938625175116,-20.572249577804484,0.03333333333333333
178.50636543229612,-20.558696857299687,0.03333333333333333
178.51026830814513,-20.569208528493725,0.03333333333333333
178.5228309482646,-2.0450334619081265,0.03333333333333333
178.55129628495746,0.1367777756088964,0.03333333333333333
178.58083509286126,-18.985150680990383,0.03333333333333333
178.6230489357104,1.2832683348659155,0.03333333333333333
178.67322725776737,-0.59271513643276,0.03333333333333333
178.68901836594958,-20.87404469609756,0.03333333333333333
178.7357899597813,0.1848611250308225,0.03333333333333333
178.7576630528262,-20.281395246120656,0.03333333333333333
178.75898669003433,-22.73940461818839,0.03333333333333333
178.76008765608566,-0.7759232519423958,0.03333333333333333
178.77012459429858,-20.75121375126923,0.03333333333333333
178.7775274416123,-18.797325631822986,0.03333333333333333
178.79661341326374,0.4848658484267525,0.03333333333333333
178.79873915999408,0.4902688388336615,0.03333333333333333
178.81077376858207,-22.39781016852838,0.03333333333333333
178.8218827326313,-18.821666941196987,0.03333333333333333
178.8797439756963,-23.407217316797315,0.03333333333333333
178.89056042961718,1.236734619555042,0.03333333333333333
178.90627399104503,1.246512684146967,0.03333333333333333
178.91282098935562,1.2302771429461987,0.03333333333333333
178.913752659395,1.2359741770280108,0.03333333333333333
178.9559697238112,-18.198570562821885,0.03333333333333333
178.9980365451248,-1.679350943523542,0.03333333333333333
179.0238118114504,-19.9125608440488,0.03333333333333333
179.0242073048844,-19.915703430402992,0.03333333333333333
179.03249656796223,-3.284048111659802,0.03333333333333333
179.0957000020321,-19.549786137186604,0.03333333333333333
179.14150795006455,-22.566685202533165,0.03333333333333333
179.18714985352517,-19.518859913955684,0.03333333333333333
179.20452472383027,-0.8167048589819574,0.03333333333333333
179.20840718475853,-22.74225216190734,0.03333333333333333
179.21221965636295,-20.10163794033516,0.03333333333333333
179.21292608355128,-20.101772617273184,0.03333333333333333
179.22367558185812,-21.737015696817966,0.03333333333333333
179.29940481773815,-2.686921090064285,0.03333333333333333
179.30020308582135,-1.875159806444938,0.03333333333333333
179.3008976902566,-18.202935187246958,0.03333333333333333
179.3012016296504,-2.686482916082229,0.03333333333333333
179.30895372978162,-17.15680210325376,0.03333333333333333
179.35191595889003,-22.786101353604028,0.03333333333333333
179.35476816000107,-0.7121598369585268,0.03333333333333333
179.36057503374963,-20.61207584377428,0.03333333333333333
179.36682377284328,-19.624040211696983,0.03333333333333333
179.3683970299544,-19.623686460581904,0.03333333333333333
179.39182827582027,-18.200966180136646,0.03333333333333333
179.40451295413072,-2.027027964558633,0.03333333333333333
179.4045305314517,-2.026996683135112,0.03333333333333333
179.4500979791226,1.722464633451602,0.03333333333333333
179.47609913312544,-1.6377672684560611,0.03333333333333333
179.48330697968646,0.6487646326323091,0.03333333333333333
179.48410597781225,-20.56364544839506,0.03333333333333333
179.48620454609028,-20.565663973239875,0.03333333333333333
179.53333868601857,-17.893384995930617,0.03333333333333333
179.56217242982387,-21.61773427773412,0.03333333333333333
179.59916114110445,-19.517546281041724,0.03333333333333333
179.60723954201737,-22.45309372020933,0.03333333333333333
179.6104797938352,-22.448743877884183,0.03333333333333333
179.65541635825036,-17.60134969560767,0.03333333333333333
179.66214199100975,-2.13252384921718,0.03333333333333333
179.6707461819597,-22.82727533192148,0.03333333333333333
179.6863987109898,-2.9635120277328757,0.03333333333333333
179.7142405925609,-20.41972327820616,0.03333333333333333
179.73840214610618,-19.03161755030888,0.03333333333333333
179.74095906244506,-19.03006033300532,0.03333333333333333
179.74159804249877,-19.028385819057227,0.03333333333333333
179.74240913634958,-19.02992833661004,0.03333333333333333
179.74324911733513,-19.027054167626908,0.03333333333333333
179.7442613006339,-19.02590248474305,0.03333333333333333
179.74553992479542,-19.02546883410225,0.03333333333333333
179.75185950578987,-19.022087682730177,0.03333333333333333
179.78776148082915,-2.591781885048308,0.03333333333333333
179.78904750946825,-2.5893938782802413,0.03333333333333333
179.79203079038604,-23.626077604758333,0.03333333333333333
179.7984137884446,-19.39060444004455,0.03333333333333333
179.8478669187984,-1.7228572218896734,0.03333333333333333
179.86877481235732,-19.268545889397743,0.03333333333333333
179.86969870007678,-19.33085018719533,0.03333333333333333
179.87055152576207,-19.25634139982329,0.03333333333333333
179.87125575701077,-19.263397553082772,0.03333333333333333
179.87150767203414,-19.53831649382933,0.03333333333333333
179.87217290002525,-19.267525747199524,0.03333333333333333
179.87485105832994,-19.273125365698185,0.03333333333333333
179.8751667598571,-2.7263921314909507,0.03333333333333333
179.88197321031856,-19.267683417355645,0.03333333333333333
179.88403481252752,-19.262466698808176,0.03333333333333333
179.91549594149362,-18.66412114885025,0.03333333333333333
179.93407288047914,-2.806737839991691,0.03333333333333333
179.94857873466648,-23.088208001493445,0.03333333333333333
179.95651177439538,-3.2145283425446136,0.03333333333333333
179.96556420231337,-0.650241263968691,0.03333333333333333
179.97037367971978,0.0849844532543332,0.03333333333333333
179.97117687936367,-18.719804598032454,0.03333333333333333
179.97301894613736,-23.535309753631783,0.03333333333333333
179.98751281247644,-0.5505045050160526,0.03333333333333333
179.98871674333236,-1.3279169524065164,0.03333333333333333
180.03679956161395,-22.91537638829992,0.03333333333333333
180.08253579679277,-20.802092442909533,0.03333333333333333
180.08415872887417,-1.1066153905837022,0.03333333333333333
180.08481576152255,-21.11840772459296,0.03333333333333333
180.09004805113685,-21.480879236306794,0.03333333333333333
180.0906960738449,-2.72525835885637,0.03333333333333333
180.1095757612321,-1.1019334954271696,0.03333333333333333
180.11625872120905,-3.380981852467459,0.03333333333333333
180.12595386849952,-22.596566719828928,0.03333333333333333
180.15952618608105,1.2129112212203663,0.03333333333333333
180.1668055786352,0.7021527027862068,0.03333333333333333
180.17995925401937,-2.518273874227197,0.03333333333333333
180.1873094362587,-18.995686347147792,0.03333333333333333
180.1978076966742,-3.420035887658516,0.03333333333333333
180.1988428326189,-0.02340688109002,0.03333333333333333
180.20197606458413,-0.0207076092079652,0.03333333333333333
180.20705991262736,1.425358529583363,0.03333333333333333
180.2072608689812,-0.390424106025998,0.03333333333333333
180.2142235916286,-16.85517522700741,0.03333333333333333
180.2464575946704,-1.9419892492098296,0.03333333333333333
180.25209019782352,-20.97487286420618,0.03333333333333333
180.2717639424816,0.4150046014856119,0.03333333333333333
180.2799482944338,-21.66307030417589,0.03333333333333333
180.2888869179978,-19.075854044870237,0.03333333333333333
180.292489383754,-1.2989054202518582,0.03333333333333333
180.29305577347304,-1.2960504262969996,0.03333333333333333
180.29522824339665,-1.2972657148586302,0.03333333333333333
180.300748474472,-1.2917706932397743,0.03333333333333333
180.30165937079715,-1.2963434161815524,0.03333333333333333
180.3034376150387,-1.2935099331202995,0.03333333333333333
180.3325330906773,-23.04028316473425,0.03333333333333333
180.34692325828544,0.4745788784794196,0.03333333333333333
180.3475935456244,1.896830097807272,0.03333333333333333
180.37297607596065,-23.314682978229357,0.03333333333333333
180.3738785186437,-1.751713900005253,0.03333333333333333
180.3757973073093,-18.76820776230477,0.03333333333333333
180.3769799367477,-23.31854795335849,0.03333333333333333
180.3987550704176,-0.4780807550549769,0.03333333333333333
180.4515331538732,-22.228299145745662,0.03333333333333333
180.4515577697518,-22.22837051286129,0.03333333333333333
180.46003622778284,-18.870100269365853,0.03333333333333333
180.46006145306487,-18.87215768996868,0.03333333333333333
180.4603613485204,-18.867370265024636,0.03333333333333333
180.46306050492643,-18.87467270267031,0.03333333333333333
180.4635139848257,-18.8625819554819,0.03333333333333333
180.46623334670275,-18.874490272565943,0.03333333333333333
180.4678191428082,-18.87206620305753,0.03333333333333333
180.46991285783912,-18.860057379134624,0.03333333333333333
180.47066639368427,-18.86764989585912,0.03333333333333333
180.4707539538797,-18.869071106666347,0.03333333333333333
180.4729992541083,-18.86226786400905,0.03333333333333333
180.47322728801936,-18.88582768843834,0.03333333333333333
180.47726007541223,-18.868760846298173,0.03333333333333333
180.4772638227824,-18.88438817240201,0.03333333333333333
180.47796834837104,-20.68048892847049,0.03333333333333333
180.4806328363593,-18.880180958610644,0.03333333333333333
180.48142237348915,-18.873019641423856,0.03333333333333333
180.481983657978,-18.870542013361973,0.03333333333333333
180.482084992802,-18.87855472820429,0.03333333333333333
180.4845311148264,-18.87743596736424,0.03333333333333333
180.48966805483823,1.888794412342517,0.03333333333333333
180.52810919054875,-23.051671253398336,0.03333333333333333
180.557865539026,-18.462065088744097,0.03333333333333333
180.56759024885693,-21.39225262236205,0.03333333333333333
180.63221854930023,-0.7714115974515149,0.03333333333333333
180.64557612541344,-22.442956976305407,0.03333333333333333
180.66098151470055,-17.045516701112863,0.03333333333333333
180.6718863967544,-17.93140177784671,0.03333333333333333
180.68061319451377,1.983192800651772,0.03333333333333333
180.70997875542824,0.3254128494396162,0.03333333333333333
181.11683899250028,0.6200674622939129,0.03333333333333333
181.28652026087968,0.7098655304043339,0.03333333333333333
181.31583811226784,-2.706276551980267,0.03333333333333333
181.3827045463394,0.0397042829696198,0.03333333333333333
181.4846103036316,-14.523508143595729,0.03333333333333333
181.48795258858783,-14.514333490514442,0.03333333333333333
181.5133694389368,-14.58278149614451,0.03333333333333333
181.5148248786357,-3.195871847893438,0.03333333333333333
181.5468890531529,-1.0417793978907188,0.03333333333333333
181.64854759146928,0.2478357562895848,0.03333333333333333
181.65719871162972,-14.233737092445034,0.03333333333333333
181.6572228298745,-15.28811460859046,0.03333333333333333
181.6883945898885,1.067863962914208,0.03333333333333333
181.69489010173808,0.8942715627136791,0.03333333333333333
181.71110394382373,-14.21553394093172,0.03333333333333333
181.7182733233657,-2.6999806421147747,0.03333333333333333
181.7186976775307,-2.738694674694022,0.03333333333333333
181.74058353791148,-14.364053161829498,0.03333333333333333
181.7517098625927,1.1990112046487067,0.03333333333333333
181.9802708161923,-1.937302597909384,0.03333333333333333
182.0660684142792,-1.1530069289762734,0.03333333333333333
182.13135587897463,-15.561720859979626,0.03333333333333333
182.33562177580043,-0.4820361729402547,0.03333333333333333
182.3486376178128,1.3135535481982723,0.03333333333333333
182.38402371553207,-2.8387282265792586,0.03333333333333333
182.39461212801228,-2.0092388492071205,0.03333333333333333
182.4475182969625,-1.3754679323419996,0.03333333333333333
182.5162800479878,-3.2262544358193965,0.03333333333333333
182.545072752764,-0.6527062334835679,0.03333333333333333
182.6100536766531,-0.0870043020990194,0.03333333333333333
182.63850309440232,-2.301332668522112,0.03333333333333333
182.6395145672651,-2.90032522790155,0.03333333333333333
182.64196399604003,-2.008136179241005,0.03333333333333333
182.67123076713293,-1.9013802950720544,0.03333333333333333
182.68163468989783,-0.6523719250391294,0.03333333333333333
182.693800225864,0.6445229515358195,0.03333333333333333
182.7054190742668,1.5811101973480322,0.03333333333333333
182.7055096679144,1.5811100057801974,0.03333333333333333
182.7251916641452,0.6922344551531706,0.03333333333333333
182.73687959484167,-0.9700093079815006,0.03333333333333333
182.75003051901487,-14.644940650880237,0.03333333333333333
182.7543746779469,1.3402916186010196,0.03333333333333333
182.7642593014525,2.0024733748442456,0.03333333333333333
182.7678838768784,2.0020496279146838,0.03333333333333333
182.78410026173069,-0.1138480107794423,0.03333333333333333
182.83033067404213,1.4956769448316751,0.03333333333333333
182.83085616125152,1.49851066672974,0.03333333333333333
182.83311092360503,1.4976119906564878,0.03333333333333333
182.83768185060063,1.4848971036096612,0.03333333333333333
182.8791966266737,-14.476024526455593,0.03333333333333333
182.88057196940565,-14.477406790788832,0.03333333333333333
182.88257962140156,-14.480291490504136,0.03333333333333333
182.9195330614175,-14.996704461910053,0.03333333333333333
183.04674363004372,-15.584630047010627,0.03333333333333333
183.0613723384793,0.0723961267201827,0.03333333333333333
183.06624544494187,-0.5647749352872001,0.03333333333333333
183.10416024222388,-2.867113065128086,0.03333333333333333
183.15455047449905,-2.745099638315873,0.03333333333333333
183.24909669974548,1.823100765666048,0.03333333333333333
183.26144456202715,0.7049346022395344,0.03333333333333333
183.27052753312853,-0.6503293355092394,0.03333333333333333
183.34526733455525,-2.5259673297154777,0.03333333333333333
183.3590483979413,0.0847979194808229,0.03333333333333333
183.41164031698213,-1.2934275172309344,0.03333333333333333
183.43415830944116,-3.0591089411962344,0.03333333333333333
183.45066607468812,-14.52772420569266,0.03333333333333333
183.6469096827458,-1.990114618560348,0.03333333333333333
183.76774939904607,-15.258407238092197,0.03333333333333333
183.80710798977964,-1.7782006734153235,0.03333333333333333
183.81343790615867,-1.5946745490378629,0.03333333333333333
183.815546111095,0.6513057819801585,0.03333333333333333
183.83541791166647,-14.320767958571958,0.03333333333333333
183.85588135451025,-0.2296599361684864,0.03333333333333333
183.8870343505889,0.2020904106327696,0.03333333333333333
183.91446236872125,-2.363112482714665,0.03333333333333333
183.91498135992336,-1.7565605966728817,0.03333333333333333
184.02250756103237,-2.549090956408892,0.03333333333333333
184.0314339047394,-2.4326620218980715,0.03333333333333333
184.0568057490129,-2.027252530015809,0.03333333333333333
184.0568877006338,-2.02718784577804,0.03333333333333333
184.16063186726672,-1.454328310649651,0.03333333333333333
184.16091845535,-1.44926727073654,0.03333333333333333
184.1623991099088,-1.4526209658683276,0.03333333333333333
184.21842826854345,0.1241426164932821,0.03333333333333333
184.25796032736844,-14.279177700285192,0.03333333333333333
184.3983559599813,0.6016189816506088,0.03333333333333333
184.44564666647875,-3.0238585889744214,0.03333333333333333
184.4793061376829,0.4367014816826146,0.03333333333333333
184.48006768876837,0.436823730685277,0.03333333333333333
184.4877288491,0.4314997230463169,0.03333333333333333
184.48824885201336,0.4349732022531096,0.03333333333333333
184.5002257605925,0.4326907734274652,0.03333333333333333
184.52944788519463,-3.1080109031254355,0.03333333333333333
184.565328381434,0.7056014488445845,0.03333333333333333
184.57941117761652,-14.20553320828172,0.03333333333333333
184.579419031614,-14.205547557474516,0.03333333333333333
184.64416059095723,-15.410077905248835,0.03333333333333333
184.67569397473275,0.5825383312585467,0.03333333333333333
184.6780412557741,-0.3789027209075484,0.03333333333333333
184.73251321873695,2.0005938638657152,0.03333333333333333
184.8587530278637,0.2159207316381239,0.03333333333333333
184.9269721119905,-0.3059539785935566,0.03333333333333333
184.97137095309444,1.77334461639504,0.03333333333333333
184.99042618566693,-13.042669964805958,0.03333333333333333
185.0155358422371,1.1089971952641655,0.03333333333333333
185.02374464303156,-2.8343469034488997,0.03333333333333333
185.04802604861416,1.9586348136308644,0.03333333333333333
185.0731873981188,1.0841744003746134,0.03333333333333333
185.0854226686108,0.3647725755251556,0.03333333333333333
185.11998162334305,-1.8391750369277204,0.03333333333333333
185.12122580880575,1.461086349396638,0.03333333333333333
185.1262278328599,-0.4489898505732815,0.03333333333333333
185.12660572308948,-0.4508268628498345,0.03333333333333333
185.1366205128121,-15.170152172262332,0.03333333333333333
185.18477235050364,-13.8014404612678,0.03333333333333333
185.188304360706,-13.801942020482157,0.03333333333333333
185.1884458147967,-13.807524971670318,0.03333333333333333
185.18862251846957,-13.633564351478611,0.03333333333333333
185.1891716925133,-13.802540045407628,0.03333333333333333
185.19064157939457,-13.805548194318606,0.03333333333333333
185.1917169041971,-13.8104580370046,0.03333333333333333
185.1923758727673,-13.808515763814327,0.03333333333333333
185.37906214223312,1.124474721489336,0.03333333333333333
185.39336391937871,-14.964030135530916,0.03333333333333333
185.42724151528105,0.6539417282766723,0.03333333333333333
185.4516548301256,-3.1012526534206675,0.03333333333333333
185.45169718290276,-3.101275023758129,0.03333333333333333
185.4572736096013,-0.0101288211207488,0.03333333333333333
185.458318175114,1.1303587677053748,0.03333333333333333
185.45860298395263,-2.98379523168796,0.03333333333333333
185.4599676890501,-1.8149296906385728,0.03333333333333333
185.4617296800491,0.6694986744409901,0.03333333333333333
185.48261972911095,-1.593344147053986,0.03333333333333333
185.49072949790423,0.5742717203631171,0.03333333333333333
185.51267878286703,-2.3256219511253864,0.03333333333333333
185.54176004837117,0.6884311938862104,0.03333333333333333
185.54177036953016,0.6882604240389467,0.03333333333333333
185.6020668135578,-15.195603344899336,0.03333333333333333
185.62879250205484,-15.014335751377358,0.03333333333333333
185.66389783419783,-15.486697903533098,0.03333333333333333
185.72845171221743,1.751333467060293,0.03333333333333333
185.84330648828225,-0.1338075560321897,0.03333333333333333
185.89941380345616,-0.2019209894157969,0.03333333333333333
185.937165740828,-0.801649563062302,0.03333333333333333
186.03274034466736,-15.277493980355285,0.03333333333333333
186.051943489446,0.5669364629276971,0.03333333333333333
186.05373510501755,0.5664365811554328,0.03333333333333333
186.05830752705864,0.5638418463424305,0.03333333333333333
186.08805453702857,0.3984481006440221,0.03333333333333333
186.20594378187224,-1.3464899472891518,0.03333333333333333
186.23774189388757,-14.87439196330747,0.03333333333333333
186.31544237441275,-14.90699763280423,0.03333333333333333
186.3247773709198,-14.211181838443483,0.03333333333333333
186.42807481182692,0.5727372676461775,0.03333333333333333
186.4474227096049,-1.3349274091067191,0.03333333333333333
186.4716687645916,-0.4788785197013124,0.03333333333333333
186.54479049230957,-1.302425103378908,0.03333333333333333
186.54552673687456,-1.3064405075099297,0.03333333333333333
186.548517280936,-1.3064054245270895,0.03333333333333333
186.55515575396555,-1.3050604270173294,0.03333333333333333
186.56706340869096,-0.6717248143005391,0.03333333333333333
186.59384613500987,-1.2569055014116812,0.03333333333333333
186.5943422902263,-1.2547941267807978,0.03333333333333333
186.5946956629417,-1.2534088007482242,0.03333333333333333
186.59798824693985,-1.2522238258898684,0.03333333333333333
186.6069592196776,1.267941658397558,0.03333333333333333
186.63030702150044,-15.16667449086012,0.03333333333333333
186.67269731032096,-0.3347511966887692,0.03333333333333333
186.70498945653725,-0.8371772404640253,0.03333333333333333
186.7363994947665,-0.6079389606233534,0.03333333333333333
186.76872181418656,-0.9035969224551682,0.03333333333333333
186.7689240600145,-0.9059699735306485,0.03333333333333333
186.7690053713781,-0.9061085611109012,0.03333333333333333
186.77051596149093,-0.9068589556653052,0.03333333333333333
186.77057154448408,-0.90688615372149,0.03333333333333333
186.77970923418985,1.1364780564297168,0.03333333333333333
186.81268735201184,-2.2946324077978537,0.03333333333333333
186.91521102485763,-14.209599833837048,0.03333333333333333
186.9228019236885,1.2964498055872018,0.03333333333333333
186.9416545479477,-13.90828142977416,0.03333333333333333
186.9419456708534,1.6004126119631985,0.03333333333333333
186.9424382125147,1.6010802406287117,0.03333333333333333
186.969214104529,-15.4441379680935,0.03333333333333333
187.03148244048668,-15.230917405594688,0.03333333333333333
187.04051103395196,-2.0620051809142743,0.03333333333333333
187.04052302391224,-2.061888436632588,0.03333333333333333
187.05079920247883,-0.9389199532023236,0.03333333333333333
187.0663127889704,1.828815876976476,0.03333333333333333
187.07701916092336,-0.7571874241650322,0.03333333333333333
187.12373780041744,-0.866234111145174,0.03333333333333333
187.14039243522717,-14.934544660824995,0.03333333333333333
187.152690295965,-14.574987744714058,0.03333333333333333
187.2123299648836,-2.0604233981636337,0.03333333333333333
187.21234410288605,-2.0603926030609663,0.03333333333333333
187.21391718345924,-2.441436093650128,0.03333333333333333
187.311049563872,-1.365324370079482,0.03333333333333333
187.40092405572895,-14.112818215612116,0.03333333333333333
187.4428746173404,-1.2940436874287926,0.03333333333333333
187.44305324875543,-1.2950038406448354,0.03333333333333333
187.4953452683044,0.0272052015597826,0.03333333333333333
187.68599306029083,-14.277412949256467,0.03333333333333333
187.72629290525728,0.9640254113499284,0.03333333333333333
187.7663770438953,1.6761629283838089,0.03333333333333333
187.77842356777103,-15.12102087626244,0.03333333333333333
187.95005920551247,-2.970279786813015,0.03333333333333333
188.01126587842555,0.5235179491769296,0.03333333333333333
188.02291997621788,-0.7131554478728256,0.03333333333333333
188.07312921170933,-1.531694455093577,0.03333333333333333
188.07991024127196,-0.5910161157414627,0.03333333333333333
188.0984798952765,-1.7400910842643869,0.03333333333333333
188.1083791776454,0.3676430039720532,0.03333333333333333
188.1151682339475,0.3694409863982061,0.03333333333333333
188.1152920351363,0.3660769505747708,0.03333333333333333
188.12228979814657,0.3939933570857102,0.03333333333333333
188.1243125898257,-3.061845802210383,0.03333333333333333
188.12675759229268,0.4063368965607111,0.03333333333333333
188.1507145595841,-3.310957494367809,0.03333333333333333
188.17323029456747,0.0573372798919609,0.03333333333333333
188.259106656594,-14.130416360059082,0.03333333333333333
188.31832168073203,-12.831652671730955,0.03333333333333333
188.33382252023745,-13.469024655430852,0.03333333333333333
188.35135041318068,-13.3087253063045,0.03333333333333333
188.35549646946663,-12.867005411689366,0.03333333333333333
188.45064533570337,-13.082416219148843,0.03333333333333333
189.02345125130523,-15.279978608715632,0.03333333333333333
189.07636410352973,-13.944795984132783,0.03333333333333333
189.2429513667166,-14.863335249139748,0.03333333333333333
189.2506635359381,-13.00886479687068,0.03333333333333333
189.26006228209985,-15.278740375443848,0.03333333333333333
189.4760819743164,-13.750270585053183,0.03333333333333333
189.5120948675092,-14.23899185939228,0.03333333333333333
189.5213249255269,-14.298441170437556,0.03333333333333333
189.75209871569868,-13.198738476497494,0.03333333333333333
189.7548166853688,-13.428092915728332,0.03333333333333333
189.83103561160047,-14.791965932344512,0.03333333333333333
189.8572718270861,-14.008458890286551,0.03333333333333333
189.992018659536,-14.260290731665862,0.03333333333333333
