ra,dec,sep
150.0059576216102,-45.4380117579381,0.03333333333333333
150.01402718423978,-16.368191722870087,0.03333333333333333
150.01617019238043,-10.472435857335473,0.03333333333333333
150.02266834541734,-38.791294342178766,0.03333333333333333
150.02430652185143,-31.553009436144805,0.03333333333333333
150.02706761775997,-31.543395702491217,0.03333333333333333
150.04045410113122,-18.079629880025717,0.03333333333333333
150.05155044413564,-47.23137050335367,0.03333333333333333
150.06256897485665,-41.56294464746175,0.03333333333333333
150.06380015765717,-31.039241302267826,0.03333333333333333
150.06614098142242,-39.646452843114034,0.03333333333333333
150.07750813204933,-42.90454467606679,0.03333333333333333
150.08133944968648,-38.3901467161959,0.03333333333333333
150.09023835702314,-46.36525538809229,0.03333333333333333
150.09813937933214,0.1924034740993086,0.03333333333333333
150.1112892085978,-8.239691761530343,0.03333333333333333
150.11227866690743,-26.44353203721493,0.03333333333333333
150.1150646016225,-17.473603134140543,0.03333333333333333
150.11573653529018,-5.727456453600678,0.03333333333333333
150.1175800074402,-26.3797722411351,0.03333333333333333
150.11925354935596,-38.62902264040261,0.03333333333333333
150.12647403283484,3.201916006921209,0.03333333333333333
150.12790958164987,-4.732772229762261,0.03333333333333333
150.13156651701055,-47.814739711471525,0.03333333333333333
150.13833442034127,-41.55548679860349,0.03333333333333333
150.14551813307995,-35.2092438740185,0.03333333333333333
150.1470019156888,-16.495252039386752,0.03333333333333333
150.15541221312935,-32.36770609503661,0.03333333333333333
150.1559458310058,-32.36366888109068,0.03333333333333333
150.1561019827964,-25.98285621369477,0.03333333333333333
150.15726792260526,-32.360292332704326,0.03333333333333333
150.16116992155384,-32.373852448523294,0.03333333333333333
150.16176096137656,-7.767702676794737,0.03333333333333333
150.1948877990452,-47.53328157140161,0.03333333333333333
150.1951651491032,-20.882044737349982,0.03333333333333333
150.1977775861528,-33.10848172586892,0.03333333333333333
150.20467895584443,-30.544964090090623,0.03333333333333333
150.22345918184394,-45.97158149136542,0.03333333333333333
150.23074894801272,-6.737986870192668,0.03333333333333333
150.23186205053494,-30.685003356897397,0.03333333333333333
150.23833016396196,-33.2607388877424,0.03333333333333333
150.24614431502653,3.46430477903397,0.03333333333333333
150.25043904923382,-18.43504515038217,0.03333333333333333
150.2517632604415,-46.55236861025462,0.03333333333333333
150.25825008603914,-8.825866946445421,0.03333333333333333
150.26716934670046,-33.399976834561514,0.03333333333333333
150.27650782438545,-39.5203116441509,0.03333333333333333
150.2766682515299,-35.023287295762934,0.03333333333333333
150.28779184781126,-19.441570601534337,0.03333333333333333
150.289823389112,-37.00667483486224,0.03333333333333333
150.29405271508702,-17.92227502851088,0.03333333333333333
150.2973041330792,-8.350083762409115,0.03333333333333333
150.30084253568418,0.7055495316531286,0.03333333333333333
150.30184950023943,-45.37108489720253,0.03333333333333333
150.30875297022055,-42.47418563959045,0.03333333333333333
150.30949515893633,-47.34857574296352,0.03333333333333333
150.31774435221544,-16.230285309678916,0.03333333333333333
150.31817466335724,-43.75030231482435,0.03333333333333333
150.32788270332125,-39.41887419934693,0.03333333333333333
150.32960850536898,-38.41984167401578,0.03333333333333333
150.3299410426943,-47.91493822338443,0.03333333333333333
150.33288693211637,-47.72176354037772,0.03333333333333333
150.3362799915188,-21.865092201182826,0.03333333333333333
150.34300294452984,-8.728965000896729,0.03333333333333333
150.34305416196275,-24.184322408374864,0.03333333333333333
150.35891689602002,-45.82298822152753,0.03333333333333333
150.36332741499265,-40.015131732506575,0.03333333333333333
150.36417902787448,-40.52477302967294,0.03333333333333333
150.3719778332031,-40.84153346473667,0.03333333333333333
150.37284082402925,-6.073799310045932,0.03333333333333333
150.37894374678132,-40.40263662899369,0.03333333333333333
150.3796642904637,-38.41960033456719,0.03333333333333333
150.3829599194086,-24.025782586370628,0.03333333333333333
150.39067428340292,-6.525571388919752,0.03333333333333333
150.39096932749075,-6.524095914300613,0.03333333333333333
150.39201389787095,-7.882130572619383,0.03333333333333333
150.4002559146314,-13.666528962894615,0.03333333333333333
150.4061980069312,-12.078887724896672,0.03333333333333333
150.4083198735833,-36.75155845112075,0.03333333333333333
150.4158448614562,-17.68528860711934,0.03333333333333333
150.41674528489406,-17.685492643826475,0.03333333333333333
150.42479572064113,-11.043893987729314,0.03333333333333333
150.43616213939603,-10.05190916266591,0.03333333333333333
150.44330135993783,-23.173862289410675,0.03333333333333333
150.44599890192598,-34.11648516767092,0.03333333333333333
150.45138816107453,-12.89518970196198,0.03333333333333333
150.45553281590728,-19.94058909441449,0.03333333333333333
150.45731184493147,-19.941567026452137,0.03333333333333333
150.45857330900256,-19.94248088033612,0.03333333333333333
150.4616783712714,-33.29901344141475,0.03333333333333333
150.46292490320673,-14.079197064235691,0.03333333333333333
150.46535493985334,-45.611817583607646,0.03333333333333333
150.4702624682816,-30.135652728878156,0.03333333333333333
150.47435435934153,-20.881187845331503,0.03333333333333333
150.477365078257,-24.377932572283253,0.03333333333333333
150.48829114231447,-30.01890369744891,0.03333333333333333
150.49205108511524,-32.64981804916812,0.03333333333333333
150.4951736337031,-43.86002183871083,0.03333333333333333
150.50073180839618,-34.2835332415311,0.03333333333333333
150.50453409693452,-26.946655145654887,0.03333333333333333
150.51920444796372,-13.398214666505911,0.03333333333333333
150.52308034709242,-34.256507140933074,0.03333333333333333
150.52692057188546,-32.880333295229626,0.03333333333333333
150.52853172463816,-36.506966469988974,0.03333333333333333
150.53354921380995,-14.22969714399168,0.03333333333333333
150.54374474528237,-38.076042903694,0.03333333333333333
150.5450602005177,-44.23758379381672,0.03333333333333333
150.54826678108438,-46.87952168546175,0.03333333333333333
150.54887788731048,-19.426983577758755,0.03333333333333333
150.5497549321913,-43.42808768117176,0.03333333333333333
150.55927817023243,-9.89776777324149,0.03333333333333333
150.56596957389203,-0.1821573352244082,0.03333333333333333
150.56804037982894,-5.233680212154345,0.03333333333333333
150.57273649863683,-28.960451512081494,0.03333333333333333
150.57449037365305,-23.181331797832584,0.03333333333333333
150.58773900164422,-45.77956875666982,0.03333333333333333
150.58901003636473,-41.21194901380294,0.03333333333333333
150.58994296358924,-11.917917912102489,0.03333333333333333
150.5939750576882,-42.823673313915904,0.03333333333333333
150.5941919049329,-31.45543699805374,0.03333333333333333
150.5952757766301,-31.12330960695274,0.03333333333333333
150.59617677025813,-41.11753770403418,0.03333333333333333
150.59761429022888,-38.41473129510657,0.03333333333333333
150.60298655942006,-26.502836004646174,0.03333333333333333
150.6057355105053,1.3268834909408125,0.03333333333333333
150.60634499277262,-30.970155549016383,0.03333333333333333
150.6065966983147,-44.92188940690156,0.03333333333333333
150.60918239634833,-38.41590128415778,0.03333333333333333
150.61037325082964,-14.73119155584004,0.03333333333333333
150.6152535609104,-10.604399909568173,0.03333333333333333
150.61895244904258,-32.93824162630565,0.03333333333333333
150.61916310297988,-43.85973071301474,0.03333333333333333
150.6238981719273,-24.56837629133192,0.03333333333333333
150.62428247981035,-37.47579257022701,0.03333333333333333
150.63392842545062,-16.685488849694114,0.03333333333333333
150.63753682357796,-10.09402684742205,0.03333333333333333
150.63825900653163,3.999932895997915,0.03333333333333333
150.64122376294057,-45.047717919396014,0.03333333333333333
150.6433205610361,-6.380812015553711,0.03333333333333333
150.64569703012455,-6.031650158349773,0.03333333333333333
150.64877053286628,-33.85234908682475,0.03333333333333333
150.65352373367662,-8.57744527896172,0.03333333333333333
150.6551661345268,-44.74967634027131,0.03333333333333333
150.6613029459264,-45.49829273146848,0.03333333333333333
150.66354117951985,-26.316670184818975,0.03333333333333333
150.66904327121975,-5.339130259517758,0.03333333333333333
150.66931272427547,-46.72593143698115,0.03333333333333333
150.67034166305828,-27.92767802991781,0.03333333333333333
150.67911420700142,-45.02617112548652,0.03333333333333333
150.683816902684,-31.045407808904343,0.03333333333333333
150.6868461366635,-38.416144447254034,0.03333333333333333
150.6881086331199,-37.18517603812086,0.03333333333333333
150.6883858861577,-12.818730613123854,0.03333333333333333
150.69532980786036,-5.917147081536486,0.03333333333333333
150.69603649365715,-26.160261076754253,0.03333333333333333
150.7034540615499,-44.95525820793308,0.03333333333333333
150.70934345154822,-37.89274184794586,0.03333333333333333
150.70974953472248,-26.159000043922344,0.03333333333333333
150.71018136760384,-26.14616491471617,0.03333333333333333
150.71216009419967,-26.15883102957824,0.03333333333333333
150.71336939850826,-27.494728746921933,0.03333333333333333
150.71541379440268,-26.162380427793064,0.03333333333333333
150.71541636257092,-27.097893479749743,0.03333333333333333
150.7159322821982,-26.15665080119176,0.03333333333333333
150.7278728767585,-26.149887286064303,0.03333333333333333
150.7293139040232,-35.810949307666704,0.03333333333333333
150.7293558570644,-26.15104444910417,0.03333333333333333
150.73114574919805,-26.14972099994029,0.03333333333333333
150.7323962374542,-47.90474205249542,0.03333333333333333
150.73271994052976,-31.77642540501818,0.03333333333333333
150.73295648683586,-24.73161392087196,0.03333333333333333
150.73394522267333,-46.085466350275134,0.03333333333333333
150.7346337031606,-26.14957887246477,0.03333333333333333
150.74720759072045,-14.533429600320265,0.03333333333333333
150.7477842615568,-26.14623490714214,0.03333333333333333
150.74781937989135,-26.146224890426577,0.03333333333333333
150.74797496293135,-26.1513865049072,0.03333333333333333
150.7511402670907,-26.1484608569593,0.03333333333333333
150.75215243728613,-41.1157467785099,0.03333333333333333
150.75460317913436,-26.149859116802187,0.03333333333333333
150.75482626639433,-26.1427614722602,0.03333333333333333
150.75873809239062,-26.149651149010563,0.03333333333333333
150.75937312284233,-35.981778650175954,0.03333333333333333
150.76430780054736,-26.15439518445379,0.03333333333333333
150.76846564828605,-26.000826672012952,0.03333333333333333
150.7687797537192,-19.82725437530812,0.03333333333333333
150.77354600624287,-30.943630313647997,0.03333333333333333
150.77554625979818,-30.945972553528733,0.03333333333333333
150.78539862867655,-27.646186849720443,0.03333333333333333
150.78584556846346,-21.440884622598723,0.03333333333333333
150.78630096510116,-8.783890242314508,0.03333333333333333
150.7952380926475,-10.56984698653009,0.03333333333333333
150.79589399827708,-42.82070841292938,0.03333333333333333
150.80343234878814,-26.16595408268915,0.03333333333333333
150.8045383559092,-38.414679371171744,0.03333333333333333
150.80498909198357,-43.21404184126272,0.03333333333333333
150.8061294631841,-29.76604247846644,0.03333333333333333
150.81269716967137,-5.9091034216348906,0.03333333333333333
150.8144972646276,2.095595644257117,0.03333333333333333
150.8188479921272,-34.28556774606342,0.03333333333333333
150.82200480098675,-21.42756401974749,0.03333333333333333
150.8235011834385,-26.167151664932163,0.03333333333333333
150.82446414414133,-44.20268336134807,0.03333333333333333
150.82568925074676,-39.376715217563984,0.03333333333333333
150.84023210052982,-13.921138796249693,0.03333333333333333
150.84520145161733,-36.76957552461777,0.03333333333333333
150.84845654399967,-47.17384986566022,0.03333333333333333
150.84900399692182,-37.05064249763393,0.03333333333333333
150.85882729449813,-29.452282736390227,0.03333333333333333
150.85891655746332,-29.61128437953959,0.03333333333333333
150.86159910127986,-31.376120787036825,0.03333333333333333
150.86576156059832,-47.847173268370575,0.03333333333333333
150.88237686191806,-47.08756605873573,0.03333333333333333
150.88988399040144,-24.569277423082607,0.03333333333333333
150.89080632310225,-15.674413651114012,0.03333333333333333
150.8924505232615,-34.64619121381974,0.03333333333333333
150.90428958980084,-26.487201095311622,0.03333333333333333
150.90756337209064,-15.509102052431473,0.03333333333333333
150.9110570634915,-27.554002785137584,0.03333333333333333
150.91189954316815,-27.031691920239435,0.03333333333333333
150.9135569739927,-27.03361396308012,0.03333333333333333
150.9175279840115,-41.10794300955151,0.03333333333333333
150.92307160160934,-42.59831168761964,0.03333333333333333
150.9246975604601,-15.135802684821307,0.03333333333333333
150.9277345245842,-46.63008761317899,0.03333333333333333
150.93424165776338,-39.32768564855287,0.03333333333333333
150.9377314328984,-27.017622180579032,0.03333333333333333
150.94217714262408,-34.85828588066847,0.03333333333333333
150.94410537565264,-39.39565575205655,0.03333333333333333
150.94489649732506,-44.85149538085336,0.03333333333333333
150.94816239603253,-27.236338666065752,0.03333333333333333
150.95540219839006,-26.618274731869697,0.03333333333333333
150.95569159922397,-15.50892003072731,0.03333333333333333
150.96798139179825,-31.41348352964001,0.03333333333333333
150.96817178774404,-44.538559187871726,0.03333333333333333
150.97199652783831,-44.53471803880584,0.03333333333333333
150.9738275772832,-44.53623169585904,0.03333333333333333
150.97396934960966,-27.56762752319512,0.03333333333333333
150.97444955969056,-39.325315116316375,0.03333333333333333
150.98359084625665,-11.074830201571784,0.03333333333333333
150.98476843363184,-43.81662403557889,0.03333333333333333
150.98485005243558,-21.317843369426384,0.03333333333333333
150.98654146362537,-42.58880971803862,0.03333333333333333
150.99822578410868,-17.51503640940903,0.03333333333333333
150.9998372296612,-25.977667504375457,0.03333333333333333
151.00097267450386,-33.434716587194075,0.03333333333333333
151.00520936177517,-6.467559861631049,0.03333333333333333
151.00745836433958,-25.851413186437117,0.03333333333333333
151.0233860197905,-33.00909967354696,0.03333333333333333
151.02433102653234,-28.95535129008018,0.03333333333333333
151.02699902735955,-29.809157668119884,0.03333333333333333
151.0286357717961,-22.06951937399217,0.03333333333333333
151.03351773496917,3.428310506833621,0.03333333333333333
151.0360280005453,-33.552023912203005,0.03333333333333333
151.03837269015386,-37.29947187912278,0.03333333333333333
151.04010913157202,-17.524856890868264,0.03333333333333333
151.04070907234865,-37.30583338873559,0.03333333333333333
151.042432127172,-17.525651112456977,0.03333333333333333
151.04596496724682,-32.8619337309773,0.03333333333333333
151.0472398027255,-6.53299742058619,0.03333333333333333
151.0497906528251,-44.92705344874943,0.03333333333333333
151.05256539593745,-36.9985412878756,0.03333333333333333
151.05428323986797,-27.81224646164244,0.03333333333333333
151.05726794621046,-47.07188406954049,0.03333333333333333
151.05985287595374,-41.10718636423782,0.03333333333333333
151.06066603646372,-38.28509243493566,0.03333333333333333
151.0617684642554,-38.04856486539376,0.03333333333333333
151.06366882818486,-46.99319089708017,0.03333333333333333
151.07744426673176,-6.746026930581473,0.03333333333333333
151.0827329372396,-44.425732478471055,0.03333333333333333
151.08766992244912,-43.75758046046667,0.03333333333333333
151.08827266145352,-43.79338400434213,0.03333333333333333
151.09317200168718,-32.43900502355144,0.03333333333333333
151.0942134651743,-43.66716714815879,0.03333333333333333
151.09682582912777,-28.441612897100143,0.03333333333333333
151.09742686748538,-39.80226512833489,0.03333333333333333
151.0988674326954,-40.24150731294692,0.03333333333333333
151.10450960812952,-46.5768935698975,0.03333333333333333
151.10456817338925,-19.53758156563571,0.03333333333333333
151.1128838233346,-15.609074529776462,0.03333333333333333
151.11351877372613,-41.40734137739182,0.03333333333333333
151.11818760714593,-28.44759193161512,0.03333333333333333
151.1191497972887,-43.89433619367083,0.03333333333333333
151.12229888327076,-43.82702168280765,0.03333333333333333
151.1224700663634,-25.579996803664308,0.03333333333333333
151.1242399509688,-10.083671525803055,0.03333333333333333
151.12527998994892,-45.782744091632274,0.03333333333333333
151.12760452164986,-37.04791696044248,0.03333333333333333
151.1289103277865,-47.352900972482,0.03333333333333333
151.13180271709967,-5.892085950844903,0.03333333333333333
151.14568695832713,-12.403767979190572,0.03333333333333333
151.14592882434772,-47.98022191936816,0.03333333333333333
151.14627704498264,-27.94600485336974,0.03333333333333333
151.14726632225646,-45.08488556331601,0.03333333333333333
151.1546734919222,-42.85185757818716,0.03333333333333333
151.15982384021328,-44.13133081726068,0.03333333333333333
151.16114583386556,-32.58374029636766,0.03333333333333333
151.1687963069213,-47.12474433880399,0.03333333333333333
151.17033488969912,2.972473152807248,0.03333333333333333
151.17524744117105,-43.90666691755669,0.03333333333333333
151.1816323558398,-38.074675647398855,0.03333333333333333
151.18815228762202,-20.83954338638149,0.03333333333333333
151.19012470809136,-13.64788255940528,0.03333333333333333
151.1950860636298,-13.648124631300687,0.03333333333333333
151.19508897588338,-13.652201417506078,0.03333333333333333
151.19810549332703,-16.29311761033172,0.03333333333333333
151.2014148521773,-25.97841826473804,0.03333333333333333
151.21400658518448,-45.30291220042275,0.03333333333333333
151.2150978206077,-46.57485127848498,0.03333333333333333
151.21750974885683,0.7075144564777507,0.03333333333333333
151.21752877479028,0.7074719155780307,0.03333333333333333
151.2187936612018,-43.77717512666225,0.03333333333333333
151.22114792064494,-35.63835748090236,0.03333333333333333
151.22186813213497,-35.18925627635001,0.03333333333333333
151.22559446212617,-37.58238984493466,0.03333333333333333
151.22884897893928,-5.884141564928363,0.03333333333333333
151.23533027074285,-14.997677590905443,0.03333333333333333
151.2367140771794,-10.159438711697543,0.03333333333333333
151.237136558262,-43.49419212421287,0.03333333333333333
151.23737986421244,2.4846568157522744,0.03333333333333333
151.23903939070942,-14.957419159180896,0.03333333333333333
151.2397886276733,-41.33872272724285,0.03333333333333333
151.24454603615231,-33.20352068830855,0.03333333333333333
151.2457113034774,-33.2036393221205,0.03333333333333333
151.25386305934282,-41.39411902897829,0.03333333333333333
151.25799462808533,-38.8843162468532,0.03333333333333333
151.25928447213713,-46.897325213309614,0.03333333333333333
151.26717433571534,-6.078383816546111,0.03333333333333333
151.28177755454738,-7.926886396363691,0.03333333333333333
151.28199229547042,-19.85840135525412,0.03333333333333333
151.28286671900932,-8.512947035164837,0.03333333333333333
151.2913854260754,-41.32218134140206,0.03333333333333333
151.29612573430762,-43.83652905507753,0.03333333333333333
151.2967113654461,-25.71593567676084,0.03333333333333333
151.30023662951837,-42.01109998882843,0.03333333333333333
151.30359842316446,-27.4449582771804,0.03333333333333333
151.30584173479346,-41.9965665159918,0.03333333333333333
151.305949627504,-41.99738416955361,0.03333333333333333
151.30719766011575,-25.958413154959192,0.03333333333333333
151.30947316770684,-38.40037260284846,0.03333333333333333
151.3125969869721,-30.89215409333009,0.03333333333333333
151.3176380118942,-8.9510535919807,0.03333333333333333
151.3200349910217,-42.63333444202814,0.03333333333333333
151.32151571856605,1.637645602009373,0.03333333333333333
151.32213147773072,1.639363549720132,0.03333333333333333
151.32858858092473,-47.80009812901738,0.03333333333333333
151.3300957443001,-45.95041091657647,0.03333333333333333
151.33320686638874,-17.014160498775645,0.03333333333333333
151.33526050655806,-43.75536789679664,0.03333333333333333
151.3406225256536,-30.219018840987065,0.03333333333333333
151.34451453889963,-31.10180775418276,0.03333333333333333
151.3470357108798,-43.03423717227212,0.03333333333333333
151.3633169002765,-32.13468209525603,0.03333333333333333
151.36878333879326,-38.12502118371568,0.03333333333333333
151.3716220879299,-38.12468255719247,0.03333333333333333
151.37459804290063,-7.178459449693508,0.03333333333333333
151.37732006315076,-40.3650846699546,0.03333333333333333
151.3870376926458,-38.02245926139251,0.03333333333333333
151.38714957225196,-46.84466853099728,0.03333333333333333
151.4010608007532,-5.7496889998343175,0.03333333333333333
151.40937291209644,-43.82591778557802,0.03333333333333333
151.40945251505772,-30.84213553398636,0.03333333333333333
151.41060489683375,-28.450507428505603,0.03333333333333333
151.41455454294217,-28.44519559181481,0.03333333333333333
151.41615609736436,-28.44331719960968,0.03333333333333333
151.41616300935794,4.154090690739466,0.03333333333333333
151.41817644685713,-39.47329396428152,0.03333333333333333
151.41950455596918,-28.41599047173475,0.03333333333333333
151.42284618003984,-37.08553923899779,0.03333333333333333
151.42770081342852,-19.614981356689704,0.03333333333333333
151.43105621321723,-33.377966545614974,0.03333333333333333
151.43483507016276,-46.945259637456616,0.03333333333333333
151.43625207861217,-46.529091631849504,0.03333333333333333
151.43677112272033,-44.36140692726743,0.03333333333333333
151.43944948967368,-44.35664815997231,0.03333333333333333
151.440107850861,-11.86972093295442,0.03333333333333333
151.44028216685064,-23.83051899079528,0.03333333333333333
151.44263652418613,-36.89055754799456,0.03333333333333333
151.4448260941076,-44.35659975928544,0.03333333333333333
151.44657483878524,-44.36247273833363,0.03333333333333333
151.44714737014888,-44.3557781143917,0.03333333333333333
151.44784488907527,-42.1406055255768,0.03333333333333333
151.4516740219284,-41.71207695953476,0.03333333333333333
151.45184257980517,-21.265126678542966,0.03333333333333333
151.452713699265,-40.48776661073448,0.03333333333333333
151.4530384083154,-44.35783836631764,0.03333333333333333
151.45324534546964,-17.43101730158888,0.03333333333333333
151.454118968966,-41.71298525829492,0.03333333333333333
151.45412846933957,-29.326743572430757,0.03333333333333333
151.45414160514633,-25.696413891290412,0.03333333333333333
151.45629335981215,-18.240659242262,0.03333333333333333
151.46046729561297,-44.22253823581688,0.03333333333333333
151.46046729561297,-44.22253823581688,0.03333333333333333
151.46128798345356,-9.216943657466429,0.03333333333333333
151.46279693331252,-6.484298645481855,0.03333333333333333
151.46705616820486,-41.2741326510947,0.03333333333333333
151.47291459873418,-37.18110965279482,0.03333333333333333
151.47410138577814,-19.58118024307849,0.03333333333333333
151.4741576803664,-19.58111305087112,0.03333333333333333
151.47690564874628,-31.007483572038534,0.03333333333333333
151.4818985747557,-6.491748332744067,0.03333333333333333
151.48239549436846,-38.02180895602918,0.03333333333333333
151.494198874988,2.98683485363518,0.03333333333333333
151.49610564839182,-27.36857311913089,0.03333333333333333
151.4991683976794,-43.856011702767816,0.03333333333333333
151.49996349684463,-40.968066831424736,0.03333333333333333
151.50244198155744,-16.123042934017047,0.03333333333333333
151.50298579722073,-16.127477452533682,0.03333333333333333
151.51334251578416,-43.41649725038265,0.03333333333333333
151.51873859815822,-6.883402613524509,0.03333333333333333
151.52282823303076,-33.2753071208131,0.03333333333333333
151.52335579734944,-44.16054904532799,0.03333333333333333
151.52447441032797,-44.56480949729393,0.03333333333333333
151.53577166930958,-42.366641318626215,0.03333333333333333
151.536149151917,-45.673733162367405,0.03333333333333333
151.54727970750506,-31.03079236409532,0.03333333333333333
151.55978082510052,-38.399062545699,0.03333333333333333
151.56709991080135,-47.21346989896277,0.03333333333333333
151.56883775320105,-33.10764654698329,0.03333333333333333
151.5697937767199,-19.04409688018213,0.03333333333333333
151.57165594109023,-6.5743506042744455,0.03333333333333333
151.5786548327447,-44.14446086991296,0.03333333333333333
151.59250580663203,-26.832557861011036,0.03333333333333333
151.59563071852426,-24.48508161702202,0.03333333333333333
151.59563071852426,-24.48508161702202,0.03333333333333333
151.59563071852426,-24.48508161702202,0.03333333333333333
151.59563071852426,-24.48508161702202,0.03333333333333333
151.59688428951543,-20.49740210444261,0.03333333333333333
151.6019546346748,-32.928733426578184,0.03333333333333333
151.6070641539109,-25.143408800831267,0.03333333333333333
151.60761233641128,-18.273925463582696,0.03333333333333333
151.61968385682417,-37.77847610166831,0.03333333333333333
151.6210181286325,-43.361236672069246,0.03333333333333333
151.6271829322532,-30.849147389218707,0.03333333333333333
151.63025806457276,-35.22508960927047,0.03333333333333333
151.63078465018722,-32.04330204360609,0.03333333333333333
151.63078562212715,-35.65435130539076,0.03333333333333333
151.63217916768284,-47.85280312646909,0.03333333333333333
151.63902577766424,-29.93550371363763,0.03333333333333333
151.6406250351438,-43.11899061663946,0.03333333333333333
151.64125084856218,-29.93654830008841,0.03333333333333333
151.64347439708197,-47.77355952014637,0.03333333333333333
151.6495798127723,-37.03079045039749,0.03333333333333333
151.65069547344336,-33.32116194038421,0.03333333333333333
151.65320875750623,-19.22447123376561,0.03333333333333333
151.65343700493108,-43.43393183238747,0.03333333333333333
151.65345533201986,-19.230619653989603,0.03333333333333333
151.6544126801344,-19.23581548801037,0.03333333333333333
151.6670582537159,-44.10470921178905,0.03333333333333333
151.66832459031616,-27.65210867400134,0.03333333333333333
151.66857188156308,-19.236484951246084,0.03333333333333333
151.6699323114353,-29.9674390940631,0.03333333333333333
151.67380369044594,-19.22202508669849,0.03333333333333333
151.67698910348983,-43.86933838477967,0.03333333333333333
151.67972388609223,-24.61709943278838,0.03333333333333333
151.68718535621355,-21.8706072975499,0.03333333333333333
151.68720550396534,-21.870570833184267,0.03333333333333333
151.6887984038637,-27.551714315679234,0.03333333333333333
151.69453292270376,-46.596953747735,0.03333333333333333
151.70708950334125,-40.97280871842887,0.03333333333333333
151.71119652502028,-32.48735836831014,0.03333333333333333
151.71160029192848,-7.504802484693967,0.03333333333333333
151.71425795407222,-42.918441580763854,0.03333333333333333
151.71609317760365,-45.20662301968128,0.03333333333333333
151.71614831690124,-21.43234505618269,0.03333333333333333
151.72227047025876,-21.919115277643016,0.03333333333333333
151.729127883623,-25.29048982048421,0.03333333333333333
151.73651108239895,-25.292007466679063,0.03333333333333333
151.7371493495479,-45.04838353200538,0.03333333333333333
151.7374729661042,-25.292969120334117,0.03333333333333333
151.74104741409303,-40.428569826133824,0.03333333333333333
151.7447846287751,-40.4433163332109,0.03333333333333333
151.7460840358173,-40.45040904572397,0.03333333333333333
151.75281728947218,-27.66071163686744,0.03333333333333333
151.77241419892886,-31.534818079867687,0.03333333333333333
151.77572715029186,-34.87669820959609,0.03333333333333333
151.7783545832089,-32.554951010277364,0.03333333333333333
151.78928216400945,-38.90336837305533,0.03333333333333333
151.78937012060734,-27.23229838433283,0.03333333333333333
151.79039925477394,-22.29373586740136,0.03333333333333333
151.79527809719292,-33.373764693024256,0.03333333333333333
151.79613569006344,-19.06794716771129,0.03333333333333333
151.80983377170364,-45.658894262148245,0.03333333333333333
151.81251528134305,-20.62451388430754,0.03333333333333333
151.8141906013743,-45.97595061722424,0.03333333333333333
151.81830923029722,-16.265317436120654,0.03333333333333333
151.82030878164647,-27.94361865123108,0.03333333333333333
151.82572979436222,-33.69794347874414,0.03333333333333333
151.82990974404962,-9.07916874613716,0.03333333333333333
151.83334031277786,-8.577521587811994,0.03333333333333333
151.84275961294793,-38.33830881113229,0.03333333333333333
151.84545518037723,-46.83580960987291,0.03333333333333333
151.8513243910857,-9.022072405109732,0.03333333333333333
151.85280483099615,-34.26870247832638,0.03333333333333333
151.85805772478085,-18.87879270400827,0.03333333333333333
151.85994170161493,-30.873457470528347,0.03333333333333333
151.863516303881,-31.9241460721396,0.03333333333333333
151.86996054518812,-32.05568513443712,0.03333333333333333
151.8708726412487,-21.7250381049027,0.03333333333333333
151.89099681523237,-30.32206607484225,0.03333333333333333
151.8927103849637,-6.522924115448877,0.03333333333333333
151.894380024813,-20.292330786813192,0.03333333333333333
151.894397417937,-20.29234976425421,0.03333333333333333
151.8952309395377,-6.521307070009873,0.03333333333333333
151.89782801832175,-21.934372582946477,0.03333333333333333
151.90120184983158,-31.52395659642899,0.03333333333333333
151.90215708848592,-47.85904012642325,0.03333333333333333
151.9051527398329,-20.76455499386475,0.03333333333333333
151.90515660299138,-20.76458476645836,0.03333333333333333
151.91210721807997,-47.64942777155289,0.03333333333333333
151.91714192302516,-43.851952675533454,0.03333333333333333
151.91775120601787,-46.84974643577024,0.03333333333333333
151.91791072600722,-14.661325722185271,0.03333333333333333
151.92635729368226,-28.434829238684017,0.03333333333333333
151.9279336044787,-37.36866612806248,0.03333333333333333
151.92946041379395,-39.20426213728389,0.03333333333333333
151.9353655664086,-37.44628665527532,0.03333333333333333
151.93867457205886,-44.74050944738162,0.03333333333333333
151.94928539090165,-20.638921851605037,0.03333333333333333
151.95091327247826,-20.80647853220776,0.03333333333333333
151.96149698098412,-36.77286024229797,0.03333333333333333
151.96218161312382,-5.841644103099236,0.03333333333333333
151.9705689130764,-6.655952827896736,0.03333333333333333
151.97208849564197,-36.21400834487692,0.03333333333333333
151.97216552944764,-45.52751731754542,0.03333333333333333
151.9860003753124,-46.45429685517875,0.03333333333333333
151.987607217985,-31.05065998656813,0.03333333333333333
151.9968151080678,-43.289398354410366,0.03333333333333333
151.99957510864044,-25.748810088947412,0.03333333333333333
152.0317240318161,-33.51133376301653,0.03333333333333333
152.03460812328498,-6.9392732500739625,0.03333333333333333
152.04483687127907,-33.517284694292314,0.03333333333333333
152.0497630942934,-6.70491049274524,0.03333333333333333
152.05113351914832,-24.67855523810297,0.03333333333333333
152.06901377385927,-37.9649580403838,0.03333333333333333
152.07317033778824,-35.215009336883035,0.03333333333333333
152.090281229931,-42.95737749867141,0.03333333333333333
152.09163831253173,-18.856534953974155,0.03333333333333333
152.09172791204222,-14.810029537324146,0.03333333333333333
152.09244557889758,-18.855645526199307,0.03333333333333333
152.0945553806294,-38.35982120871687,0.03333333333333333
152.09927004971996,-33.74140688116205,0.03333333333333333
152.11333166259143,-42.1819735467966,0.03333333333333333
152.12536783724758,-26.359156873827526,0.03333333333333333
152.1270938031019,-45.71265105255089,0.03333333333333333
152.1349776235732,-47.78631844075834,0.03333333333333333
152.1358877743279,-21.71816610963097,0.03333333333333333
152.13849511429348,-19.623063309986374,0.03333333333333333
152.14026473223666,-30.877857153022987,0.03333333333333333
152.1406856717918,-30.879039966181992,0.03333333333333333
152.14942528629038,-21.660979463820848,0.03333333333333333
152.15545487394067,-44.07839423861108,0.03333333333333333
152.15615897455504,-5.688186762952681,0.03333333333333333
152.16108097972847,-25.235685623163924,0.03333333333333333
152.17320455497682,-7.019125066799837,0.03333333333333333
152.17322554766295,-43.58727632673664,0.03333333333333333
152.18055949154692,-30.140915472968228,0.03333333333333333
152.18730506323217,-46.97459791235613,0.03333333333333333
152.1960849954758,-24.06637415822164,0.03333333333333333
152.1960849954758,-24.06637415822164,0.03333333333333333
152.1960849954758,-24.06637415822164,0.03333333333333333
152.1960849954758,-24.06637415822164,0.03333333333333333
152.19794924005208,-43.05604137553939,0.03333333333333333
152.19888812686344,-43.05332579947987,0.03333333333333333
152.2100510867782,-47.89021207240541,0.03333333333333333
152.223208781015,-45.91433260959066,0.03333333333333333
152.22426663576783,-46.71638139103745,0.03333333333333333
152.24040068736403,-31.841943505173628,0.03333333333333333
152.25823650716225,-37.02899979743824,0.03333333333333333
152.2596636585077,-24.436836397196856,0.03333333333333333
152.2596636585077,-24.436836397196856,0.03333333333333333
152.2596636585077,-24.436836397196856,0.03333333333333333
152.2596636585077,-24.436836397196856,0.03333333333333333
152.2653894990109,-29.07473779165662,0.03333333333333333
152.26739905741405,-29.0383300492644,0.03333333333333333
152.2735409393864,-29.02776003450708,0.03333333333333333
152.27707971910212,-18.261307110082832,0.03333333333333333
152.28107723651763,-30.13927230124429,0.03333333333333333
152.28202446279917,-9.642940454369674,0.03333333333333333
152.2917130570073,-9.11195649695516,0.03333333333333333
152.29398297233232,-33.75342079336629,0.03333333333333333
152.29597082811318,-30.13967001641207,0.03333333333333333
152.30193076524768,-29.06911802056138,0.03333333333333333
152.3024564404676,-47.3095347910388,0.03333333333333333
152.30305210039353,-14.60202667367204,0.03333333333333333
152.30756133387325,-43.00250347539357,0.03333333333333333
152.30825568476504,-43.00282355822265,0.03333333333333333
152.32251282977938,-32.89640361365824,0.03333333333333333
152.32401658754335,-21.28425540632713,0.03333333333333333
152.33736028267197,-18.90892801611521,0.03333333333333333
152.3388977321178,-43.32801654411058,0.03333333333333333
152.33934023533502,-39.10173684984628,0.03333333333333333
152.3405872031565,-42.49351402650075,0.03333333333333333
152.34433312857436,-41.331860277074405,0.03333333333333333
152.35020723604904,-34.27779439733173,0.03333333333333333
152.35129854242618,-42.88602286406542,0.03333333333333333
152.3568279242654,-43.52556041285288,0.03333333333333333
152.36495590506948,-45.87325560255219,0.03333333333333333
152.374342201502,-47.466407070046046,0.03333333333333333
152.38017893701422,-21.662700412557097,0.03333333333333333
152.38418637734998,-14.960357390681112,0.03333333333333333
152.38963955642535,-17.74138665576919,0.03333333333333333
152.38992801237265,-47.150782739991264,0.03333333333333333
152.3970941372511,-33.76963622150523,0.03333333333333333
152.40064265681505,-44.1589715877771,0.03333333333333333
152.4031395940185,-30.31312826000921,0.03333333333333333
152.40314645958355,-7.926777784648503,0.03333333333333333
152.41060284338425,-26.733834786971588,0.03333333333333333
152.41079789103907,-24.59202306391759,0.03333333333333333
152.4140213001734,-25.97978817433225,0.03333333333333333
152.4143685493894,-44.26604082633392,0.03333333333333333
152.41523489388604,-27.17061019366204,0.03333333333333333
152.43253303244373,-36.7737535367255,0.03333333333333333
152.43590377024802,-27.77330526238996,0.03333333333333333
152.44917088618442,-37.51780028871566,0.03333333333333333
152.45006364699344,-46.05553279301754,0.03333333333333333
152.4519928675488,-43.60176610847857,0.03333333333333333
152.4594322607411,-35.462014678338335,0.03333333333333333
152.46049660890685,-38.71270197067318,0.03333333333333333
152.4655477153609,-24.67093011571184,0.03333333333333333
152.46565568651062,-23.78021066248567,0.03333333333333333
152.46565568651062,-23.78021066248567,0.03333333333333333
152.46565568651062,-23.78021066248567,0.03333333333333333
152.46565568651062,-23.78021066248567,0.03333333333333333
152.4675238939914,-16.028878465056383,0.03333333333333333
152.47087719316963,-37.13617816316986,0.03333333333333333
152.47942164635575,-14.620878127755237,0.03333333333333333
152.48015009360023,-46.37643828069124,0.03333333333333333
152.48711823948125,-41.37385588370712,0.03333333333333333
152.49221843803545,-41.63448742919429,0.03333333333333333
152.49472827763157,-20.516514889740176,0.03333333333333333
152.5048327266668,-21.804380716176748,0.03333333333333333
152.50775032553403,-45.18690778728071,0.03333333333333333
152.52806643607835,-45.10099041837315,0.03333333333333333
152.5295994335143,-7.00448982516761,0.03333333333333333
152.53077378374667,-34.8536928193642,0.03333333333333333
152.54356851252143,-28.76153700175888,0.03333333333333333
152.54863560509563,-34.93311787817404,0.03333333333333333
152.55081760334653,-46.07128578543204,0.03333333333333333
152.55186434368176,-46.92383523978876,0.03333333333333333
152.5579061745994,-24.71791331200884,0.03333333333333333
152.56072425296236,-36.68596460321509,0.03333333333333333
152.5704100340669,-34.263203292260684,0.03333333333333333
152.5760037657135,-28.963867944815696,0.03333333333333333
152.59194369097767,-25.139021498290298,0.03333333333333333
152.5944213327081,-5.14538550761665,0.03333333333333333
152.5984856460132,-15.8775601082563,0.03333333333333333
152.60209376051753,-7.4433982420853075,0.03333333333333333
152.6077370345946,-42.4911309448434,0.03333333333333333
152.60980506286936,-33.80292968372798,0.03333333333333333
152.61389739060738,-37.54805603930454,0.03333333333333333
152.61797816346115,-47.44959867109868,0.03333333333333333
152.62849359138082,-37.43163915914862,0.03333333333333333
152.63600606435065,-25.82450326093903,0.03333333333333333
152.63641744900335,-24.98985681816929,0.03333333333333333
152.6402767068347,-25.82855416045901,0.03333333333333333
152.6443680019863,-38.4895032699949,0.03333333333333333
152.6444631302157,-25.8186733654012,0.03333333333333333
152.64473240150602,-47.78061235945527,0.03333333333333333
152.64674340021986,-45.24735967595016,0.03333333333333333
152.65056064504137,-31.61644252339453,0.03333333333333333
152.65708335482267,-25.83037429127623,0.03333333333333333
152.65893760466605,-39.83177136312769,0.03333333333333333
152.6612336175394,-25.058554576797377,0.03333333333333333
152.66125731803388,-21.521188411913883,0.03333333333333333
152.6618506300254,-33.91769537727495,0.03333333333333333
152.66383066476237,-29.22882757749525,0.03333333333333333
152.6680536515004,-35.65768129099706,0.03333333333333333
152.6698940623723,-32.79987541255892,0.03333333333333333
152.67459553820134,-14.078912097833722,0.03333333333333333
152.67949352421388,-45.7334576161788,0.03333333333333333
152.68064849166032,-29.653235925394316,0.03333333333333333
152.68080636894956,-42.19880574759379,0.03333333333333333
152.7034547822523,-6.04043970074298,0.03333333333333333
152.7041063526759,-25.06687162881684,0.03333333333333333
152.71002820639652,-30.423435447476333,0.03333333333333333
152.7112006138961,-46.633439510303816,0.03333333333333333
152.71577475069736,-6.644207761225675,0.03333333333333333
152.71586515599603,-35.00780396726373,0.03333333333333333
152.72072672137344,-47.89135886611023,0.03333333333333333
152.72128061462064,-47.72370545023843,0.03333333333333333
152.73090372338746,-6.91498972096757,0.03333333333333333
152.73242187461688,-44.077561192535846,0.03333333333333333
152.7352343230449,-45.89474219969776,0.03333333333333333
152.73550005827877,-44.14499197406063,0.03333333333333333
152.73657172421687,-19.77844578735269,0.03333333333333333
152.7392694953405,-47.54891486048994,0.03333333333333333
152.74241219000763,-7.995592981431051,0.03333333333333333
152.74469175173098,-45.149978989013874,0.03333333333333333
152.74667331102816,-45.14951265033661,0.03333333333333333
152.74776459377148,-36.064115808007664,0.03333333333333333
152.7536131814068,-45.152557712522245,0.03333333333333333
152.75662567959094,-43.78589276391768,0.03333333333333333
152.75671518966334,-14.678304389577608,0.03333333333333333
152.7586596162104,-14.676904418251612,0.03333333333333333
152.7599446790472,-14.676065655236403,0.03333333333333333
152.76505199769636,-36.2599278252064,0.03333333333333333
152.77037475366396,-43.86541204539066,0.03333333333333333
152.77131855577318,-30.860879564387197,0.03333333333333333
152.77368180448158,-34.1475829920635,0.03333333333333333
152.77575005395292,-29.522964858151635,0.03333333333333333
152.7788065299696,-13.792336850338442,0.03333333333333333
152.7806876790175,-13.791330573594228,0.03333333333333333
152.78760079527692,-13.775264641130969,0.03333333333333333
152.7878311809513,-13.78595515124442,0.03333333333333333
152.78800257646662,-28.085913713105956,0.03333333333333333
152.78917494976116,-42.68538039975413,0.03333333333333333
152.79019465118571,-13.778949051643377,0.03333333333333333
152.79126867563463,-20.870559523696024,0.03333333333333333
152.79202779368637,-13.772836178272954,0.03333333333333333
152.79367931048486,-20.705408521521896,0.03333333333333333
152.79480183982477,-43.71954444646953,0.03333333333333333
152.80618764806343,-29.45774182077688,0.03333333333333333
152.80791521346245,-15.60433140022648,0.03333333333333333
152.80944807425496,-36.33054972228695,0.03333333333333333
152.8119917544651,-38.389155890844926,0.03333333333333333
152.81473209345606,-35.6551516204452,0.03333333333333333
152.81554842780966,-17.79902685364589,0.03333333333333333
152.81949566197284,-43.88593333218266,0.03333333333333333
152.82332262521624,-25.454068208528305,0.03333333333333333
152.83825399463385,-24.154939696753683,0.03333333333333333
152.83825399463385,-24.154939696753683,0.03333333333333333
152.83825399463385,-24.154939696753683,0.03333333333333333
152.83825399463385,-24.154939696753683,0.03333333333333333
152.84197615122403,-6.25359526432248,0.03333333333333333
152.8457058433172,-33.089990367929225,0.03333333333333333
152.85493953497948,-8.868471409150528,0.03333333333333333
152.85700644786448,-15.214439479802492,0.03333333333333333
152.8570559469138,-40.40982532038777,0.03333333333333333
152.86595003657095,-35.65662586984118,0.03333333333333333
152.8661958049882,-36.70223262483374,0.03333333333333333
152.8675687259348,-38.09722187256477,0.03333333333333333
152.86897940480603,-41.74408643675882,0.03333333333333333
152.8731249213222,-41.60177138847546,0.03333333333333333
152.88292009707868,-7.261936696507069,0.03333333333333333
152.88533866453918,-47.36401728871338,0.03333333333333333
152.8880640265428,-42.09687432852566,0.03333333333333333
152.89200273853422,-30.266360058920835,0.03333333333333333
152.8941123562463,-17.840076197048788,0.03333333333333333
152.90277045413467,-30.50292806322173,0.03333333333333333
152.9056565828898,-39.64912136184622,0.03333333333333333
152.91481418521712,-25.83561570656955,0.03333333333333333
152.91484456572522,-45.69843961531026,0.03333333333333333
152.92032373517978,-47.80379656559471,0.03333333333333333
152.92456012976024,-5.425374277669739,0.03333333333333333
152.93569155092555,-43.052996106054096,0.03333333333333333
152.93903649395236,-43.13927328471031,0.03333333333333333
152.95035199105436,-43.88914397065823,0.03333333333333333
152.95069325215027,-43.89030211373547,0.03333333333333333
152.96126161720716,-28.99768795387461,0.03333333333333333
152.96819502135014,-43.67139887912307,0.03333333333333333
152.98625296239112,-47.75926487832984,0.03333333333333333
152.98692197046674,-34.13736592976998,0.03333333333333333
153.0013106242297,-30.184336485617,0.03333333333333333
153.0033682767619,-36.95700736727947,0.03333333333333333
153.0065461786608,-32.21231525850119,0.03333333333333333
153.00779052169767,-44.79928183450262,0.03333333333333333
153.01100267220252,-47.62878234606609,0.03333333333333333
153.01229740021813,-32.47074974134508,0.03333333333333333
153.0140154103735,-32.46855221932521,0.03333333333333333
153.0176969226199,-44.249023578236525,0.03333333333333333
153.01920252023518,-43.00291118144565,0.03333333333333333
153.02259027782907,-43.11442154374547,0.03333333333333333
153.02539215706065,-42.50086112878437,0.03333333333333333
153.0396326205291,-38.88379591441486,0.03333333333333333
153.04086143483204,-8.836374205619123,0.03333333333333333
153.047582386178,-42.56385519617636,0.03333333333333333
153.05316343887603,-42.56073605000727,0.03333333333333333
153.05381657684146,-32.41507962578728,0.03333333333333333
153.0550266612804,-19.6165858062534,0.03333333333333333
153.0591473673322,-16.579447202902465,0.03333333333333333
153.06039140711908,-30.289304866178764,0.03333333333333333
153.06875058993012,-23.584061113946262,0.03333333333333333
153.06875058993012,-23.584061113946262,0.03333333333333333
153.06875058993012,-23.584061113946262,0.03333333333333333
153.06875058993012,-23.584061113946262,0.03333333333333333
153.07926515033884,-32.950503915880134,0.03333333333333333
153.0828928793765,-37.88076234165835,0.03333333333333333
153.0858527761292,-42.83441174450843,0.03333333333333333
153.08966724621115,-38.77302474826801,0.03333333333333333
153.09289255686463,-23.451887418156986,0.03333333333333333
153.09698955916008,-13.150220144703576,0.03333333333333333
153.09911030673177,-45.79633374628409,0.03333333333333333
153.10793849337057,-28.346816277718126,0.03333333333333333
153.1095998121929,-19.319738308678108,0.03333333333333333
153.12748068615284,-45.23067620136758,0.03333333333333333
153.1276046293967,-45.23066907741744,0.03333333333333333
153.12851672685855,-45.229343472933365,0.03333333333333333
153.12860151019177,-45.229367891268886,0.03333333333333333
153.13817024361688,-45.23391889640108,0.03333333333333333
153.15080873828936,-43.263968595644826,0.03333333333333333
153.15099610382924,-46.27057057831999,0.03333333333333333
153.1521351846437,-34.72470400804067,0.03333333333333333
153.1550218748335,-45.23418980942744,0.03333333333333333
153.1550572220354,-45.23404338564482,0.03333333333333333
153.16057059856962,-34.73159099574694,0.03333333333333333
153.16581503636723,-34.725269126814325,0.03333333333333333
153.17422506840924,-30.14681672110458,0.03333333333333333
153.17555716078255,-34.74107189424367,0.03333333333333333
153.1773692015818,-34.74142989727369,0.03333333333333333
153.1853476921282,-44.5779721469014,0.03333333333333333
153.1982442378898,-47.56420453243028,0.03333333333333333
153.20267199016038,-28.75799030762281,0.03333333333333333
153.203205700323,-18.25830183879852,0.03333333333333333
153.21088361052875,-30.36372048197103,0.03333333333333333
153.22970750264014,-46.102874461900655,0.03333333333333333
153.23171755709416,-47.25382306850395,0.03333333333333333
153.23741248744625,-47.419648612471846,0.03333333333333333
153.24286390925872,-39.81051080915688,0.03333333333333333
153.24819113172188,-35.95872449646261,0.03333333333333333
153.24854544281163,-34.935163258478006,0.03333333333333333
153.2491218521712,-43.66627011629568,0.03333333333333333
153.25389490970045,-28.776082261012014,0.03333333333333333
153.26230543451695,-5.501834858391281,0.03333333333333333
153.2671267638966,-45.90878155872467,0.03333333333333333
153.26899216941948,-24.54529802877353,0.03333333333333333
153.27427992008748,-46.57515495524848,0.03333333333333333
153.2784707143012,-34.27048057587381,0.03333333333333333
153.3003589837777,-37.96371480792174,0.03333333333333333
153.3059899311486,-38.22174586329021,0.03333333333333333
153.31285039770583,-16.290803618135108,0.03333333333333333
153.32229042291576,-28.756108250572147,0.03333333333333333
153.32676169820573,-39.84174515802429,0.03333333333333333
153.32948343766972,-23.25708813789913,0.03333333333333333
153.33309678523992,-31.795173753515915,0.03333333333333333
153.33643377048128,-21.63992319325056,0.03333333333333333
153.34087176102213,-25.531398540250937,0.03333333333333333
153.34105637677575,-13.226828815038058,0.03333333333333333
153.35455452782432,-24.825144304525743,0.03333333333333333
153.36491278284038,-46.309097473848944,0.03333333333333333
153.3657755782045,-38.09927529731443,0.03333333333333333
153.3724574479559,-32.72749183995494,0.03333333333333333
153.37807709430936,-7.145294954037163,0.03333333333333333
153.3913354671314,-6.696243824262699,0.03333333333333333
153.39175770122844,-45.56101993171136,0.03333333333333333
153.3930173459228,-27.586447730909875,0.03333333333333333
153.40433115301468,-34.65244888469657,0.03333333333333333
153.40944023735327,-35.574815465118945,0.03333333333333333
153.4155921818928,-33.51742268165805,0.03333333333333333
153.41720026934277,-39.68372321614746,0.03333333333333333
153.42462857062154,-34.85508456238106,0.03333333333333333
153.42703684235946,-45.28249909713682,0.03333333333333333
153.42813521464385,-6.795851981489379,0.03333333333333333
153.42908969950506,-8.02731148871996,0.03333333333333333
153.43241048557127,-8.153933441219575,0.03333333333333333
153.43528481533764,-29.60979393585056,0.03333333333333333
153.441946178926,-8.155644028289629,0.03333333333333333
153.44615119710258,-28.756473054246907,0.03333333333333333
153.46677490160707,-44.85093034772829,0.03333333333333333
153.471041791234,-41.89066118667236,0.03333333333333333
153.47487913820825,-30.11704470317436,0.03333333333333333
153.475351986868,-34.73973403487098,0.03333333333333333
153.47849554959015,-33.44080086436872,0.03333333333333333
153.4813791333642,-21.189925898142143,0.03333333333333333
153.48564270894815,-32.7322606388553,0.03333333333333333
153.50107383352474,-40.62588292845957,0.03333333333333333
153.50251841602088,-44.36146208412676,0.03333333333333333
153.50936741544805,-42.229458840331816,0.03333333333333333
153.50959931319085,-9.379405451052683,0.03333333333333333
153.51018014191715,-47.64498592014312,0.03333333333333333
153.51307754561745,-42.66806427920693,0.03333333333333333
153.5144604164991,-47.95346497613839,0.03333333333333333
153.51613202812305,-35.15688994910253,0.03333333333333333
153.52309312392578,-26.455560303357167,0.03333333333333333
153.52312003997696,-44.112191299993455,0.03333333333333333
153.5378569787986,-35.355940085347946,0.03333333333333333
153.55318347659437,-27.05070082057704,0.03333333333333333
153.55489533408164,-47.22514128374934,0.03333333333333333
153.5565418900044,-39.298286934494776,0.03333333333333333
153.56358453398775,-40.75676289326952,0.03333333333333333
153.5687940368802,-45.65617990811142,0.03333333333333333
153.58893890848816,-19.62479346546132,0.03333333333333333
153.59077053245318,-39.76243342302355,0.03333333333333333
153.5914779736975,-43.78733954903977,0.03333333333333333
153.59749161738705,-18.706843547910683,0.03333333333333333
153.60239596120525,-31.23878644014517,0.03333333333333333
153.6025860155802,-38.79497432212509,0.03333333333333333
153.6026575282909,-42.46423168887794,0.03333333333333333
153.60648341878957,-30.708348670780456,0.03333333333333333
153.61172675715056,-23.484691315285414,0.03333333333333333
153.62173055899487,-23.48627949893924,0.03333333333333333
153.63138495665757,-41.74060116844456,0.03333333333333333
153.64175412165827,-27.706827124522047,0.03333333333333333
153.6425180380618,-37.707027077537845,0.03333333333333333
153.64371160478342,-28.34818864774671,0.03333333333333333
153.65027988697312,-31.707874167257977,0.03333333333333333
153.6523069585446,-24.86034180923406,0.03333333333333333
153.66808718625535,-20.775034412523475,0.03333333333333333
153.6681188144025,-21.01013853779765,0.03333333333333333
153.67008734934524,-9.60170688500259,0.03333333333333333
153.6739002429698,-44.85392470634676,0.03333333333333333
153.67542319721846,-43.32746158359477,0.03333333333333333
153.6803704029704,-21.10536532284392,0.03333333333333333
153.68040968704057,-45.503045032960685,0.03333333333333333
153.68397942709936,-28.86563709084738,0.03333333333333333
153.68462047805866,-34.33410946951633,0.03333333333333333
153.68898998838594,-34.059173447990155,0.03333333333333333
153.69023852206973,-32.20910599444737,0.03333333333333333
153.69035489472134,-34.54880261181455,0.03333333333333333
153.6924820274711,-34.55073163327019,0.03333333333333333
153.69294402900982,-43.53193441984088,0.03333333333333333
153.7005254616359,-43.53042741275906,0.03333333333333333
153.70602135945248,-38.86923109489439,0.03333333333333333
153.70617409116454,-47.70989982633297,0.03333333333333333
153.71315634755922,-30.135954997922333,0.03333333333333333
153.71868352140118,-36.0511404237359,0.03333333333333333
153.72052779294495,-9.076429694761169,0.03333333333333333
153.723702515339,-20.506568739081867,0.03333333333333333
153.73762568633083,-31.78921453187424,0.03333333333333333
153.7382770242617,-17.28792888938099,0.03333333333333333
153.7383205840951,-17.287847124511043,0.03333333333333333
153.738831902119,-43.61921964149586,0.03333333333333333
153.7410410524915,-37.76465170364816,0.03333333333333333
153.74125827252735,-41.01033953382226,0.03333333333333333
153.74373809490604,-17.979538873806007,0.03333333333333333
153.7444220191137,-41.5716856730969,0.03333333333333333
153.75688579045973,-36.86636150917509,0.03333333333333333
153.7614951806636,-17.835607535485476,0.03333333333333333
153.76698078233187,-41.32676746591061,0.03333333333333333
153.78388951667534,-25.07545162969541,0.03333333333333333
153.7894113064339,-39.68476387248536,0.03333333333333333
153.80221963090688,-28.339516877157948,0.03333333333333333
153.80512055889707,-31.07637356078436,0.03333333333333333
153.80538013557222,-20.87407074787566,0.03333333333333333
153.80602608370717,-32.50892740009746,0.03333333333333333
153.80874208910532,-18.20169378454872,0.03333333333333333
153.80955837681108,-35.24916209221686,0.03333333333333333
153.80975085800262,-17.96785741296881,0.03333333333333333
153.81096712359866,-44.46008922203048,0.03333333333333333
153.83627031664082,-30.119152851719285,0.03333333333333333
153.83684341889077,-28.590313568926405,0.03333333333333333
153.84169340720192,-17.446367703037293,0.03333333333333333
153.8487771132447,-19.534637163093134,0.03333333333333333
153.84897368848806,-36.18970243793942,0.03333333333333333
153.86152817135542,-47.92592746253567,0.03333333333333333
153.89145147550326,-41.03935716883212,0.03333333333333333
153.89152888638506,-17.820732733164498,0.03333333333333333
153.89185772708126,-26.33929173853672,0.03333333333333333
153.89386647822317,-19.81349012665677,0.03333333333333333
153.90517834197462,-39.70967534680464,0.03333333333333333
153.90786779046746,-43.38681163230175,0.03333333333333333
153.91269797862398,-21.25678227156659,0.03333333333333333
153.92845703917604,-34.95312541192578,0.03333333333333333
153.93283834106816,-30.109797573552832,0.03333333333333333
153.93560354915405,-20.295547464050404,0.03333333333333333
153.94018013422314,-35.54128591419091,0.03333333333333333
153.94718393762233,-31.50153808863369,0.03333333333333333
153.95090367162675,-46.905432923889,0.03333333333333333
153.95225664021845,-21.407216529390983,0.03333333333333333
153.95278580712514,-41.82501656760188,0.03333333333333333
153.95463111288618,-42.65280626052775,0.03333333333333333
153.95809696055818,-40.52804097889777,0.03333333333333333
153.95876344438182,-31.50251232802587,0.03333333333333333
153.9622891527886,-44.59115727293031,0.03333333333333333
153.96297142560735,-7.867862749657381,0.03333333333333333
153.969909664349,-35.2695541135522,0.03333333333333333
153.97412792521047,-44.786882527609286,0.03333333333333333
153.9859328249334,-36.64750920563344,0.03333333333333333
153.9864382240741,-9.760066214839515,0.03333333333333333
153.9872588854827,-39.82500928833299,0.03333333333333333
153.99297118154576,-47.969198865203865,0.03333333333333333
