ra,dec,sep
159.0065704523369,-41.49577118369062,0.03333333333333333
159.00743151460037,-28.49713642749803,0.03333333333333333
159.01109904047328,-24.906702733164057,0.03333333333333333
159.0163455998869,-30.144639288382773,0.03333333333333333
159.02333720382623,-43.04210837808481,0.03333333333333333
159.024964677871,-43.21183128380616,0.03333333333333333
159.02863304810563,-28.21125170989813,0.03333333333333333
159.02890003630893,-28.295841627615104,0.03333333333333333
159.03161413820203,-33.62063346358823,0.03333333333333333
159.0341674807089,-26.20643406861966,0.03333333333333333
159.03434795188932,-37.24080393898293,0.03333333333333333
159.04447846192502,-46.362129235295,0.03333333333333333
159.06359426944306,-33.535955631385264,0.03333333333333333
159.0731849522392,-18.53764392102379,0.03333333333333333
159.08072532413925,-32.58396049059323,0.03333333333333333
159.0845357451971,-44.50462390633116,0.03333333333333333
159.0914726729826,-25.633558556471,0.03333333333333333
159.09213938275613,-25.376513062135317,0.03333333333333333
159.09524802868154,-35.762052476555645,0.03333333333333333
159.10127919248197,-47.71499001950672,0.03333333333333333
159.10127919248197,-47.71499001950672,0.03333333333333333
159.10367595351664,-46.568094885990845,0.03333333333333333
159.11111677950052,-30.82362725371472,0.03333333333333333
159.11771220816877,-40.731103137293125,0.03333333333333333
159.12642175053503,-27.90110338436836,0.03333333333333333
159.13859477095005,-43.86213900885063,0.03333333333333333
159.15125746487595,-46.62424610361841,0.03333333333333333
159.1531309204298,-46.229572882177656,0.03333333333333333
159.15408900605405,-34.75228300680546,0.03333333333333333
159.15409723009876,-34.75232952260172,0.03333333333333333
159.15548222312532,-34.75254710275378,0.03333333333333333
159.15551533879443,-34.752567871847624,0.03333333333333333
159.15769270744238,-33.32401159201917,0.03333333333333333
159.1580810392645,-31.12468884851258,0.03333333333333333
159.15993708015426,-42.16200682427918,0.03333333333333333
159.1605007638151,-30.561331308136083,0.03333333333333333
159.16247667986624,-34.75611929855415,0.03333333333333333
159.1624834808959,-34.75612138472345,0.03333333333333333
159.1830467981928,-25.263999894992068,0.03333333333333333
159.1869275059175,-28.16728515809284,0.03333333333333333
159.1895107330749,-28.167422472389195,0.03333333333333333
159.189697684638,-28.168713400056586,0.03333333333333333
159.19194165587928,-31.958542013341063,0.03333333333333333
159.19285750574088,-29.54572434360905,0.03333333333333333
159.19290010130297,-28.16681211344082,0.03333333333333333
159.19430856874573,-17.153339314034152,0.03333333333333333
159.19483604643193,-41.12934419352669,0.03333333333333333
159.1979292993148,-29.54966290439541,0.03333333333333333
159.2001488074866,-31.1047073966607,0.03333333333333333
159.20294920493453,-30.017278766487756,0.03333333333333333
159.2071166217255,-30.63650240114313,0.03333333333333333
159.20729726247964,-30.627903060545734,0.03333333333333333
159.20821041013255,-24.201106622353823,0.03333333333333333
159.21091676984585,-28.189657418869267,0.03333333333333333
159.21220385146245,-44.7516924558277,0.03333333333333333
159.21753251545113,-27.05456686918165,0.03333333333333333
159.22074412150857,-41.13402009133246,0.03333333333333333
159.22369613502104,-45.48987782004196,0.03333333333333333
159.22859031523527,-26.240560203605337,0.03333333333333333
159.23368459218906,-26.903779869033656,0.03333333333333333
159.23493804204548,-19.05829277133669,0.03333333333333333
159.2384624438396,-41.1444221207132,0.03333333333333333
159.23886226001918,-41.09548460333408,0.03333333333333333
159.2494385127868,-31.274236488362952,0.03333333333333333
159.25764732775707,-28.3671309867131,0.03333333333333333
159.26449264286097,-25.340023613685226,0.03333333333333333
159.2683328534629,-43.58535721415843,0.03333333333333333
159.2685358307238,-31.365924306516472,0.03333333333333333
159.2782859919393,-32.90010998709189,0.03333333333333333
159.29696462929982,-44.512301988875926,0.03333333333333333
159.30363493989583,-27.683956942836808,0.03333333333333333
159.30563181733658,-36.39801143307725,0.03333333333333333
159.3073791931442,-43.52267018956281,0.03333333333333333
159.30763691378496,-41.63019798467338,0.03333333333333333
159.3085871907681,-42.785441846553375,0.03333333333333333
159.31134844786496,-46.89612601229799,0.03333333333333333
159.31328056166353,-41.62227492822211,0.03333333333333333
159.31384202900745,-16.879935747989713,0.03333333333333333
159.32109833227287,-41.62058867651524,0.03333333333333333
159.32143664334978,-41.63401710369283,0.03333333333333333
159.3240133579444,-36.54161667196062,0.03333333333333333
159.32817032938186,-41.62496993627965,0.03333333333333333
159.33289005555525,-28.238872359967427,0.03333333333333333
159.3354863253383,-31.82267408275972,0.03333333333333333
159.33581965785172,-39.51144950996888,0.03333333333333333
159.33968658902526,-30.606668474844287,0.03333333333333333
159.3419388329445,-44.38275059954052,0.03333333333333333
159.3425230747454,-27.544963483924352,0.03333333333333333
159.34847228800942,-28.804259406564118,0.03333333333333333
159.35280138881097,-41.21351976856494,0.03333333333333333
159.35521541688385,-26.365134827759366,0.03333333333333333
159.3568378603817,-44.85001529226908,0.03333333333333333
159.3649582127337,-45.8698610052873,0.03333333333333333
159.36528837065327,-25.434600453388185,0.03333333333333333
159.36586156410385,-42.254346711958256,0.03333333333333333
159.3715769981083,-46.57515320535094,0.03333333333333333
159.37610252864008,-43.83662126322229,0.03333333333333333
159.37983280806685,-46.52795728639817,0.03333333333333333
159.38113416567276,-41.46673026997556,0.03333333333333333
159.38879768055136,-41.46988992731539,0.03333333333333333
159.39095698762708,-24.975810918135892,0.03333333333333333
159.39377280072625,-41.46871185598291,0.03333333333333333
159.3942364264839,-41.4709581073493,0.03333333333333333
159.39548175876044,-41.458441493042905,0.03333333333333333
159.3961275718296,-41.464953839297344,0.03333333333333333
159.3968200573128,-41.46704961413019,0.03333333333333333
159.39841191849118,-41.4592817859141,0.03333333333333333
159.40222876306896,-39.969576104004005,0.03333333333333333
159.4025074798997,-41.46695524393693,0.03333333333333333
159.4026467553603,-31.72093268055625,0.03333333333333333
159.40977580651818,-41.46984809918167,0.03333333333333333
159.41303049767217,-17.376536789608366,0.03333333333333333
159.4135008091918,-24.75209647690281,0.03333333333333333
159.418134301894,-39.417369671361904,0.03333333333333333
159.4246587054945,-33.73833702998315,0.03333333333333333
159.4385221976632,-15.631119152052785,0.03333333333333333
159.43907040411636,-42.21384603708059,0.03333333333333333
159.4526690356157,-39.91188124064697,0.03333333333333333
159.45569409585397,-27.1229716580209,0.03333333333333333
159.45971350634676,-16.118604045645558,0.03333333333333333
159.47029391969204,-26.477902590035757,0.03333333333333333
159.47064475449972,-29.893723622887684,0.03333333333333333
159.4709267970888,-43.86007773288828,0.03333333333333333
159.47885157911082,-24.42906249628565,0.03333333333333333
159.49506907680248,-33.42402030368021,0.03333333333333333
159.5003984943031,-36.18523469637135,0.03333333333333333
159.50127714487684,-25.46366543452096,0.03333333333333333
159.5117455954182,-41.14012152473569,0.03333333333333333
159.51625661949532,-28.72684881715192,0.03333333333333333
159.52027595716893,-28.72950635935094,0.03333333333333333
159.52312345967246,-19.80094606039058,0.03333333333333333
159.52428983414495,-25.09314701107664,0.03333333333333333
159.52433508127856,-25.094460011334316,0.03333333333333333
159.52445443933868,-38.11618654832654,0.03333333333333333
159.54009914378332,-46.928856456444365,0.03333333333333333
159.5411757896096,-38.08564263290004,0.03333333333333333
159.54175070467338,-35.35951220537644,0.03333333333333333
159.54432007737864,-41.72011757592312,0.03333333333333333
159.54739969663785,-20.87434494942378,0.03333333333333333
159.5486561812578,-39.27304799540316,0.03333333333333333
159.55355703244243,-38.08994744696455,0.03333333333333333
159.55746579607833,-38.10099582718476,0.03333333333333333
159.557724080114,-38.11134340079666,0.03333333333333333
159.55988117082038,-38.09040420988944,0.03333333333333333
159.5614680978458,-38.089502345632425,0.03333333333333333
159.5631721304443,-21.85567857783408,0.03333333333333333
159.56384321813147,-38.09834547922173,0.03333333333333333
159.565056934695,-20.35236811757584,0.03333333333333333
159.56615037594298,-38.095125679066136,0.03333333333333333
159.5663833802801,-38.105729653959976,0.03333333333333333
159.56653184269467,-46.92667259366434,0.03333333333333333
159.57241364088833,-38.36331526871424,0.03333333333333333
159.57598767196384,-38.08395307093635,0.03333333333333333
159.57733420979224,-46.430640904182034,0.03333333333333333
159.58652198706747,-27.450006213482894,0.03333333333333333
159.58697456186363,-43.879946964448514,0.03333333333333333
159.5981948870308,-20.874073693725293,0.03333333333333333
159.60924665839354,-19.09839068360148,0.03333333333333333
159.61087436605223,-28.447526857825245,0.03333333333333333
159.61948722208078,-23.25785886604726,0.03333333333333333
159.6195197846552,-28.51528044835931,0.03333333333333333
159.62162075253707,-28.513796068288396,0.03333333333333333
159.62518618009625,-41.41233283987098,0.03333333333333333
159.62643334547482,-23.54853332522397,0.03333333333333333
159.63924688805704,-27.737156832802217,0.03333333333333333
159.63981954650902,-33.36323516087714,0.03333333333333333
159.64195862921684,-27.74042781210461,0.03333333333333333
159.64400938735136,-27.738946289428107,0.03333333333333333
159.64706189911243,-29.518846884078307,0.03333333333333333
159.6507983246994,-27.740001608412584,0.03333333333333333
159.65377396382448,-20.25056651107692,0.03333333333333333
159.66078721288957,-41.13364258615436,0.03333333333333333
159.66258529260895,-38.726494622334094,0.03333333333333333
159.67213811820238,-25.593225317476385,0.03333333333333333
159.67291882499617,-25.592286212707226,0.03333333333333333
159.67377554048352,-34.26241502737588,0.03333333333333333
159.6771451267865,-33.79076218093833,0.03333333333333333
159.67748813975018,-31.873054375865355,0.03333333333333333
159.68433470022453,-29.992331217098897,0.03333333333333333
159.69005491260927,-31.425877115284276,0.03333333333333333
159.6953349962365,-36.66098782728348,0.03333333333333333
159.6990949468616,-35.96912817338615,0.03333333333333333
159.70019041648186,-45.244580390081005,0.03333333333333333
159.71478286162463,-45.074847994923616,0.03333333333333333
159.72084305914288,-46.709302855952,0.03333333333333333
159.7362861848018,-42.49989096877983,0.03333333333333333
159.73754747481195,-24.618274629553724,0.03333333333333333
159.73852013561282,-20.04493226744504,0.03333333333333333
159.7387805527831,-20.044033040575428,0.03333333333333333
159.74141575383769,-30.078960471137496,0.03333333333333333
159.74372463002712,-30.09220724265132,0.03333333333333333
159.75488177190235,-30.72332327843924,0.03333333333333333
159.7648332687733,-27.40832805496039,0.03333333333333333
159.77622484377562,-33.595703221259946,0.03333333333333333
159.78734972481328,-35.3615367659715,0.03333333333333333
159.78753242434487,-31.556838919173256,0.03333333333333333
159.79278681937424,-31.812873730065014,0.03333333333333333
159.80424882724313,-20.636809607995904,0.03333333333333333
159.81463102932707,-41.04194293392021,0.03333333333333333
159.81662028083898,-27.40724736015888,0.03333333333333333
159.8168735944034,-21.172158036932345,0.03333333333333333
159.8262573540264,-45.00463795431976,0.03333333333333333
159.83402648929132,-30.309038742312048,0.03333333333333333
159.83516087848287,-29.583177021428856,0.03333333333333333
159.83835391439334,-29.58697293434065,0.03333333333333333
159.83944438488038,-29.584231852029426,0.03333333333333333
159.841112306133,-29.57817054424914,0.03333333333333333
159.84482386129068,-29.590850055445305,0.03333333333333333
159.8499744585474,-47.76848404090754,0.03333333333333333
159.85200421116917,-45.71328786018361,0.03333333333333333
159.85259878756278,-29.58911816745205,0.03333333333333333
159.8560801116913,-31.4979289450131,0.03333333333333333
159.8583643577597,-23.75467363684896,0.03333333333333333
159.86463578223373,-34.68768353729752,0.03333333333333333
159.8669204096638,-32.11679713702917,0.03333333333333333
159.86697580698296,-23.757462188240247,0.03333333333333333
159.87746648964597,-21.71429086419384,0.03333333333333333
159.88152882952622,-41.245864521087526,0.03333333333333333
159.8828905681373,-47.68935630030928,0.03333333333333333
159.8927829525164,-31.5167624038504,0.03333333333333333
159.89505959788653,-33.9386719309509,0.03333333333333333
159.90569088295555,-21.029260947687845,0.03333333333333333
159.92399347174833,-41.874929615147,0.03333333333333333
159.93297209294911,-35.27892120230055,0.03333333333333333
159.93699015647354,-35.28384380015628,0.03333333333333333
159.94112989730274,-33.38466958162584,0.03333333333333333
159.95035662242307,-30.345933059626905,0.03333333333333333
159.95215033368012,-35.225225394636425,0.03333333333333333
159.9530183096409,-36.02837600902452,0.03333333333333333
159.95766213671803,-39.81029560221932,0.03333333333333333
159.96249942943416,-32.65589898958607,0.03333333333333333
159.9794287325537,-29.51912684132274,0.03333333333333333
159.99116767563658,-25.71705088322159,0.03333333333333333
159.992467654124,-29.41523698886798,0.03333333333333333
159.99349975809068,-29.41339294356372,0.03333333333333333
159.99622088328135,-46.91998680395454,0.03333333333333333
159.9998687263755,-47.023971746909325,0.03333333333333333
159.9998687263755,-47.023971746909325,0.03333333333333333
160.00720327851258,-28.03441525168079,0.03333333333333333
160.00876866878124,-29.41236119782621,0.03333333333333333
160.01032574117298,-42.640277004693296,0.03333333333333333
160.01395527955765,-30.27365086995278,0.03333333333333333
160.01399233353962,-30.276448150925383,0.03333333333333333
160.0155368310846,-30.270555507938425,0.03333333333333333
160.01746267011697,-30.263564222407457,0.03333333333333333
160.0190927263802,-30.26197597764912,0.03333333333333333
160.04458609128983,-37.11181743689521,0.03333333333333333
160.04872475487508,-32.450406763927,0.03333333333333333
160.04969165744538,-20.515373451162933,0.03333333333333333
160.0612378577796,-25.005234259201504,0.03333333333333333
160.0612612915911,-33.77757042826481,0.03333333333333333
160.0646236679078,-36.97441352206005,0.03333333333333333
160.06958855937614,-27.76800725581882,0.03333333333333333
160.06961273252242,-27.768010096122172,0.03333333333333333
160.07263126495516,-27.78502774725208,0.03333333333333333
160.07310525072964,-27.784905105776087,0.03333333333333333
160.0766749939496,-36.55392064778062,0.03333333333333333
160.07700881415948,-45.75487564926504,0.03333333333333333
160.07823354097073,-27.774363376972357,0.03333333333333333
160.07832487148363,-27.774390829466704,0.03333333333333333
160.0787427074991,-21.638725959665823,0.03333333333333333
160.07956066589023,-26.01308263125404,0.03333333333333333
160.07958376890366,-26.012903019722536,0.03333333333333333
160.07958654794987,-27.78436254895904,0.03333333333333333
160.0796729949213,-27.784461506617657,0.03333333333333333
160.08338891058935,-45.25498165769957,0.03333333333333333
160.0848478273725,-36.40528561521295,0.03333333333333333
160.08544093939977,-36.40345229464673,0.03333333333333333
160.086107044704,-36.42048686049676,0.03333333333333333
160.08763574465902,-25.48133776179082,0.03333333333333333
160.10693793823754,-27.85856627157673,0.03333333333333333
160.12293918849988,-29.910005145565638,0.03333333333333333
160.12906052089977,-29.26785713785192,0.03333333333333333
160.12922543109804,-29.26958257985193,0.03333333333333333
160.13519180932454,-24.74207773444392,0.03333333333333333
160.14354515001318,-41.08946408391036,0.03333333333333333
160.15939962901658,-26.87380203482228,0.03333333333333333
160.1669871698886,-19.580891181048116,0.03333333333333333
160.16731056810488,-35.13667212679428,0.03333333333333333
160.17034634829562,-43.78574167934583,0.03333333333333333
160.1924153959214,-29.776533888171585,0.03333333333333333
160.19487824178998,-43.85361091318877,0.03333333333333333
160.1971935449733,-36.16763170685515,0.03333333333333333
160.19863345642378,-32.570916874742394,0.03333333333333333
160.19955690541337,-35.577483028670045,0.03333333333333333
160.2006340808899,-20.869541251995848,0.03333333333333333
160.20394512908695,-24.66275570173994,0.03333333333333333
160.2091184355269,-19.11158775650142,0.03333333333333333
160.2135967038487,-37.05840889499319,0.03333333333333333
160.21469829846947,-20.013551504149472,0.03333333333333333
160.21755775743176,-36.29285370279148,0.03333333333333333
160.22215557986829,-36.29422031165354,0.03333333333333333
160.2296211980118,-36.28597458099199,0.03333333333333333
160.2333190754556,-38.43121314848718,0.03333333333333333
160.24459285878757,-21.78454117893259,0.03333333333333333
160.2487231571612,-36.48852378690237,0.03333333333333333
160.25137381094376,-27.07921086935778,0.03333333333333333
160.25163765549496,-27.07744565107836,0.03333333333333333
160.2538058952346,-37.02460384375178,0.03333333333333333
160.2588369311913,-30.794483697929085,0.03333333333333333
160.2631666554285,-22.135350949787355,0.03333333333333333
160.26609841870317,-34.18983231402896,0.03333333333333333
160.28230596351736,-35.68780111921307,0.03333333333333333
160.28461986846142,-46.63741323754225,0.03333333333333333
160.28680841408104,-30.429158897072643,0.03333333333333333
160.29504054920022,-29.151792092387232,0.03333333333333333
160.2960036017294,-29.69182486876602,0.03333333333333333
160.3059466118383,-25.9827506330107,0.03333333333333333
160.30923748710902,-44.92261363513954,0.03333333333333333
160.31322227492322,-21.02303660410036,0.03333333333333333
160.31448270069043,-21.026616818106493,0.03333333333333333
160.31526283579387,-23.842510135064263,0.03333333333333333
160.32176031411393,-26.168371207613937,0.03333333333333333
160.33953036792576,-43.77963401264216,0.03333333333333333
160.34089828790138,-43.30352057671875,0.03333333333333333
160.3482705534804,-47.21664126344146,0.03333333333333333
160.35522802617962,-20.927099378187343,0.03333333333333333
160.35579055425598,-31.777835292799324,0.03333333333333333
160.35671631038312,-31.78111018592963,0.03333333333333333
160.35695426257828,-31.782990592688737,0.03333333333333333
160.3586115699988,-31.78399304166373,0.03333333333333333
160.35909621128553,-39.81273150799952,0.03333333333333333
160.35911154455866,-39.812704411781,0.03333333333333333
160.36092599439547,-38.15779163491133,0.03333333333333333
160.36542678803318,-31.787978975674825,0.03333333333333333
160.36546852844964,-31.780316177810057,0.03333333333333333
160.36546852844964,-31.780316177810057,0.03333333333333333
160.37177013426907,-41.13522800541768,0.03333333333333333
160.37391286216092,-35.61897554188008,0.03333333333333333
160.37511402741254,-31.526608057873425,0.03333333333333333
160.381718413125,-34.19114177933358,0.03333333333333333
160.38886979622737,-42.56778952248261,0.03333333333333333
160.3964705972055,-37.46929287562097,0.03333333333333333
160.39839645936684,-22.28263535149933,0.03333333333333333
160.40092609009707,-32.695257017036894,0.03333333333333333
160.4139963086817,-25.68045889271524,0.03333333333333333
160.41429810549982,-27.777270815267524,0.03333333333333333
160.41528158217713,-25.68094921275276,0.03333333333333333
160.42641689071988,-42.49476767085494,0.03333333333333333
160.43251867563865,-41.04863283266254,0.03333333333333333
160.4394717081719,-28.34446014867677,0.03333333333333333
160.44125327113537,-16.962182231890754,0.03333333333333333
160.46240987047213,-43.01059729167618,0.03333333333333333
160.4791578947824,-32.71292894954292,0.03333333333333333
160.48272625602618,-29.570965219777182,0.03333333333333333
160.5053139433327,-41.04520625101488,0.03333333333333333
160.507455949244,-40.32237372627085,0.03333333333333333
160.51356174521302,-44.44110175443826,0.03333333333333333
160.519879310738,-25.88867205909619,0.03333333333333333
160.52044648260116,-33.358736648545225,0.03333333333333333
160.5206382578715,-32.70746468542063,0.03333333333333333
160.52546814738835,-22.1036276479462,0.03333333333333333
160.52757582075228,-22.105582546244552,0.03333333333333333
160.532669379779,-28.913491841756304,0.03333333333333333
160.53856295192438,-37.17881657621052,0.03333333333333333
160.54241405081825,-37.1809002862968,0.03333333333333333
160.54566181315727,-37.17188406003989,0.03333333333333333
160.54603646156392,-29.740384750513307,0.03333333333333333
160.55099212321312,-37.1732372027032,0.03333333333333333
160.55120842972394,-37.18150270355719,0.03333333333333333
160.55579825107122,-21.715276481147505,0.03333333333333333
160.55599779167844,-37.17393693553885,0.03333333333333333
160.5627058504994,-43.07531804926888,0.03333333333333333
160.57871275247538,-19.872376232410105,0.03333333333333333
160.5792046455024,-19.052509046766804,0.03333333333333333
160.581242806875,-36.320460681862535,0.03333333333333333
160.58430411316377,-29.656498923412737,0.03333333333333333
160.59166795157972,-32.53680529144993,0.03333333333333333
160.5919952697626,-34.3445777639537,0.03333333333333333
160.61364746458509,-42.54459050790086,0.03333333333333333
160.616750027236,-30.886367122815507,0.03333333333333333
160.64632858697243,-24.25445942647181,0.03333333333333333
160.64851126043243,-23.933494922944615,0.03333333333333333
160.65123624459366,-41.30265958936129,0.03333333333333333
160.65827140741635,-23.935679330514013,0.03333333333333333
160.66141598573608,-46.61592479181044,0.03333333333333333
160.66830382184426,-45.097600082169656,0.03333333333333333
160.6690091993747,-40.67627647267596,0.03333333333333333
160.6730906511639,-28.987624156407904,0.03333333333333333
160.6867936724333,-36.32641595830563,0.03333333333333333
160.68857554065735,-36.363063792855606,0.03333333333333333
160.68919803754616,-31.69532965905808,0.03333333333333333
160.6925423073193,-24.95566710128007,0.03333333333333333
160.6955096544552,-36.33303417051222,0.03333333333333333
160.70485556145942,-45.28126884937799,0.03333333333333333
160.70830065360738,-33.57476659405948,0.03333333333333333
160.72130562746534,-36.354018090708415,0.03333333333333333
160.73840659291355,-28.349689510402136,0.03333333333333333
160.7400218992862,-18.81876574522234,0.03333333333333333
160.74418684021649,-41.84809917240568,0.03333333333333333
160.74822115135265,-19.579195339926976,0.03333333333333333
160.76391494945824,-40.59424732148429,0.03333333333333333
160.76472656274763,-36.363224497293054,0.03333333333333333
160.77862510998372,-30.04348341446248,0.03333333333333333
160.7810764338861,-44.0474234527439,0.03333333333333333
160.7851474462794,-30.05587070636484,0.03333333333333333
160.78582043661157,-30.05453409568136,0.03333333333333333
160.78926494747182,-33.6946007356314,0.03333333333333333
160.79010572902766,-45.6270302527824,0.03333333333333333
160.79105697431123,-30.05543001184084,0.03333333333333333
160.79363181461628,-30.047137480107487,0.03333333333333333
160.80016313534168,-31.05492514274529,0.03333333333333333
160.80061165829295,-30.0556771065004,0.03333333333333333
160.8032727649871,-43.39399261134373,0.03333333333333333
160.81556375900743,-41.56718048637812,0.03333333333333333
160.81612087077843,-43.6039680905541,0.03333333333333333
160.81722124847514,-29.260238565876342,0.03333333333333333
160.82322169072805,-44.63372180186173,0.03333333333333333
160.8278916763164,-38.17166278883063,0.03333333333333333
160.82944002214396,-43.23844478164308,0.03333333333333333
160.83476010586028,-39.08305257266435,0.03333333333333333
160.83728322461826,-29.589561026397927,0.03333333333333333
160.84597568073838,-34.05378560626377,0.03333333333333333
160.85030030723388,-45.83771876295594,0.03333333333333333
160.85137751486175,-30.79856252276697,0.03333333333333333
160.86065090611083,-20.00380004042944,0.03333333333333333
160.86191750249017,-37.04328154930048,0.03333333333333333
160.8622178050821,-37.042943769461765,0.03333333333333333
160.86290384360908,-37.04321156892672,0.03333333333333333
160.86298364774197,-26.870143810023947,0.03333333333333333
160.86383025792117,-37.043946299870576,0.03333333333333333
160.8785140128512,-30.80817951450601,0.03333333333333333
160.87903861966984,-30.770138609280007,0.03333333333333333
160.8791677599853,-30.77221131800008,0.03333333333333333
160.8791677599853,-30.77221131800008,0.03333333333333333
160.88144579943778,-30.777285313971404,0.03333333333333333
160.89796841870432,-32.82382336841682,0.03333333333333333
160.9436683643086,-24.37500349736688,0.03333333333333333
160.94837252672312,-24.360269670141907,0.03333333333333333
160.953650573103,-21.195944749355704,0.03333333333333333
160.95403264013774,-35.95401998818004,0.03333333333333333
160.9775297560119,-17.75830850106541,0.03333333333333333
160.99173925092398,-40.12161514441392,0.03333333333333333
160.99342569931625,-40.11793909335291,0.03333333333333333
160.99719374863622,-40.120260902888845,0.03333333333333333
160.99728030346617,-40.11768163795402,0.03333333333333333
160.99728813946876,-29.553119675126613,0.03333333333333333
161.00166444792086,-32.53653245092356,0.03333333333333333
161.01570857515347,-38.38276052751696,0.03333333333333333
161.021700669606,-25.933725909207645,0.03333333333333333
161.02259884223776,-29.81902967528811,0.03333333333333333
161.0244584511067,-21.411038981535757,0.03333333333333333
161.0404678812419,-20.81930794850729,0.03333333333333333
161.06465945328196,-47.16081646127571,0.03333333333333333
161.085887061873,-17.342586928370352,0.03333333333333333
161.0976880911411,-45.01996008245371,0.03333333333333333
161.10366851703583,-39.6454373321559,0.03333333333333333
161.12200139330363,-28.73293755158326,0.03333333333333333
161.12859754401143,-46.692487636508766,0.03333333333333333
161.13614869299104,-34.205538658721885,0.03333333333333333
161.15967252629432,-41.83683640844684,0.03333333333333333
161.17416113062097,-39.81807603743091,0.03333333333333333
161.17746328803108,-27.79621801021518,0.03333333333333333
161.18184411582283,-45.21747380469625,0.03333333333333333
161.18436156099295,-23.4428696047405,0.03333333333333333
161.19007980530458,-34.71394123164377,0.03333333333333333
161.1933646337029,-38.33516512982923,0.03333333333333333
161.19630174198096,-47.66785320141755,0.03333333333333333
161.20678817279807,-20.813392034790336,0.03333333333333333
161.2360611503823,-32.49600871227732,0.03333333333333333
161.24596255131195,-46.68864128764377,0.03333333333333333
161.24946948124494,-22.153190246953592,0.03333333333333333
161.25056399987122,-18.20191476433468,0.03333333333333333
161.25085749109647,-22.15227748471596,0.03333333333333333
161.2613279738429,-19.092836154925184,0.03333333333333333
161.2624052860463,-21.30424834505905,0.03333333333333333
161.26489207701783,-21.30454956096169,0.03333333333333333
161.26658418576494,-43.12306328967973,0.03333333333333333
161.2720075661048,-41.67405607050589,0.03333333333333333
161.29011949626718,-45.04276266260419,0.03333333333333333
161.29713358128177,-26.469600957712206,0.03333333333333333
161.33292346183788,-42.5921329690106,0.03333333333333333
161.3371228129006,-45.00337759931392,0.03333333333333333
161.36381762477572,-40.26814814241075,0.03333333333333333
161.3702269668788,-42.749041119671695,0.03333333333333333
161.38284994444564,-41.40603442348375,0.03333333333333333
161.38701354483808,-35.19099464773606,0.03333333333333333
161.394795164108,-24.28370035395108,0.03333333333333333
161.39512430316768,-24.27889847804135,0.03333333333333333
161.39793693619197,-24.28013714152777,0.03333333333333333
161.406560291816,-41.65144300614174,0.03333333333333333
161.41558087136073,-38.47206514166183,0.03333333333333333
161.4240754563029,-40.48530924702133,0.03333333333333333
161.4288157284935,-46.974099526594266,0.03333333333333333
161.43940531457537,-33.46973552807715,0.03333333333333333
161.4441364561643,-36.54694301592071,0.03333333333333333
161.45187411348027,-47.70587838861866,0.03333333333333333
161.4548649556474,-47.167555576175886,0.03333333333333333
161.4577258898138,-23.596471281249865,0.03333333333333333
161.45904428611692,-41.1461306026286,0.03333333333333333
161.4805438908033,-45.8975291997291,0.03333333333333333
161.48226670092507,-34.1757868513465,0.03333333333333333
161.48465602778938,-17.39226964637358,0.03333333333333333
161.49649174553386,-20.864671420923628,0.03333333333333333
161.4972863216952,-43.9185390111701,0.03333333333333333
161.5324706769779,-42.79729591343598,0.03333333333333333
161.53803261140504,-45.40399540946321,0.03333333333333333
161.5401130415514,-45.4047630960668,0.03333333333333333
161.55203886413895,-21.802781284882805,0.03333333333333333
161.55407091141424,-25.303623544990423,0.03333333333333333
161.55736681346298,-42.21193951077839,0.03333333333333333
161.5582032134979,-21.795900668657165,0.03333333333333333
161.5603920963726,-21.79758730563013,0.03333333333333333
161.56216430321277,-46.35832904311731,0.03333333333333333
161.57129581271013,-28.42321162775831,0.03333333333333333
161.5850656735205,-25.356603352292357,0.03333333333333333
161.58577086681635,-28.91627705718984,0.03333333333333333
161.58836112436518,-32.40028351710733,0.03333333333333333
161.62105400110033,-20.231940490839836,0.03333333333333333
161.62211832374138,-30.32235108915044,0.03333333333333333
161.62610118824867,-30.321619430632296,0.03333333333333333
161.62622945141047,-25.55448612586964,0.03333333333333333
161.6272141659125,-30.321569319691346,0.03333333333333333
161.63150334730403,-36.97153320157469,0.03333333333333333
161.63192206303074,-39.61852070101614,0.03333333333333333
161.63816515514978,-26.115102870043888,0.03333333333333333
161.63917283008917,-20.235091486730592,0.03333333333333333
161.6407613915976,-20.2313341416312,0.03333333333333333
161.64835625354115,-36.37793615462056,0.03333333333333333
161.6602141109401,-36.353314928386006,0.03333333333333333
161.66158103466327,-36.35028501578648,0.03333333333333333
161.67431450735447,-38.61589723171538,0.03333333333333333
161.67720515678025,-21.3812637207676,0.03333333333333333
161.68280856523674,-44.36323880713321,0.03333333333333333
161.68572379400314,-31.5201972523598,0.03333333333333333
161.6867976617904,-40.01918196453921,0.03333333333333333
161.68919870742764,-25.847066678744596,0.03333333333333333
161.69807525519326,-23.32773309331226,0.03333333333333333
161.71344011956185,-39.6297149631665,0.03333333333333333
161.78076960936028,-41.84776330575957,0.03333333333333333
161.78356307713102,-47.51451330734157,0.03333333333333333
161.786486350443,-21.009229102792677,0.03333333333333333
161.78991402861556,-38.77921723583687,0.03333333333333333
161.82779748970268,-24.447484310414243,0.03333333333333333
161.82932760254144,-24.446974472309968,0.03333333333333333
161.83237988601954,-24.441638543988383,0.03333333333333333
161.84555676798763,-43.913593071865776,0.03333333333333333
161.84836320769773,-39.47703427296618,0.03333333333333333
161.84960610101908,-41.99703765702019,0.03333333333333333
161.8503870471151,-46.481725820484186,0.03333333333333333
161.86034109352153,-30.749565059327807,0.03333333333333333
161.88237390694255,-30.140913789867223,0.03333333333333333
161.89173407435652,-42.45776151181155,0.03333333333333333
161.89663625749827,-29.04605120872825,0.03333333333333333
161.90916999856807,-35.05171082339366,0.03333333333333333
161.91430662316202,-38.856471347679154,0.03333333333333333
161.91470930380612,-35.688543104580816,0.03333333333333333
161.92541498956825,-33.23807159785463,0.03333333333333333
161.92953779011276,-47.69696138347816,0.03333333333333333
161.9348517270216,-20.96356099589758,0.03333333333333333
161.95085158545024,-24.5460024772192,0.03333333333333333
161.95289391683937,-45.78287499294493,0.03333333333333333
161.966895837059,-46.20653344809607,0.03333333333333333
161.9671272252362,-20.08148354643084,0.03333333333333333
161.96719252130313,-20.081516627814896,0.03333333333333333
161.989010506074,-25.063370004279157,0.03333333333333333
161.9975524168808,-31.75112997717697,0.03333333333333333
161.99921847218752,-36.39800807103306,0.03333333333333333
162.00011978317207,-34.30200973630081,0.03333333333333333
162.00237405126757,-47.010843837853,0.03333333333333333
162.00777283447445,-20.83484883314581,0.03333333333333333
162.00811768176476,-20.834767867652552,0.03333333333333333
162.01787439899934,-29.95301923068912,0.03333333333333333
162.02371667558265,-21.123133250664026,0.03333333333333333
162.02415322084076,-20.78770949014997,0.03333333333333333
162.02694777139843,-20.84353539065085,0.03333333333333333
162.02829134572082,-21.12995834943809,0.03333333333333333
162.02938397696863,-21.129038647265705,0.03333333333333333
162.03177270020296,-21.1321465166448,0.03333333333333333
162.03724896536698,-26.727970205685864,0.03333333333333333
162.05107191574444,-44.92051561377243,0.03333333333333333
162.05548570058045,-19.809188180261703,0.03333333333333333
162.08301974392373,-31.49875053397421,0.03333333333333333
162.08452810372563,-34.08655031968574,0.03333333333333333
162.09779631183395,-25.162107015576638,0.03333333333333333
162.1022876559387,-32.55665446750358,0.03333333333333333
162.10543718248564,-21.850134134896635,0.03333333333333333
162.10604102445896,-25.16002800864644,0.03333333333333333
162.11473895655445,-30.140753333609204,0.03333333333333333
162.11898235447524,-21.631823058369505,0.03333333333333333
162.12492398767318,-45.61043470881887,0.03333333333333333
162.12809888054957,-19.45512561061161,0.03333333333333333
162.13416145508023,-18.691442601192016,0.03333333333333333
162.1478026424022,-37.244200679758215,0.03333333333333333
162.15013661164502,-29.35779953062281,0.03333333333333333
162.16183016974264,-33.315465668329935,0.03333333333333333
162.16282646640437,-43.45575013111298,0.03333333333333333
162.16754323327396,-19.449144234753646,0.03333333333333333
162.16756395863231,-19.44914982180076,0.03333333333333333
162.17571345564124,-29.323798462417155,0.03333333333333333
162.17634873432067,-32.6437113818742,0.03333333333333333
162.18830767973785,-35.407560682377095,0.03333333333333333
162.19343374451654,-32.91498510291754,0.03333333333333333
162.19703938368448,-42.9984381559558,0.03333333333333333
162.20583883694832,-19.683504496591848,0.03333333333333333
162.20649131410806,-19.682495855661717,0.03333333333333333
162.20828893449672,-45.84741278964931,0.03333333333333333
162.21327246184805,-32.914750538855394,0.03333333333333333
162.2167536466516,-19.69086375539017,0.03333333333333333
162.21727495563306,-45.2678049660986,0.03333333333333333
162.21810304192513,-45.00476377222224,0.03333333333333333
162.25290983347614,-17.306067418798325,0.03333333333333333
162.2531027834096,-17.306079902383043,0.03333333333333333
162.260635928824,-19.463725943265857,0.03333333333333333
162.26090452462847,-42.31849303722903,0.03333333333333333
162.26796114696444,-25.076210533705204,0.03333333333333333
162.27100719083396,-18.679845761597303,0.03333333333333333
162.2727804397382,-29.37845961118113,0.03333333333333333
162.27483697741127,-29.378200641568625,0.03333333333333333
162.2754195254018,-29.37291211963118,0.03333333333333333
162.2775070169086,-29.376573833924088,0.03333333333333333
162.2784713790541,-46.22942688620758,0.03333333333333333
162.28185027219433,-45.19709585813092,0.03333333333333333
162.30023952866415,-41.076228468377664,0.03333333333333333
162.3026961492671,-35.649270028723485,0.03333333333333333
162.32076142023294,-26.681421759769464,0.03333333333333333
162.329904196462,-27.36860817462793,0.03333333333333333
162.3331769631997,-47.85507582595832,0.03333333333333333
162.3417248293894,-37.72301923629885,0.03333333333333333
162.37621044172266,-25.980655909084263,0.03333333333333333
162.37677374832631,-33.91964233961236,0.03333333333333333
162.38639530178634,-28.64282801752747,0.03333333333333333
162.39182117085352,-41.362473885866684,0.03333333333333333
162.40087199293887,-29.15437913079708,0.03333333333333333
162.4188308714626,-39.27829659145092,0.03333333333333333
162.4231013511639,-29.71919848007589,0.03333333333333333
162.44532875160957,-28.67697878087972,0.03333333333333333
162.45003911706692,-31.50278180773567,0.03333333333333333
162.45251172981352,-42.9691171043318,0.03333333333333333
162.45539327552285,-25.81711034467419,0.03333333333333333
162.45829046293716,-46.40612248720256,0.03333333333333333
162.4593020282946,-40.92188774773403,0.03333333333333333
162.45950727766146,-45.27915216137207,0.03333333333333333
162.4699927023604,-36.92231742503027,0.03333333333333333
162.4803265971081,-32.507202299370284,0.03333333333333333
162.48917594844292,-39.03295070040605,0.03333333333333333
162.49143870969158,-47.69420283742984,0.03333333333333333
162.49272754961564,-27.043040789069547,0.03333333333333333
162.49581666027623,-30.92174938889283,0.03333333333333333
162.51726035025513,-45.27952578194295,0.03333333333333333
162.52462800205473,-37.18332809863023,0.03333333333333333
162.52617808471842,-37.18257713512971,0.03333333333333333
162.5519022657634,-27.27965954496084,0.03333333333333333
162.55835693116452,-35.38244434300276,0.03333333333333333
162.56008166504645,-42.64766217213778,0.03333333333333333
162.5811954662186,-46.01823677371026,0.03333333333333333
162.58139583063112,-46.016063645842365,0.03333333333333333
162.5859291563594,-41.9305031193143,0.03333333333333333
162.60311808615762,-38.22009968538343,0.03333333333333333
162.60321731760646,-26.191785751251043,0.03333333333333333
162.62278892979643,-16.858788699169573,0.03333333333333333
162.63183880165855,-17.216216376176234,0.03333333333333333
162.64106767434032,-27.36777003270369,0.03333333333333333
162.65201758541124,-30.528438656553597,0.03333333333333333
162.65806208063898,-43.33458253804519,0.03333333333333333
162.6651817194897,-18.542879179509185,0.03333333333333333
162.68990266976854,-20.31530504068329,0.03333333333333333
162.69421876017773,-33.989977680389714,0.03333333333333333
162.74100894030593,-23.65752168228996,0.03333333333333333
162.7424432708506,-23.65567950389844,0.03333333333333333
162.74458736912493,-23.656338638002723,0.03333333333333333
162.75154034827315,-20.239257554514012,0.03333333333333333
162.75737937396937,-28.336715899756385,0.03333333333333333
162.75753741468907,-28.33790302356877,0.03333333333333333
162.7721639215435,-17.586195369073653,0.03333333333333333
162.7867027470607,-23.24308713083462,0.03333333333333333
162.793489063644,-18.88290963717648,0.03333333333333333
162.79818641175822,-32.89480133556277,0.03333333333333333
162.79953393508626,-31.224965626938776,0.03333333333333333
162.79955786206293,-45.08843947099247,0.03333333333333333
162.802101103836,-31.49333881315857,0.03333333333333333
162.80215653958152,-31.224903763423303,0.03333333333333333
162.8092871632443,-31.892070900296652,0.03333333333333333
162.81044139209288,-33.657757503575105,0.03333333333333333
162.81248241374416,-29.42077297382132,0.03333333333333333
162.8241352853915,-23.257201015855347,0.03333333333333333
162.8333065681279,-42.86552420409957,0.03333333333333333
162.8380310801533,-34.43006283683529,0.03333333333333333
162.8403404724112,-19.53728407129704,0.03333333333333333
162.84394484324886,-19.87759752470845,0.03333333333333333
162.84422910334683,-19.88365282686625,0.03333333333333333
162.85585313924932,-19.90143727984707,0.03333333333333333
162.85898102172584,-38.20009892223919,0.03333333333333333
162.85979805711648,-47.716423629663446,0.03333333333333333
162.86415841998232,-19.6936241482243,0.03333333333333333
162.86744434284702,-26.36764891090436,0.03333333333333333
162.87127810823122,-26.305011050598623,0.03333333333333333
162.88162678446972,-24.542210016817748,0.03333333333333333
162.8981299853318,-44.99988683510862,0.03333333333333333
162.9413028318914,-47.217937599710126,0.03333333333333333
162.95077523890615,-21.89144084903988,0.03333333333333333
162.9537581326218,-21.887594607246417,0.03333333333333333
162.95445605894844,-21.888198303449037,0.03333333333333333
162.9633980136389,-41.737989644578114,0.03333333333333333
162.96858900090632,-29.03567089638236,0.03333333333333333
162.96934750287696,-22.115632477944693,0.03333333333333333
162.98161264839086,-22.087230925807184,0.03333333333333333
162.9850839902181,-18.184561685154268,0.03333333333333333
162.98802287525825,-18.183475071638977,0.03333333333333333
162.99978887850372,-27.358573340323915,0.03333333333333333
163.00401161250824,-41.76008196488928,0.03333333333333333
163.00659502202095,-46.89539765182412,0.03333333333333333
163.00793674005013,-18.993225906637843,0.03333333333333333
163.010681611459,-43.53324133753198,0.03333333333333333
163.02657404173044,-39.97373125579219,0.03333333333333333
163.0384536554058,-28.190315146252917,0.03333333333333333
163.0398557136988,-41.04693359229285,0.03333333333333333
163.06436737361568,-46.01886487238578,0.03333333333333333
163.07716268889197,-32.675457429139776,0.03333333333333333
163.08087263025604,-30.455172990909784,0.03333333333333333
163.08945358713845,-33.3518383745619,0.03333333333333333
163.10480325059748,-44.098865988453085,0.03333333333333333
163.10742035866986,-44.24835180117246,0.03333333333333333
163.1105632902252,-38.33446119230244,0.03333333333333333
163.12660272752652,-39.060604689824864,0.03333333333333333
163.12723847816432,-45.27907830046251,0.03333333333333333
163.130444186011,-43.865709148950856,0.03333333333333333
163.13766385805908,-23.149877815633783,0.03333333333333333
163.14447743170422,-40.572884008981966,0.03333333333333333
163.1648582561849,-41.17694467158138,0.03333333333333333
163.16873291547176,-28.754047366453527,0.03333333333333333
163.16985644771535,-47.98162360016756,0.03333333333333333
163.17712784754633,-19.995965634802005,0.03333333333333333
163.19286373794668,-27.714404792548265,0.03333333333333333
163.22079280882892,-41.24394302668948,0.03333333333333333
163.22234765308465,-44.52046113785718,0.03333333333333333
163.23265760746452,-45.18851240842685,0.03333333333333333
163.24399024970575,-21.84056278750416,0.03333333333333333
163.25912588568266,-28.93796098803419,0.03333333333333333
163.2599276903617,-42.93761590631038,0.03333333333333333
163.27411690715056,-23.84018771544694,0.03333333333333333
163.27958011919233,-32.54880802099347,0.03333333333333333
163.2965537003902,-35.23628490534233,0.03333333333333333
163.32282672027563,-45.7198028897102,0.03333333333333333
163.32338894076963,-38.97756003274745,0.03333333333333333
163.3274459334923,-21.460066061155995,0.03333333333333333
163.33641098390646,-47.31783389638186,0.03333333333333333
163.33732295900455,-39.861721986442,0.03333333333333333
163.33861144504078,-32.06210993189029,0.03333333333333333
163.33925709637427,-45.081931709836944,0.03333333333333333
163.3405287867705,-21.885485300788268,0.03333333333333333
163.34084549908994,-43.44319825313928,0.03333333333333333
163.34222487510743,-17.195127777593566,0.03333333333333333
163.3544777715607,-24.96342320776029,0.03333333333333333
163.37076002762262,-20.959891736632045,0.03333333333333333
163.37394104174749,-20.96096642108927,0.03333333333333333
163.37546786937236,-35.18981432654354,0.03333333333333333
163.38341935084918,-34.558979900065054,0.03333333333333333
163.391126839377,-25.837657675883527,0.03333333333333333
163.41309908791095,-34.09039295086772,0.03333333333333333
163.4160054651804,-21.79330803360637,0.03333333333333333
163.41792137159126,-21.791123150199347,0.03333333333333333
163.4189073152784,-27.37880804553825,0.03333333333333333
163.42101612326007,-21.791493200960147,0.03333333333333333
163.4332592430037,-31.58885048689153,0.03333333333333333
163.4453970746111,-37.92408883301916,0.03333333333333333
163.44649709478358,-39.30667396641146,0.03333333333333333
163.45406630490706,-16.932218025921333,0.03333333333333333
163.4548613256482,-17.79085293830976,0.03333333333333333
163.46359138474324,-25.94387553999664,0.03333333333333333
163.47089378680442,-21.81780569853672,0.03333333333333333
163.47758344943492,-27.652347993666027,0.03333333333333333
163.47829591873148,-38.44223812009245,0.03333333333333333
163.50257703055635,-17.271947698717526,0.03333333333333333
163.53289177124336,-41.14836145233572,0.03333333333333333
163.5446065016192,-40.82745055670623,0.03333333333333333
163.57652084626787,-31.857942454373877,0.03333333333333333
163.58291027483003,-18.197069090161545,0.03333333333333333
163.5833370094577,-18.191589096079035,0.03333333333333333
163.58423881546315,-18.198544542606637,0.03333333333333333
163.5850135932177,-18.199151332483822,0.03333333333333333
163.58607121636916,-18.191199293502542,0.03333333333333333
163.58913417177945,-18.20158306447326,0.03333333333333333
163.58979203919048,-40.579887087057394,0.03333333333333333
163.592521856682,-18.19605038669944,0.03333333333333333
163.59861406918498,-38.33071141066951,0.03333333333333333
163.6169321010472,-17.747334332016923,0.03333333333333333
163.61973725794832,-19.33442523577857,0.03333333333333333
163.61980168248752,-21.571448545139216,0.03333333333333333
163.62456149697505,-45.540351407686224,0.03333333333333333
163.63427060140586,-42.37498652008648,0.03333333333333333
163.6492569236074,-27.5597204841167,0.03333333333333333
163.65160747771213,-21.068119957698823,0.03333333333333333
163.6524283825314,-21.05791208064745,0.03333333333333333
163.65324223330535,-21.06710914567015,0.03333333333333333
163.65372143645152,-21.069825539423697,0.03333333333333333
163.65413819952164,-25.327264233438772,0.03333333333333333
163.65565911463963,-21.062478290870413,0.03333333333333333
163.6666945533915,-21.07033298588409,0.03333333333333333
163.66915375421672,-21.075535762133644,0.03333333333333333
163.6701579306735,-39.22193302241251,0.03333333333333333
163.67050283012932,-21.057942435177203,0.03333333333333333
163.6766647458089,-21.06013213119693,0.03333333333333333
163.6808585820377,-34.80927063616754,0.03333333333333333
163.68086877446467,-21.05712977486077,0.03333333333333333
163.6822975468981,-21.06262347919966,0.03333333333333333
163.68363678401204,-33.74754421673303,0.03333333333333333
163.6840752235055,-33.709130579814115,0.03333333333333333
163.72084931288686,-19.709002247718445,0.03333333333333333
163.72174615346069,-18.871559639625385,0.03333333333333333
163.72800439560493,-28.777295260453982,0.03333333333333333
163.72801528389823,-39.232383586575885,0.03333333333333333
163.73286997326392,-45.9951731411491,0.03333333333333333
163.74052386305365,-39.99961495619037,0.03333333333333333
163.75186626398465,-23.980089867697,0.03333333333333333
163.76327501667993,-45.25827748698174,0.03333333333333333
163.764716942944,-39.43220909420606,0.03333333333333333
163.77553843227528,-18.331130749550503,0.03333333333333333
163.7771009130249,-18.33215628564532,0.03333333333333333
163.7798582725591,-24.67513085630416,0.03333333333333333
163.78734164208146,-25.99663768233101,0.03333333333333333
163.7931895409128,-47.060973610881895,0.03333333333333333
163.79450263728828,-39.9396399828683,0.03333333333333333
163.79892949844017,-37.35574367561726,0.03333333333333333
163.80499985139113,-41.02739352361588,0.03333333333333333
163.8209226142584,-44.69815070046939,0.03333333333333333
163.8304037021015,-30.4605396542998,0.03333333333333333
163.8319901280495,-30.475856405501645,0.03333333333333333
163.83210880453726,-21.358104230158258,0.03333333333333333
163.84009494937516,-23.424249462174128,0.03333333333333333
163.8401072399262,-23.42423690390457,0.03333333333333333
163.8460003105372,-45.329162965725,0.03333333333333333
163.85386364181255,-43.2033894508443,0.03333333333333333
163.86868492544227,-39.79666967740848,0.03333333333333333
163.8772626780338,-32.85089840543282,0.03333333333333333
163.87838619755445,-23.527063591200143,0.03333333333333333
163.88106611339322,-34.29314530254505,0.03333333333333333
163.9001232281867,-47.43463223766105,0.03333333333333333
163.91565706963956,-41.9836246075842,0.03333333333333333
163.9327354511993,-24.630368602027037,0.03333333333333333
163.93540789426754,-35.18640347353378,0.03333333333333333
163.94126485275936,-35.04613153025821,0.03333333333333333
163.95788107770687,-26.571857600868693,0.03333333333333333
164.0035621449678,-25.5649360740261,0.03333333333333333
164.00575502586705,-26.613403033146373,0.03333333333333333
164.01180779742018,-31.801522895685125,0.03333333333333333
164.02881239761717,-39.00591294061422,0.03333333333333333
164.03934866137214,-44.41894410678219,0.03333333333333333
164.04497067273752,-23.615715357750243,0.03333333333333333
164.05037114793788,-33.75734435988249,0.03333333333333333
164.05281188400414,-24.30021800377375,0.03333333333333333
164.05401507964,-24.29854908595535,0.03333333333333333
164.05866996969644,-24.30178678716429,0.03333333333333333
164.0597076962835,-24.30172951436547,0.03333333333333333
164.0600102469504,-20.854422328729857,0.03333333333333333
164.06275493842202,-20.856001185732847,0.03333333333333333
164.0895249361805,-46.07021993250962,0.03333333333333333
164.0932624932561,-27.036418012337744,0.03333333333333333
164.0946404813889,-25.710988516405973,0.03333333333333333
164.10243130840425,-25.70789895699291,0.03333333333333333
164.12760786106514,-25.574147009614823,0.03333333333333333
164.13841898267842,-45.26774076409917,0.03333333333333333
164.14163994104857,-44.88637707735251,0.03333333333333333
164.14889358711977,-19.65930816542182,0.03333333333333333
164.1561407309702,-28.468901605280905,0.03333333333333333
164.15997638632015,-20.78672855473099,0.03333333333333333
164.16190482936378,-20.60731642237112,0.03333333333333333
164.16658661287585,-46.8745539434544,0.03333333333333333
164.16737083533414,-41.73301400297539,0.03333333333333333
164.17585094562966,-36.94674032874089,0.03333333333333333
164.20211131014338,-19.833433033461127,0.03333333333333333
164.2089576944691,-24.27034039439673,0.03333333333333333
164.2131763641075,-43.95877592442852,0.03333333333333333
164.2194057373469,-28.546586879743373,0.03333333333333333
164.23198115982964,-38.38090297554844,0.03333333333333333
164.2375356206231,-18.65202047666873,0.03333333333333333
164.23785101702953,-33.15922699915663,0.03333333333333333
164.23811495219803,-33.1611285373593,0.03333333333333333
164.2385586367683,-33.16252131830889,0.03333333333333333
164.23925804692092,-33.16402649176809,0.03333333333333333
164.24324975322577,-46.63837100711608,0.03333333333333333
164.24380686125278,-33.16671501436973,0.03333333333333333
164.25180109558764,-24.79871032776542,0.03333333333333333
164.25184149386763,-24.798683830436467,0.03333333333333333
164.25342575635423,-34.54181464067612,0.03333333333333333
164.26801410841605,-33.15564025093645,0.03333333333333333
164.2860879142981,-47.5935882880965,0.03333333333333333
164.28736397873337,-25.999031184988368,0.03333333333333333
164.2934441287257,-27.188397105147946,0.03333333333333333
164.30708719090356,-37.3679589132536,0.03333333333333333
164.3079665625576,-47.66979296726016,0.03333333333333333
164.32574745962543,-30.33090327445634,0.03333333333333333
164.33402087268985,-37.40814523403678,0.03333333333333333
164.33423427671718,-39.657700548491945,0.03333333333333333
164.34682863470474,-39.61035984578376,0.03333333333333333
164.35618396799785,-45.34150215213487,0.03333333333333333
164.37077624759482,-20.745916841331525,0.03333333333333333
164.3758798613844,-27.293366901216213,0.03333333333333333
164.38107788123386,-45.34261248935738,0.03333333333333333
164.40054605420582,-24.80930685652519,0.03333333333333333
164.40217291905444,-35.5043965318927,0.03333333333333333
164.4053241408824,-37.72551688043008,0.03333333333333333
164.40553561866952,-33.36399171741372,0.03333333333333333
164.40572952753664,-43.25550491275823,0.03333333333333333
164.4088861603674,-38.42503834558628,0.03333333333333333
164.41220566276073,-30.491838638904117,0.03333333333333333
164.4173089810893,-31.830424556496247,0.03333333333333333
164.42150501040368,-43.21136172287724,0.03333333333333333
164.42301041700728,-40.936222424944994,0.03333333333333333
164.45805718459255,-21.949653145265444,0.03333333333333333
164.45909582984416,-39.45890567419431,0.03333333333333333
164.46002292502504,-39.45986431052837,0.03333333333333333
164.4616177545449,-39.4276813119728,0.03333333333333333
164.4631499721702,-39.433756074256735,0.03333333333333333
164.46370035100335,-22.19718736755472,0.03333333333333333
164.46779829706878,-39.445193823408026,0.03333333333333333
164.47660815236776,-22.900026520862856,0.03333333333333333
164.4792474966582,-45.57736643134638,0.03333333333333333
164.49291180518765,-26.09220482631525,0.03333333333333333
164.497701542229,-32.9825465802346,0.03333333333333333
164.5156365942509,-47.11560774802658,0.03333333333333333
164.52371686946944,-34.99130505392022,0.03333333333333333
164.56358118416682,-39.792503887038805,0.03333333333333333
164.58215144989242,-28.58801170243365,0.03333333333333333
164.58290765148365,-35.14818120455806,0.03333333333333333
164.60145357644186,-19.158173492510038,0.03333333333333333
164.60308245171873,-19.154903583707664,0.03333333333333333
164.60471521641267,-19.14904876812758,0.03333333333333333
164.61217062792727,-46.56435740727926,0.03333333333333333
164.6205501009792,-40.94834943156312,0.03333333333333333
164.65089583969473,-38.89073234348759,0.03333333333333333
164.6539502856872,-47.6357875081287,0.03333333333333333
164.65472130445556,-45.318374427778906,0.03333333333333333
164.65972094875326,-22.66651734049496,0.03333333333333333
164.67408513554884,-32.10665455740354,0.03333333333333333
164.67631329403213,-24.404261095064413,0.03333333333333333
164.68133103087033,-26.96484659747174,0.03333333333333333
164.68435964333,-19.158632283113736,0.03333333333333333
164.7057269117414,-18.604000170224285,0.03333333333333333
164.74015477204242,-41.13743188792535,0.03333333333333333
164.74016785263282,-41.13736996862407,0.03333333333333333
164.74214037799285,-20.94875750769436,0.03333333333333333
164.7459588212315,-31.60947413507693,0.03333333333333333
164.74795943400434,-40.13909452993639,0.03333333333333333
164.7720068814035,-26.83350782961418,0.03333333333333333
164.77442315407177,-18.83836144987477,0.03333333333333333
164.7760837480948,-39.76513012085092,0.03333333333333333
164.79107984418525,-27.9998147852096,0.03333333333333333
164.81952148049504,-38.79995663453951,0.03333333333333333
164.82526811887897,-46.57234629425575,0.03333333333333333
164.84041743554369,-26.00104501845025,0.03333333333333333
164.89864692065544,-19.895980828646167,0.03333333333333333
164.90383112513754,-41.18236244274393,0.03333333333333333
164.93227707676846,-38.6251522607181,0.03333333333333333
164.9409920559074,-39.82898402211724,0.03333333333333333
164.9414344639529,-21.27958630553681,0.03333333333333333
164.94441659534985,-37.51894483801599,0.03333333333333333
164.95275188174168,-26.938319867604573,0.03333333333333333
164.97300347862978,-31.72613193883352,0.03333333333333333
164.98312894532123,-39.98797149250984,0.03333333333333333
