ra,dec,sep
335.0602933313417,0.6431728488196103,0.03333333333333333
335.0881905505351,0.6776081939702171,0.03333333333333333
333.97548867898547,0.7475494869171222,0.03333333333333333
334.56507665184995,0.8197691381406662,0.03333333333333333
335.1187681201887,0.8453173045943663,0.03333333333333333
334.3435194955582,1.0767543256819685,0.03333333333333333
334.56229846631237,1.4431811915114334,0.03333333333333333
334.4384187330879,1.441721133540926,0.03333333333333333
334.48525137362094,1.4340886012570444,0.03333333333333333
334.49944312043505,1.4424013888353984,0.03333333333333333
334.6756889869258,1.4209892510512774,0.03333333333333333
336.0139709734177,-0.9567096099850134,0.03333333333333333
335.87640930904917,0.029563755643722545,0.03333333333333333
335.2501391679345,1.0953163743146228,0.03333333333333333
336.82058435510237,-1.2654017728402382,0.03333333333333333
337.95817871843377,-0.8525534280665222,0.03333333333333333
337.10465496029565,-0.3714489675823685,0.03333333333333333
337.7750079939556,-0.1955294013694825,0.03333333333333333
337.48557309949206,0.5240235390794395,0.03333333333333333
338.0302288890346,1.1143257594319265,0.03333333333333333
337.5900816770348,1.4102892713553161,0.03333333333333333
338.7850651178682,-0.8998369935534453,0.03333333333333333
338.8435284922325,-0.3888384147148237,0.03333333333333333
339.2060010081785,0.04830730635162727,0.03333333333333333
338.5461839607946,0.02691227435473993,0.03333333333333333
339.13972978386903,0.4480037094611176,0.03333333333333333
339.3694344437509,0.9464822072413684,0.03333333333333333
338.33117963564916,1.1828939999498829,0.03333333333333333
338.97198408938067,1.4438110507411994,0.03333333333333333
339.36568950592414,1.2070258803490108,0.03333333333333333
340.22849303816275,-1.3693770075612246,0.03333333333333333
340.7617778538102,-1.051574391492504,0.03333333333333333
339.6845594683822,-0.9486943193738392,0.03333333333333333
340.3107233119449,-0.6166568744451028,0.03333333333333333
339.60299902742,0.03521847411678155,0.03333333333333333
340.8709878259764,0.14490701000994316,0.03333333333333333
340.6974539115072,0.34156870534984674,0.03333333333333333
340.1784681417285,1.4050366006473811,0.03333333333333333
341.3799836615205,-0.7525947660724432,0.03333333333333333
341.85772435492765,-0.6452036100779865,0.03333333333333333
340.96755531580084,-0.3832981583866523,0.03333333333333333
341.12650952349895,0.0388850852306139,0.03333333333333333
342.2838783004201,0.8050165002519599,0.03333333333333333
343.55680100224805,-1.15776813041768,0.03333333333333333
342.50446558908885,-0.6272634605450208,0.03333333333333333
343.3598337533505,-0.5883758805261383,0.03333333333333333
342.6150340273112,-0.20385638024657748,0.03333333333333333
343.23933877821634,0.4587823345606926,0.03333333333333333
342.9861986230579,1.0119028234287737,0.03333333333333333
342.7920156792848,1.4409604569311931,0.03333333333333333
346.1942578897968,-1.1895725197417075,0.03333333333333333
346.18399957071466,-1.047637756170335,0.03333333333333333
345.12539458156243,-0.5016202410575213,0.03333333333333333
345.1764423779248,-0.3741371457594151,0.03333333333333333
346.0217791429818,-0.19441024772051888,0.03333333333333333
345.8183544369748,-0.20316870490727096,0.03333333333333333
346.2881473550168,0.29408640627136906,0.03333333333333333
345.50499246424033,0.5131468261640252,0.03333333333333333
345.363478283974,0.8660574981374014,0.03333333333333333
346.1180884490532,0.9503418885107958,0.03333333333333333
347.6749400810096,-1.1633342696409468,0.03333333333333333
347.33815796627533,-0.7671814802027282,0.03333333333333333
347.4467371943644,-0.6705742754879188,0.03333333333333333
348.13067741527794,-1.1937043288787734,0.03333333333333333
348.299611065616,-0.7605497687369258,0.03333333333333333
348.18047470478774,-0.4532529337644966,0.03333333333333333
349.07851048878985,0.0473545350902165,0.03333333333333333
348.09961510851684,1.404066154087677,0.03333333333333333
348.2461021601764,1.1349593899913708,0.03333333333333333
349.8086120480279,-0.9627219942973104,0.03333333333333333
349.80184246031683,0.9286364978162884,0.03333333333333333
352.0512462698657,-1.0624481917322088,0.03333333333333333
351.31089868233187,-0.7002539707942542,0.03333333333333333
352.1190547142852,-0.12041505498628476,0.03333333333333333
351.4812848799453,-0.6196499693094039,0.03333333333333333
351.2406451424701,0.3648363114586009,0.03333333333333333
351.3517724774784,0.7700617331859075,0.03333333333333333
352.76831531945396,-0.7102948577467144,0.03333333333333333
353.6226601179927,-0.7096662012688195,0.03333333333333333
353.62251906656786,-0.6897874845894044,0.03333333333333333
353.6216613989165,-0.6268953341142391,0.03333333333333333
353.25093145251367,-0.3418033383059611,0.03333333333333333
352.60621771630525,-0.08632531999553919,0.03333333333333333
352.792734909022,0.02523480521709736,0.03333333333333333
352.88060382525214,0.032162761881222766,0.03333333333333333
353.53657480575833,0.4512663220022529,0.03333333333333333
352.41857674347625,0.6706256442230438,0.03333333333333333
352.5449658229319,1.2088649297886491,0.03333333333333333
354.6397410485297,-0.34935175200467783,0.03333333333333333
354.3591655681802,0.3877507664779725,0.03333333333333333
355.04243758806535,0.4136257798198924,0.03333333333333333
354.19570227897805,0.6232818326354911,0.03333333333333333
353.90334792533827,0.6955119241040645,0.03333333333333333
354.3705047550116,1.4045672293836162,0.03333333333333333
355.03673786765336,1.193148070874032,0.03333333333333333
356.2417909900277,1.4117152392343373,0.03333333333333333
357.0419771698912,-1.3705348550657808,0.03333333333333333
357.30097507511977,-1.3692246752815678,0.03333333333333333
357.1191605240058,0.043269758027355484,0.03333333333333333
357.54748321107115,0.04814160493682415,0.03333333333333333
357.8743781272264,0.8085113825810541,0.03333333333333333
357.8364099114485,0.8111693009066353,0.03333333333333333
358.94226659971116,-0.3952102105534736,0.03333333333333333
359.21061182871443,-0.3483701431153641,0.03333333333333333
358.1284303334402,-0.010491823193686096,0.03333333333333333
358.69499723766256,1.0237386116888172,0.03333333333333333
48.63723403724958,-31.538342848531066,0.03333333333333333
48.44613561024231,-31.48711372085554,0.03333333333333333
48.19823554408303,-31.485786644196672,0.03333333333333333
48.48367671208701,-31.470164460703632,0.03333333333333333
49.06257448977247,-31.20901634866793,0.03333333333333333
49.06378553118447,-31.209241913161893,0.03333333333333333
49.06663334504582,-30.71926461791548,0.03333333333333333
48.48084336374534,-30.19405215301989,0.03333333333333333
48.612223417777,-30.193060853508506,0.03333333333333333
50.03164807421675,-30.75600248827607,0.03333333333333333
49.904305838474386,-30.418722378267283,0.03333333333333333
54.25376903638978,-31.47020267947373,0.03333333333333333
54.13066603844739,-30.37693228534811,0.03333333333333333
61.461089602803966,-31.44703290031913,0.03333333333333333
61.87342058768678,-30.300307363979964,0.03333333333333333
61.604642477421166,-30.382702278915968,0.03333333333333333
62.75824331799736,-31.399205324720725,0.03333333333333333
62.50808170459477,-31.25963181423567,0.03333333333333333
63.28673508740715,-30.93283521583045,0.03333333333333333
63.49915514874029,-30.78412018892307,0.03333333333333333
65.2170565654493,-31.471202606326447,0.03333333333333333
66.36651421253734,-31.21415946631441,0.03333333333333333
66.67813960082368,-30.19308400340948,0.03333333333333333
68.17821309908314,-31.539361957206868,0.03333333333333333
67.21902099610418,-31.10367663026357,0.03333333333333333
66.98529616733305,-30.518306635784175,0.03333333333333333
73.94883308470094,-31.581065678619627,0.03333333333333333
73.69735085171818,-31.578308855627302,0.03333333333333333
74.69365798279131,-30.977948017638674,0.03333333333333333
73.86047622851041,-30.591270596492194,0.03333333333333333
73.8645516457968,-30.592513633896928,0.03333333333333333
46.67551025647587,-32.86842691687597,0.03333333333333333
45.57185428832632,-32.13672694018426,0.03333333333333333
46.591915813620474,-31.544680110243824,0.03333333333333333
48.851447026851304,-32.84285738587125,0.03333333333333333
49.85565807367152,-32.6504850558327,0.03333333333333333
50.14730457895836,-32.58136086849133,0.03333333333333333
49.317062227785044,-32.572216132549116,0.03333333333333333
49.149922284889506,-32.51624417188677,0.03333333333333333
48.63725659916625,-31.538394417267995,0.03333333333333333
51.34039770708346,-32.46067132187973,0.03333333333333333
51.196977982457035,-32.440788471344185,0.03333333333333333
53.59330255877767,-32.80182671322208,0.03333333333333333
54.70552791301896,-32.649781603178226,0.03333333333333333
54.32200797013402,-32.220150884981834,0.03333333333333333
54.340362663073066,-31.59859753270717,0.03333333333333333
69.02588067903834,-32.77242021762371,0.03333333333333333
68.17822137890568,-31.539437186490396,0.03333333333333333
70.43547151856541,-32.71316846642457,0.03333333333333333
73.77523179002941,-32.807351449544356,0.03333333333333333
73.33107814604597,-32.775789122825564,0.03333333333333333
72.60266134854722,-32.60678247931401,0.03333333333333333
74.09351795784995,-32.2526234450821,0.03333333333333333
73.55287502247484,-31.987806577543978,0.03333333333333333
72.9862483650862,-31.555871169081808,0.03333333333333333
73.86097057559634,-31.57913763401762,0.03333333333333333
74.41853833669197,-32.57862801257599,0.03333333333333333
74.93586327568819,-32.4224901085154,0.03333333333333333
75.16113704876204,-32.22427256555646,0.03333333333333333
75.67342005949516,-31.800607625338177,0.03333333333333333
44.439740352809245,-33.482079149106816,0.03333333333333333
44.372630607509976,-33.199132315050534,0.03333333333333333
46.13989041271619,-33.789883639903515,0.03333333333333333
47.64175119018765,-33.397960700054966,0.03333333333333333
46.03047609452898,-33.145973678453394,0.03333333333333333
47.612072090439746,-33.16464645301439,0.03333333333333333
47.590980069550646,-33.14802549209479,0.03333333333333333
47.675038577591934,-34.161992432874115,0.03333333333333333
48.64676974906038,-33.455085228877685,0.03333333333333333
47.612168516280896,-33.164627012804964,0.03333333333333333
47.591044960818174,-33.14800902808925,0.03333333333333333
50.88001491152107,-33.814450010932724,0.03333333333333333
50.26147033287045,-33.027351915583104,0.03333333333333333
50.0420300618749,-32.845265816925114,0.03333333333333333
51.83900502451886,-34.13314853982729,0.03333333333333333
52.491098022646725,-33.739887063220124,0.03333333333333333
51.95562972916677,-33.699617307354536,0.03333333333333333
51.81468087200482,-33.48259080401655,0.03333333333333333
53.00416234244469,-33.695396565440625,0.03333333333333333
54.14669238654196,-33.48365861830581,0.03333333333333333
58.97842569284357,-34.08699773874581,0.03333333333333333
60.567299353276475,-33.88665154265553,0.03333333333333333
58.9960615975547,-33.82711197743208,0.03333333333333333
60.33082269990064,-32.87635440036846,0.03333333333333333
62.95480767177651,-32.891474272258414,0.03333333333333333
66.00536422073063,-33.69200565254184,0.03333333333333333
67.25936516855306,-34.174878369612536,0.03333333333333333
70.13620055274919,-33.48179180988635,0.03333333333333333
69.59805855964451,-33.08572978600444,0.03333333333333333
71.39954202410136,-34.11558181964165,0.03333333333333333
74.67706808852441,-34.25717752401464,0.03333333333333333
73.55405973321369,-34.162430706081764,0.03333333333333333
74.33433514364009,-33.864376674012064,0.03333333333333333
53.445367404962866,-34.8271195129548,0.03333333333333333
51.81813277351561,-34.54808730769783,0.03333333333333333
54.67235585673245,-35.52616012986378,0.03333333333333333
54.3230735912183,-35.30014809917181,0.03333333333333333
53.44449125708184,-34.74386797665114,0.03333333333333333
53.50745961827551,-34.73551729784952,0.03333333333333333
54.86439460038415,-34.61862342769125,0.03333333333333333
53.48866975996918,-34.611575845210965,0.03333333333333333
53.701112663709964,-34.48231025789825,0.03333333333333333
54.607110975900774,-34.56291347667671,0.03333333333333333
53.47074342249513,-34.16827360638881,0.03333333333333333
56.30183667169758,-35.572025608951066,0.03333333333333333
55.21032155384233,-35.43937181728519,0.03333333333333333
58.26395087466568,-35.018538450106696,0.03333333333333333
58.3753764994077,-34.92066178498801,0.03333333333333333
57.47315053899291,-34.40980985087368,0.03333333333333333
59.362712246215814,-35.53996722738137,0.03333333333333333
60.02406217028373,-35.150650237376354,0.03333333333333333
58.646841896669464,-34.66211460567268,0.03333333333333333
58.91304700091374,-34.421726692453106,0.03333333333333333
60.217688121493474,-35.23875799491577,0.03333333333333333
60.652912616166276,-34.88335289894221,0.03333333333333333
62.19065080920443,-35.386881123666875,0.03333333333333333
63.28666715635338,-34.4314273018866,0.03333333333333333
63.289608558788785,-34.43161785416173,0.03333333333333333
66.60810493035513,-35.564058173813024,0.03333333333333333
65.51756281045779,-34.8103172717504,0.03333333333333333
67.44330014419168,-35.58116732333584,0.03333333333333333
68.24647713553759,-35.31005855741598,0.03333333333333333
68.17071948060519,-35.15823830829838,0.03333333333333333
66.9030848026744,-34.875585704493126,0.03333333333333333
66.73987307073496,-34.29989264264048,0.03333333333333333
67.25936656213217,-34.174927351237486,0.03333333333333333
68.17071267311985,-35.15820739010939,0.03333333333333333
69.8764112174098,-34.69243987045542,0.03333333333333333
69.83042887612186,-34.50507795866411,0.03333333333333333
71.53757587046124,-35.51015376603704,0.03333333333333333
70.58822098108891,-35.186593610525755,0.03333333333333333
70.48375763220737,-34.64742857901485,0.03333333333333333
52.458392770183,-36.86086546234528,0.03333333333333333
52.01186899065637,-36.803212594009906,0.03333333333333333
51.285297139684715,-36.36947193437857,0.03333333333333333
51.29391146950885,-36.366965341924654,0.03333333333333333
51.294171222990634,-36.36411683778665,0.03333333333333333
51.35273693256361,-36.39693272230461,0.03333333333333333
52.52121443556863,-36.03034401023535,0.03333333333333333
52.4584616104945,-36.86078857720132,0.03333333333333333
54.10248034793494,-36.316292915671305,0.03333333333333333
53.288585071147295,-35.71872833254983,0.03333333333333333
52.8631744136548,-35.77303941731357,0.03333333333333333
55.87167039229439,-36.81381858976175,0.03333333333333333
54.20854128099514,-36.45410215583513,0.03333333333333333
55.75376189279608,-36.271695314600855,0.03333333333333333
55.86018210456786,-36.22832180695453,0.03333333333333333
55.85647335502862,-36.07003636635247,0.03333333333333333
55.54927821180178,-35.47458796643743,0.03333333333333333
54.67234367033864,-35.52621813852562,0.03333333333333333
55.03061811606565,-35.619383610442306,0.03333333333333333
55.05160899500496,-35.627804390379545,0.03333333333333333
55.035753969109756,-35.6261832037439,0.03333333333333333
55.03080413274329,-35.62886597887759,0.03333333333333333
55.02621899432781,-35.623388713392245,0.03333333333333333
55.02507653846957,-35.6251752122655,0.03333333333333333
57.52557853727989,-36.79709503484863,0.03333333333333333
56.24773746825385,-36.59237036638799,0.03333333333333333
55.76941105345061,-36.27050188011122,0.03333333333333333
55.87505303744666,-35.68898801829732,0.03333333333333333
56.30189132188154,-35.57204660502965,0.03333333333333333
58.68664676696358,-36.25113830113986,0.03333333333333333
59.362684791094466,-35.54001148146725,0.03333333333333333
60.62127801641849,-35.477282328858145,0.03333333333333333
61.28870521582715,-36.90349995111768,0.03333333333333333
61.33411004167963,-36.81713635849983,0.03333333333333333
63.88594973224504,-36.86837921412377,0.03333333333333333
65.85854766263255,-36.486853188754274,0.03333333333333333
65.55214139221746,-36.37502495357301,0.03333333333333333
64.85320308070071,-36.24607066086218,0.03333333333333333
64.79365674232797,-36.083586566401614,0.03333333333333333
64.5632089694444,-35.827828764813226,0.03333333333333333
65.80032427789385,-35.690385221828606,0.03333333333333333
64.44807018814325,-35.69876333848103,0.03333333333333333
66.16562377106017,-36.48693778281389,0.03333333333333333
66.0375402229069,-36.093834663754,0.03333333333333333
67.8964360270498,-36.53374753445684,0.03333333333333333
67.92999335356494,-36.511226686375,0.03333333333333333
69.19237351459147,-36.50105881001689,0.03333333333333333
68.6326098352595,-36.09694917702268,0.03333333333333333
69.52780750517849,-36.76576184357559,0.03333333333333333
70.83219390456003,-36.421378804794024,0.03333333333333333
70.84081743979776,-35.775922058135585,0.03333333333333333
72.24267533977019,-36.89493326513517,0.03333333333333333
71.26003693494208,-36.06082390084715,0.03333333333333333
71.02582546978644,-35.908401254926154,0.03333333333333333
73.79527180773668,-36.678067215301326,0.03333333333333333
72.63117199404766,-36.635621825064476,0.03333333333333333
73.6703028246323,-36.61535274113687,0.03333333333333333
72.45911377354983,-35.48987588088597,0.03333333333333333
50.2516667827433,-37.09872705664976,0.03333333333333333
51.920386240872496,-37.758497336976454,0.03333333333333333
52.75007903952147,-36.98753228200879,0.03333333333333333
52.45845049027179,-36.86085132790807,0.03333333333333333
54.17981086655779,-37.85521801134495,0.03333333333333333
53.533540232938115,-37.396023030072755,0.03333333333333333
56.07781364534063,-37.799955026110155,0.03333333333333333
55.4829324603685,-37.23587317256143,0.03333333333333333
56.62121591489994,-37.150305157383926,0.03333333333333333
56.720634519431066,-36.793975276443035,0.03333333333333333
58.07004130619461,-38.05461269973871,0.03333333333333333
58.58766855480635,-36.99458917328121,0.03333333333333333
59.69080256528221,-37.28245753340851,0.03333333333333333
61.6125677869897,-36.79609607986835,0.03333333333333333
61.3341610428697,-36.81718612542375,0.03333333333333333
63.70844198503235,-38.12229396467605,0.03333333333333333
62.28311240227252,-37.58574569750496,0.03333333333333333
63.39739777133725,-37.28875760181601,0.03333333333333333
63.178574225607825,-36.83104975001274,0.03333333333333333
65.40709344898127,-38.16658787788155,0.03333333333333333
66.53464140502733,-38.21222274864352,0.03333333333333333
65.97239490459414,-37.684706876802785,0.03333333333333333
68.28626931914117,-37.67361279771363,0.03333333333333333
67.89309301999218,-37.662639239041575,0.03333333333333333
68.63353419222683,-37.35380675298107,0.03333333333333333
68.18966571007958,-37.139680521299255,0.03333333333333333
68.42065652943569,-36.84978550437843,0.03333333333333333
70.22260547932552,-37.81593500221813,0.03333333333333333
71.98162836760774,-37.68536726621368,0.03333333333333333
72.18303903851695,-37.37761761489583,0.03333333333333333
72.82492579205852,-38.22045935423106,0.03333333333333333
73.18547622614895,-38.21749742024849,0.03333333333333333
72.37680237075003,-37.478642112989775,0.03333333333333333
73.86504161313006,-36.90815481792145,0.03333333333333333
59.06384436492246,-39.03327540278258,0.03333333333333333
59.942550040654716,-39.20335181445769,0.03333333333333333
60.27679955989875,-38.844093976965816,0.03333333333333333
61.01867737597881,-38.724413910025895,0.03333333333333333
61.46492094767717,-38.91551367236379,0.03333333333333333
61.36656138347534,-38.18946988054663,0.03333333333333333
62.91284438336789,-38.22545042985919,0.03333333333333333
64.87730528125095,-38.30941903110111,0.03333333333333333
68.05468251322333,-38.719155082119435,0.03333333333333333
67.69645004932534,-38.68196609181825,0.03333333333333333
67.80574615737329,-38.39972095234683,0.03333333333333333
69.49725722309985,-38.99463402923463,0.03333333333333333
68.10072582475581,-38.6335461956776,0.03333333333333333
69.1978456916045,-38.113636512528046,0.03333333333333333
70.23684238837558,-39.50082181809954,0.03333333333333333
70.23763695078178,-39.49894390329013,0.03333333333333333
70.23461335241129,-39.49408409954058,0.03333333333333333
71.42248397630202,-39.536083575028655,0.03333333333333333
72.94053239112046,-39.50672695170119,0.03333333333333333
71.49171902662782,-39.43731662491774,0.03333333333333333
71.65841972599098,-38.422228963381826,0.03333333333333333
59.757162586785896,-40.12181925692376,0.03333333333333333
58.86907868582224,-39.43547650901716,0.03333333333333333
61.320015226838294,-39.55536661803647,0.03333333333333333
62.447108098077024,-40.497556259671455,0.03333333333333333
64.15425757966294,-40.42346943765615,0.03333333333333333
65.50806277649032,-39.71336855007225,0.03333333333333333
65.4606632261987,-39.59376011379909,0.03333333333333333
66.11657063836688,-40.76945449557293,0.03333333333333333
66.00426743885195,-40.118093340483625,0.03333333333333333
66.37371157847447,-39.968304763463934,0.03333333333333333
67.17603706925144,-39.42602454377084,0.03333333333333333
66.25879462156115,-39.791215382542795,0.03333333333333333
68.94805259587672,-40.20203707190222,0.03333333333333333
68.27661502350472,-40.18091274925068,0.03333333333333333
69.36498887633438,-39.53643058737264,0.03333333333333333
68.27453702019554,-39.811270526963966,0.03333333333333333
70.48522455474681,-40.015502119399535,0.03333333333333333
70.23453624398257,-39.494159868020226,0.03333333333333333
70.23758234756448,-39.49894788635644,0.03333333333333333
70.23682003965081,-39.50079020850193,0.03333333333333333
70.23892200543483,-39.49245505982457,0.03333333333333333
63.80305583751092,-41.9974572651981,0.03333333333333333
64.47918229474992,-41.40547935850925,0.03333333333333333
63.95558306479625,-41.16474102636899,0.03333333333333333
65.3727640441464,-40.79228042992735,0.03333333333333333
65.52998581305012,-41.43215639954278,0.03333333333333333
66.11659427428799,-40.76948525727069,0.03333333333333333
66.79882700451711,-40.897673271958666,0.03333333333333333
67.80094953903482,-41.962707567943795,0.03333333333333333
68.20606891199887,-41.11751015743147,0.03333333333333333
68.96018643744087,-41.13274138875781,0.03333333333333333
70.22061483128202,-41.969911390510134,0.03333333333333333
69.14888462683612,-41.75239832662224,0.03333333333333333
69.15565229794632,-41.746614550770026,0.03333333333333333
72.40100716896748,-41.68275696879473,0.03333333333333333
72.0966532342896,-40.736956823544226,0.03333333333333333
70.68855747780296,-40.74690197997228,0.03333333333333333
65.49885249631198,-43.33368652817837,0.03333333333333333
65.90847649242295,-43.04701900907633,0.03333333333333333
66.62323035714532,-42.43924304243636,0.03333333333333333
66.70981745283048,-42.43359541586779,0.03333333333333333
66.6911703957809,-42.280254881026906,0.03333333333333333
66.13145190931772,-42.2797433946917,0.03333333333333333
66.6286044474805,-42.43701841943457,0.03333333333333333
68.546523304378,-42.81276753260485,0.03333333333333333
66.62318534876601,-42.43920847271985,0.03333333333333333
66.6914092630297,-42.28019438403142,0.03333333333333333
70.14449278496174,-42.070152486692024,0.03333333333333333
70.1438916465701,-42.0522334792765,0.03333333333333333
69.80485350652401,-42.22720858311444,0.03333333333333333
69.27261958831285,-42.34943195611569,0.03333333333333333
70.67133509892673,-42.0542014939867,0.03333333333333333
70.78111050322822,-42.28938700838504,0.03333333333333333
73.34489361226115,-43.302497000985106,0.03333333333333333
72.52243973590701,-42.728233253620964,0.03333333333333333
66.71486292757422,-44.745926110806025,0.03333333333333333
66.4620685991333,-44.48557856511579,0.03333333333333333
66.39680479244744,-44.05353546509923,0.03333333333333333
68.07712610696184,-43.405218040895406,0.03333333333333333
67.87052894018697,-43.60124333347708,0.03333333333333333
69.94914116728808,-44.76102088828864,0.03333333333333333
68.75922506975317,-44.05649942864067,0.03333333333333333
69.64865076501255,-43.84302701627772,0.03333333333333333
68.18464527311787,-43.712175483458935,0.03333333333333333
70.12970467711887,-44.39335685512145,0.03333333333333333
72.36149643861795,-44.34399274564181,0.03333333333333333
73.69779299104994,-44.14591126863721,0.03333333333333333
72.78603223695207,-43.934063404009244,0.03333333333333333
72.515529038954,-43.62230959655609,0.03333333333333333
74.37629351528697,-44.06970843906313,0.03333333333333333
73.66065101177823,-44.046543702777385,0.03333333333333333
74.93525672809142,-44.00831859102501,0.03333333333333333
74.75979891394674,-43.88242932681443,0.03333333333333333
68.56768541466435,-44.98919559316145,0.03333333333333333
69.51619723904561,-44.77389621838809,0.03333333333333333
72.86647882579291,-45.64775067121946,0.03333333333333333
73.35529538206791,-45.48412261720764,0.03333333333333333
71.94160771551151,-45.42981182330031,0.03333333333333333
71.43949497670094,-45.425071077668406,0.03333333333333333
72.24455626106054,-45.404927218036406,0.03333333333333333
72.54907188983168,-45.315073163560974,0.03333333333333333
73.3442291722873,-45.15331349188661,0.03333333333333333
73.44474099866649,-45.94833431333721,0.03333333333333333
75.05091394058823,-45.64675457086139,0.03333333333333333
75.22984620151098,-44.685872128855934,0.03333333333333333
69.48663148276204,-47.353816011460104,0.03333333333333333
68.11756331587885,-46.10121295683607,0.03333333333333333
69.87459654285492,-46.69717368096237,0.03333333333333333
70.12077474690503,-46.32884847196644,0.03333333333333333
73.31653717947971,-46.780559496250156,0.03333333333333333
72.40038673785999,-46.64524159831465,0.03333333333333333
71.99814296917296,-46.13950462252628,0.03333333333333333
75.2578902663523,-46.22053126304949,0.03333333333333333
74.96902619115843,-46.3925478478452,0.03333333333333333
69.7018368318987,-48.67563376969096,0.03333333333333333
70.84772455983199,-48.46215858048353,0.03333333333333333
69.7223122068964,-48.3369417904215,0.03333333333333333
69.34069056701995,-48.241423735993315,0.03333333333333333
69.33399579986576,-48.23206033291395,0.03333333333333333
70.61304397900518,-47.76393052509446,0.03333333333333333
70.77425142542133,-47.44619580581874,0.03333333333333333
70.10645818400174,-47.62269897017517,0.03333333333333333
69.29324122880686,-47.32795370297117,0.03333333333333333
72.96024680933745,-48.64714613340911,0.03333333333333333
72.50979043892029,-47.47749473675231,0.03333333333333333
74.0886346615344,-48.6805128302605,0.03333333333333333
72.96033259842105,-48.647238137726745,0.03333333333333333
74.29208922138253,-48.56725417385154,0.03333333333333333
70.62467412784245,-49.622800847699615,0.03333333333333333
71.2424340481283,-48.758106780968895,0.03333333333333333
72.81367731452141,-49.70542834466104,0.03333333333333333
74.67082757071779,-49.09641189701966,0.03333333333333333
72.96014362773656,-48.647283997709806,0.03333333333333333
72.55328522730916,-50.3731205090151,0.03333333333333333
73.28825791573712,-52.5643042956038,0.03333333333333333
73.29971144948952,-51.86514245367586,0.03333333333333333
331.7775888031923,-23.54782141998266,0.03333333333333333
331.3580705851508,-23.832561740840678,0.03333333333333333
332.17988965168547,-23.80915988746961,0.03333333333333333
331.2236422272395,-23.69287293167055,0.03333333333333333
331.64917453365143,-23.749141846086346,0.03333333333333333
332.82175209111784,-23.577707281880286,0.03333333333333333
330.71511884981703,-26.129149233318714,0.03333333333333333
329.3370362394045,-25.133993290826115,0.03333333333333333
329.9625555027576,-25.245378274745196,0.03333333333333333
330.58304481089283,-24.87790916420197,0.03333333333333333
329.44761080099994,-24.953706695723405,0.03333333333333333
331.4758623184158,-25.90427412675304,0.03333333333333333
331.22366426801165,-25.05145610646377,0.03333333333333333
332.54852315798524,-25.835622686102127,0.03333333333333333
333.213578097907,-25.645135302436103,0.03333333333333333
333.2219912967962,-25.642757760592275,0.03333333333333333
333.3551818035355,-25.448422477148064,0.03333333333333333
333.3803988405556,-25.394676645162438,0.03333333333333333
335.0832394487865,-25.45845916042768,0.03333333333333333
335.37493393573016,-25.381942859398627,0.03333333333333333
334.9148727265717,-25.336880820082158,0.03333333333333333
335.1204920102686,-24.87624057528029,0.03333333333333333
335.1776791996854,-24.944537021870023,0.03333333333333333
338.7618903011321,-26.1262665377972,0.03333333333333333
338.76343808393045,-26.12535531022662,0.03333333333333333
339.83464333094946,-25.79151776898188,0.03333333333333333
339.27566092447444,-25.24094350426831,0.03333333333333333
339.2576819978748,-25.23372705524137,0.03333333333333333
338.91041665601625,-24.928703570364,0.03333333333333333
14.366342917770028,-27.09697834321837,0.03333333333333333
14.362899717150441,-27.097139212229198,0.03333333333333333
14.336515117753313,-26.202011240624717,0.03333333333333333
14.005138170439201,-26.438083681273014,0.03333333333333333
13.005089145204414,-26.211656754436888,0.03333333333333333
13.577024534212725,-26.31792126329723,0.03333333333333333
331.72148850347304,-27.583195575614106,0.03333333333333333
332.0469512212777,-27.187233242640207,0.03333333333333333
330.5294901692158,-26.443901157081214,0.03333333333333333
331.88706229118645,-26.226874653069228,0.03333333333333333
332.18898310434776,-27.631427082830953,0.03333333333333333
333.0020303337164,-27.62841979025113,0.03333333333333333
332.30032415599027,-27.17089155081252,0.03333333333333333
332.29764998290364,-27.17004973777287,0.03333333333333333
332.3068687337874,-27.170190613826538,0.03333333333333333
332.305656930192,-27.167730972721163,0.03333333333333333
332.2981955777068,-27.162517384518427,0.03333333333333333
332.2897057390938,-27.15943276258306,0.03333333333333333
332.30373321838687,-27.165586329241208,0.03333333333333333
333.10145364578193,-27.039200818020863,0.03333333333333333
333.3696115832082,-26.685694874534178,0.03333333333333333
333.3993529711941,-26.595549272228798,0.03333333333333333
331.9997102783248,-26.276586684467745,0.03333333333333333
333.5778543861611,-27.59452530186533,0.03333333333333333
334.48671118085724,-27.533351686553733,0.03333333333333333
333.9570468668656,-27.512781886603666,0.03333333333333333
334.58077291303573,-27.262284225095634,0.03333333333333333
334.01549955729024,-27.00835031707685,0.03333333333333333
21.768761926301764,-28.215269040405456,0.03333333333333333
24.75179009583267,-28.55354678569352,0.03333333333333333
26.847855994410104,-28.959960063014048,0.03333333333333333
28.240674232609912,-28.81050131010581,0.03333333333333333
27.639483646555416,-28.530323636852287,0.03333333333333333
29.798521501819955,-27.80695962479341,0.03333333333333333
29.79770396560546,-27.814442885958556,0.03333333333333333
331.89396381531327,-28.65815178172343,0.03333333333333333
333.21854531161017,-28.435676734957944,0.03333333333333333
332.5240068270393,-27.91075708397664,0.03333333333333333
332.7430386884259,-27.658157768445054,0.03333333333333333
332.50994752501066,-27.802425574439663,0.03333333333333333
332.1876622280138,-27.853847817608198,0.03333333333333333
331.7214758486112,-27.583228205693906,0.03333333333333333
332.86804244927305,-27.63912766599244,0.03333333333333333
333.18039257159785,-28.960765573119808,0.03333333333333333
333.4087396761464,-28.786560123300692,0.03333333333333333
333.3985380422876,-28.42824210005132,0.03333333333333333
333.9125484630616,-27.75138525938201,0.03333333333333333
335.52669923785976,-28.34667888653389,0.03333333333333333
335.07721693781536,-28.21342916865688,0.03333333333333333
335.3021749276469,-28.047411376050736,0.03333333333333333
0.4968921619628843,-29.311221442882104,0.03333333333333333
2.334782415336288,-28.8664225419732,0.03333333333333333
2.7030486187917577,-29.791327943410987,0.03333333333333333
3.4654022850636395,-29.30052703909245,0.03333333333333333
6.256924520082627,-29.97633001693488,0.03333333333333333
8.56370183690095,-30.10741801528037,0.03333333333333333
8.477954545229275,-29.93685399620687,0.03333333333333333
7.969005194202078,-29.592587811984853,0.03333333333333333
11.668520890811445,-30.26473694786841,0.03333333333333333
12.993223970296215,-29.00056339818803,0.03333333333333333
12.305489697939114,-29.06051202589148,0.03333333333333333
12.275306689384664,-29.124023330570868,0.03333333333333333
14.687054637710473,-30.206213310701298,0.03333333333333333
14.668422466041415,-30.033363550798374,0.03333333333333333
13.349543762076195,-30.03314575853253,0.03333333333333333
15.561054131595535,-30.131604077747717,0.03333333333333333
15.480290926955096,-29.935667382902174,0.03333333333333333
17.829265187901033,-30.00504645851688,0.03333333333333333
18.110748086577814,-30.224653009253498,0.03333333333333333
19.388497296847245,-29.573504031429795,0.03333333333333333
18.78250558421689,-29.15009370150415,0.03333333333333333
20.633145334716524,-29.84646084929122,0.03333333333333333
19.388546313397576,-29.573535408315568,0.03333333333333333
19.92281888121984,-28.871706565562754,0.03333333333333333
21.86162671833305,-30.178892754470148,0.03333333333333333
21.922993819361725,-29.613728176345344,0.03333333333333333
22.439052548378612,-28.863782251465413,0.03333333333333333
21.882056762118697,-28.96243075111423,0.03333333333333333
23.915467542367026,-29.472764765700717,0.03333333333333333
23.148508700880395,-29.00444073641217,0.03333333333333333
25.61099583159235,-30.15517271927917,0.03333333333333333
24.056215516199355,-29.72004936487095,0.03333333333333333
24.05681921129134,-29.71927321369773,0.03333333333333333
24.033745063235283,-29.26059432657566,0.03333333333333333
24.69708500715034,-29.096628566601755,0.03333333333333333
26.9905971637608,-30.279527964706297,0.03333333333333333
26.105914655114063,-29.94283929950957,0.03333333333333333
27.01219521145486,-29.29564356655528,0.03333333333333333
26.84089130583089,-29.208346311301252,0.03333333333333333
28.545594305017943,-28.870735753209058,0.03333333333333333
28.564494450701485,-28.881926478115396,0.03333333333333333
29.633988782449673,-30.284092772063946,0.03333333333333333
29.766720486622052,-30.199062478689708,0.03333333333333333
29.32210930913313,-29.792695669920157,0.03333333333333333
30.12468753803324,-29.62495471668187,0.03333333333333333
30.22926062206253,-29.590695751118545,0.03333333333333333
332.6034904635788,-29.536397754884003,0.03333333333333333
332.29099221004617,-28.869488834032047,0.03333333333333333
333.87919363199796,-29.902830884192127,0.03333333333333333
333.8237463228793,-29.72528895289462,0.03333333333333333
333.69417950096704,-29.687704473960146,0.03333333333333333
333.6965041150712,-29.68677871511806,0.03333333333333333
333.5084694218237,-29.389418033637792,0.03333333333333333
333.5215749438156,-29.379588829199747,0.03333333333333333
334.1253072836468,-29.01480498338059,0.03333333333333333
334.93782729725075,-29.570394090805912,0.03333333333333333
335.7244781040063,-29.455650542739573,0.03333333333333333
337.1431590637349,-29.733000598207003,0.03333333333333333
336.12790702031526,-29.650744182978123,0.03333333333333333
337.5076760184757,-29.597960152831288,0.03333333333333333
336.0677440421202,-29.406028813953643,0.03333333333333333
335.89784422961947,-28.874056919602786,0.03333333333333333
338.8843290732825,-29.77583940043047,0.03333333333333333
338.3087977235247,-29.76162023697617,0.03333333333333333
337.50768925239095,-29.59794652431351,0.03333333333333333
338.11779223567487,-29.58160365279001,0.03333333333333333
338.1251198555004,-29.57979904508515,0.03333333333333333
338.46441337703135,-29.24779413219761,0.03333333333333333
338.22889811860887,-29.168472727433834,0.03333333333333333
341.6286544649145,-29.48236764524852,0.03333333333333333
342.16886480605274,-29.02058181256939,0.03333333333333333
342.17280144203085,-29.212283295915185,0.03333333333333333
343.4706720102698,-30.16215109662625,0.03333333333333333
343.7350983730109,-30.053238915358854,0.03333333333333333
343.70376676386564,-29.085474277011844,0.03333333333333333
346.40478183191385,-30.28216103134073,0.03333333333333333
346.0871334418078,-30.130059202574223,0.03333333333333333
345.9452606119126,-29.874104760731612,0.03333333333333333
346.06030710334716,-29.219172419849645,0.03333333333333333
348.1193762067794,-30.28116277389185,0.03333333333333333
347.23962383761454,-29.81099669237907,0.03333333333333333
348.38818714256035,-29.74737457144936,0.03333333333333333
347.2882012762235,-29.414230605084466,0.03333333333333333
353.40298441973994,-30.20172073666195,0.03333333333333333
354.123458862063,-29.80869579137561,0.03333333333333333
355.8714951658232,-30.03336765255501,0.03333333333333333
355.6055863004917,-30.01029469008245,0.03333333333333333
354.7212164304071,-29.91587664595852,0.03333333333333333
355.0960851253472,-29.41921878535942,0.03333333333333333
357.50647665269133,-30.18530531379982,0.03333333333333333
356.89715810559784,-29.22081470219307,0.03333333333333333
2.1401022665644085,-31.44576460296349,0.03333333333333333
1.5669408940419354,-30.97713176943606,0.03333333333333333
1.5608262181779209,-30.377147430861967,0.03333333333333333
3.1199364195988752,-31.04443153319788,0.03333333333333333
2.540793161416992,-30.82543780143225,0.03333333333333333
5.510540447653343,-30.203729262300172,0.03333333333333333
4.679272886387071,-30.668704241141796,0.03333333333333333
7.097211183307519,-30.98986520465949,0.03333333333333333
6.1915104378291534,-30.838838815056057,0.03333333333333333
7.076542453161332,-30.204470073430162,0.03333333333333333
9.194439392266851,-31.15304235966515,0.03333333333333333
9.383716321574845,-30.602097818703342,0.03333333333333333
11.9265356898635,-31.49612477256235,0.03333333333333333
11.929428977074465,-31.49247904906229,0.03333333333333333
11.790473717193654,-31.43933807308049,0.03333333333333333
14.968426195533226,-31.577526857149092,0.03333333333333333
14.041376839547134,-31.369061102488608,0.03333333333333333
13.883649917774902,-31.260498014964096,0.03333333333333333
13.683104869130515,-30.51502373758133,0.03333333333333333
14.687178110323114,-30.20628493403666,0.03333333333333333
14.284116483726544,-30.356468038376786,0.03333333333333333
15.565096416555136,-30.98179777140611,0.03333333333333333
18.051398801263694,-30.19103413553973,0.03333333333333333
17.63296374192362,-30.22570819437789,0.03333333333333333
17.558224802220092,-30.412352669458198,0.03333333333333333
17.65773133563809,-30.215053556783676,0.03333333333333333
17.657210144973416,-30.217510307227467,0.03333333333333333
17.642240884515463,-30.234886548550378,0.03333333333333333
18.642566336872363,-31.184702751152482,0.03333333333333333
18.521860772867417,-31.15078087527749,0.03333333333333333
18.11085354005832,-30.224674259181523,0.03333333333333333
20.052893280648416,-31.61022163809421,0.03333333333333333
21.251050178292946,-31.081182425794243,0.03333333333333333
21.3593347521788,-30.742435844021443,0.03333333333333333
21.50841740252069,-30.46312656286437,0.03333333333333333
24.836024838759798,-31.109526754865108,0.03333333333333333
27.398906208385604,-31.14822845614509,0.03333333333333333
26.478690559034533,-31.039907386086856,0.03333333333333333
27.52943900494946,-30.733771109025078,0.03333333333333333
29.76675256948647,-30.199132461999522,0.03333333333333333
29.633940270516074,-30.28412090989493,0.03333333333333333
33.81627043825897,-30.71881951613144,0.03333333333333333
35.34695621156967,-31.180226707466606,0.03333333333333333
34.832630315404984,-30.701325864325906,0.03333333333333333
35.302237623797105,-30.433066110046486,0.03333333333333333
37.661347680526575,-31.592505252650188,0.03333333333333333
37.63800738676329,-31.59934844485641,0.03333333333333333
37.659961211758784,-31.59293871121739,0.03333333333333333
38.532558816333335,-30.700139018958716,0.03333333333333333
328.3141263704852,-31.184610933080677,0.03333333333333333
328.33210357708106,-31.11631611706396,0.03333333333333333
329.01198870005936,-30.993497601309183,0.03333333333333333
328.72527118265754,-30.709416641837183,0.03333333333333333
332.1570933838848,-30.885039355225345,0.03333333333333333
332.16138413368685,-30.88574715137395,0.03333333333333333
332.348527511477,-30.355930742547887,0.03333333333333333
334.835978913425,-30.197517715435186,0.03333333333333333
335.7052812576074,-31.47744081906759,0.03333333333333333
336.8486669762847,-31.006194645401226,0.03333333333333333
337.19918624431745,-30.91199843220645,0.03333333333333333
337.2030357402056,-30.912229440613665,0.03333333333333333
336.7195029773284,-30.89045372153866,0.03333333333333333
336.62030534879614,-30.39858100110669,0.03333333333333333
336.8290751511377,-30.4771817992068,0.03333333333333333
337.203039871736,-30.912245198360647,0.03333333333333333
337.1992648299098,-30.91198922053911,0.03333333333333333
338.79141059281153,-30.5603414359782,0.03333333333333333
338.4273343986453,-30.32651312377564,0.03333333333333333
337.83119806176575,-30.45271201278242,0.03333333333333333
339.7121523389554,-30.603465637305074,0.03333333333333333
339.12648264943437,-30.423489522502962,0.03333333333333333
341.3907982620035,-30.571707698518058,0.03333333333333333
344.7838160610223,-31.45465248108201,0.03333333333333333
345.0865817766384,-30.86193754473195,0.03333333333333333
344.4260249978932,-30.39925444672916,0.03333333333333333
345.03427881771864,-30.575419642920465,0.03333333333333333
345.93108402728126,-30.971652455477123,0.03333333333333333
345.726556565242,-30.50526287426237,0.03333333333333333
345.03432099076963,-30.57542409319079,0.03333333333333333
348.1460400150509,-31.521224173728427,0.03333333333333333
347.02291493057885,-30.80048761796264,0.03333333333333333
347.5519251311933,-30.34618084459247,0.03333333333333333
348.22145211069534,-30.37807507975489,0.03333333333333333
349.80285349491965,-30.8927877865804,0.03333333333333333
348.5171482086257,-30.80381037644448,0.03333333333333333
348.8308033561476,-30.64921915522369,0.03333333333333333
348.2764286271386,-30.51679469338516,0.03333333333333333
350.3604588557264,-31.12485243647311,0.03333333333333333
350.3167658897393,-30.71853717986991,0.03333333333333333
349.92814830462225,-30.441527299951233,0.03333333333333333
352.0160368608104,-31.589248415136193,0.03333333333333333
352.7970500858204,-31.19022899880941,0.03333333333333333
352.8519887658628,-31.05481794087204,0.03333333333333333
352.27284718301394,-31.05166442467261,0.03333333333333333
352.1022819730951,-30.755993245575123,0.03333333333333333
352.1833683258047,-30.19595668874797,0.03333333333333333
352.08462665241615,-30.45099411410438,0.03333333333333333
353.4029892318476,-30.201780747396306,0.03333333333333333
10.643503319809794,-32.71896442996015,0.03333333333333333
10.565064891250165,-32.215897813910125,0.03333333333333333
11.434797546075151,-31.95811304109312,0.03333333333333333
11.636984749205713,-31.58001095185733,0.03333333333333333
12.829665762352402,-32.83418202419658,0.03333333333333333
13.060862554520225,-32.77825584302507,0.03333333333333333
13.239218999654398,-32.513713329021314,0.03333333333333333
14.340174126822562,-32.3373346580284,0.03333333333333333
14.828721833306235,-32.28197452577265,0.03333333333333333
13.713650924523366,-32.227480713754346,0.03333333333333333
15.041426928322918,-32.02530671766837,0.03333333333333333
13.667158618404784,-32.011715009609304,0.03333333333333333
17.638499034771133,-32.6416963008513,0.03333333333333333
18.328300809921107,-31.823507637291225,0.03333333333333333
19.869377477597748,-32.92435269422578,0.03333333333333333
18.534590554362868,-32.66934686862246,0.03333333333333333
18.52545336020637,-32.637810786149046,0.03333333333333333
19.730098613666467,-31.96560925604184,0.03333333333333333
21.26913199118856,-32.28740231179497,0.03333333333333333
21.494746734204472,-32.92490070439966,0.03333333333333333
22.99959896657239,-32.244244569735066,0.03333333333333333
23.879840159609397,-31.614165292143262,0.03333333333333333
24.96635313248057,-32.3500438065666,0.03333333333333333
24.912603112329933,-32.234719378078594,0.03333333333333333
24.965717117759,-32.139321946341376,0.03333333333333333
26.29382873764112,-32.08271418634608,0.03333333333333333
27.90623437683897,-32.92843594796691,0.03333333333333333
26.54697170128798,-32.763085273438136,0.03333333333333333
26.549448148611074,-32.762350719709396,0.03333333333333333
26.552404846599845,-32.76090911076212,0.03333333333333333
26.550889201943203,-32.762175355182265,0.03333333333333333
27.329541282250172,-32.74216681094086,0.03333333333333333
27.30847665905261,-32.73816740435627,0.03333333333333333
27.31311305754272,-32.74519000772783,0.03333333333333333
27.316535528934878,-32.74822176895325,0.03333333333333333
27.01857956386793,-32.05308426820219,0.03333333333333333
27.008272373427022,-31.52185184574475,0.03333333333333333
29.094285968368048,-32.86775636187512,0.03333333333333333
29.476019287186045,-31.615372211863466,0.03333333333333333
27.98957964654473,-31.734132091829675,0.03333333333333333
27.99703719711785,-31.73857058706777,0.03333333333333333
27.995518917351127,-31.73902347388557,0.03333333333333333
31.092198605999734,-32.79540097859319,0.03333333333333333
31.07999825828465,-32.101058180174164,0.03333333333333333
32.63568662552727,-32.785662473963114,0.03333333333333333
33.940331606106575,-31.752771527439805,0.03333333333333333
10.107157399648573,-34.04884379606051,0.03333333333333333
10.09284396018945,-33.554669067090835,0.03333333333333333
11.190906675112544,-33.17109821550519,0.03333333333333333
12.977856212760033,-33.79256877069859,0.03333333333333333
13.451979319432034,-33.29239208447201,0.03333333333333333
15.36530506399244,-33.791874212644856,0.03333333333333333
15.018499579744676,-33.65902649700721,0.03333333333333333
14.951929911856105,-33.10378350329467,0.03333333333333333
15.645380888568006,-33.90319745738752,0.03333333333333333
16.145199045770458,-32.93079382397563,0.03333333333333333
15.900374434821956,-32.991137517129104,0.03333333333333333
18.05266588095695,-33.94196296129968,0.03333333333333333
18.528180491542415,-33.15651916255034,0.03333333333333333
18.938288109054273,-33.943473724474046,0.03333333333333333
19.78730492732813,-33.937021473665745,0.03333333333333333
20.013405787556483,-33.9014212111314,0.03333333333333333
20.008500242755247,-33.89470925730768,0.03333333333333333
20.009873345255112,-33.89458310637278,0.03333333333333333
20.00765691441995,-33.89603756771656,0.03333333333333333
19.704789837531482,-33.336968620400945,0.03333333333333333
21.520808484920913,-34.25068744767793,0.03333333333333333
20.143976482277104,-34.121603059455914,0.03333333333333333
21.49483007767159,-32.92494287504146,0.03333333333333333
23.043531393335265,-34.187642486676076,0.03333333333333333
22.940224488235035,-32.94910608953699,0.03333333333333333
22.971094547942013,-33.128179897579976,0.03333333333333333
22.941712612220677,-33.12301334895849,0.03333333333333333
23.776399791742268,-34.25261105103405,0.03333333333333333
25.01981855948752,-34.197955346923365,0.03333333333333333
25.05365387185791,-34.14259402088371,0.03333333333333333
25.047550515566424,-33.7842436516723,0.03333333333333333
25.04573016997168,-33.667075383796266,0.03333333333333333
25.75357528816459,-34.19266558988255,0.03333333333333333
26.660967730971265,-33.63113793922063,0.03333333333333333
26.777027711594208,-33.479982545573456,0.03333333333333333
26.962128296225195,-33.069454866047145,0.03333333333333333
29.75748995466893,-33.59267429007294,0.03333333333333333
29.1009204783156,-33.40697897712314,0.03333333333333333
29.20910418930057,-33.314021393859946,0.03333333333333333
28.666633635107694,-33.04378485278328,0.03333333333333333
31.368845798453822,-34.073512122196625,0.03333333333333333
33.125908416277305,-34.17285280556378,0.03333333333333333
32.56819803105134,-33.7204160094266,0.03333333333333333
33.60243816164764,-33.246524296985925,0.03333333333333333
33.60091505746918,-33.24777452929094,0.03333333333333333
36.219751407647365,-34.10951561423316,0.03333333333333333
35.138379029957015,-34.026084345502724,0.03333333333333333
38.07534927116573,-33.845288295885446,0.03333333333333333
41.94033472384501,-33.368180784711804,0.03333333333333333
10.221326939985603,-34.813018559180286,0.03333333333333333
15.508053646290447,-35.33531261867841,0.03333333333333333
15.476011117831506,-35.13874184962801,0.03333333333333333
14.586639577418033,-35.126961879917864,0.03333333333333333
15.067378592944028,-34.96127978456718,0.03333333333333333
14.337257896848119,-34.83324305248977,0.03333333333333333
15.137494012633805,-34.807509914044864,0.03333333333333333
14.103964032790268,-34.443375065716864,0.03333333333333333
14.806556179582147,-34.32102363637064,0.03333333333333333
16.603603142126342,-34.20030579801541,0.03333333333333333
18.908386802289524,-35.55420438772007,0.03333333333333333
18.2146917627688,-35.08989744125595,0.03333333333333333
20.58005949473881,-35.37844961631645,0.03333333333333333
20.579475234187147,-35.34295947332402,0.03333333333333333
21.6065832938032,-35.492332961324294,0.03333333333333333
22.194336212463494,-34.99934433342917,0.03333333333333333
38.24666961230192,-35.366554335434245,0.03333333333333333
41.9445293473129,-35.478052306341404,0.03333333333333333
41.024702923894296,-34.98000627558905,0.03333333333333333
40.49950023326665,-34.1684971962603,0.03333333333333333
40.942462283555216,-34.233341244112175,0.03333333333333333
315.5307505300398,-21.97661861602346,0.03333333333333333
314.62387886116886,-21.900411605022246,0.03333333333333333
315.75288192875547,-21.891304487574896,0.03333333333333333
315.17682643993663,-21.75793867940236,0.03333333333333333
314.54823772595904,-21.60029644789257,0.03333333333333333
315.74618058168375,-21.323651474184068,0.03333333333333333
315.0669844907452,-20.87452683792412,0.03333333333333333
314.3689271121889,-20.986393152858764,0.03333333333333333
316.9553018981389,-22.20132682957185,0.03333333333333333
316.9812394617541,-22.1146825780196,0.03333333333333333
317.20795498408813,-22.096342364756044,0.03333333333333333
317.1560777628792,-22.079437596146846,0.03333333333333333
317.2073982552985,-22.049834069389068,0.03333333333333333
317.20333360272167,-21.61888682764153,0.03333333333333333
315.8036155813503,-21.49784280564896,0.03333333333333333
316.85973073287965,-23.59186685866917,0.03333333333333333
316.7280531555852,-23.02881094390737,0.03333333333333333
316.79027972062045,-22.277263122032238,0.03333333333333333
317.4046139896138,-23.197226286070197,0.03333333333333333
317.04330681602767,-22.6616368366888,0.03333333333333333
316.3290306339496,-24.377501755934272,0.03333333333333333
316.07809698256983,-24.32105519763823,0.03333333333333333
316.97711953460083,-24.539044041228767,0.03333333333333333
316.64025962134036,-24.30261922896144,0.03333333333333333
316.51284521859975,-24.041790086475448,0.03333333333333333
317.65304342680685,-23.82483073083323,0.03333333333333333
317.016994230716,-23.546141194710216,0.03333333333333333
316.9035449619247,-23.770516835178718,0.03333333333333333
318.19046914048124,-24.79238724260857,0.03333333333333333
319.290562284774,-24.255007914229594,0.03333333333333333
319.2536414811865,-23.539886737389683,0.03333333333333333
319.2860126596767,-23.94923546403055,0.03333333333333333
315.11853707823724,-26.29850756736785,0.03333333333333333
315.29726390302653,-25.897831848925357,0.03333333333333333
315.2836875743976,-25.42615529789577,0.03333333333333333
315.29975578543895,-25.31877975974973,0.03333333333333333
316.3892286241952,-25.776809701651267,0.03333333333333333
318.18964178164674,-26.298847321646317,0.03333333333333333
318.8197267255041,-26.15717728947362,0.03333333333333333
318.5579590726892,-25.626992859410862,0.03333333333333333
320.294101716458,-26.05873261205573,0.03333333333333333
320.44338988035025,-25.934578079394488,0.03333333333333333
316.22252076896547,-27.28729471286088,0.03333333333333333
318.32041662287736,-27.46222174778498,0.03333333333333333
317.7715916558664,-27.153553144116028,0.03333333333333333
318.4273132303453,-26.60372666096611,0.03333333333333333
318.4268292017485,-26.583527795058174,0.03333333333333333
318.0197368830155,-26.502703735129103,0.03333333333333333
318.4259223199058,-26.523973932156988,0.03333333333333333
