ra,dec,sep
50.14141315326115,-32.256555573933845,0.03333333333333333
51.48028596578507,-32.88302604889567,0.03333333333333333
50.752099776928816,-32.757283010230395,0.03333333333333333
50.52557779211672,-31.87550606045793,0.03333333333333333
73.78745848707861,-32.92962654923566,0.03333333333333333
73.94008012467211,-32.92719882901039,0.03333333333333333
75.69114583720261,-32.64506107807474,0.03333333333333333
74.42289115630696,-32.57851036327874,0.03333333333333333
75.67398557208394,-31.832624391672425,0.03333333333333333
75.3914756549545,-31.734555916929693,0.03333333333333333
46.6217332236032,-33.89231237580181,0.03333333333333333
48.74740560523959,-33.7456819352516,0.03333333333333333
48.01272148055232,-32.88216581766709,0.03333333333333333
51.7243975592534,-34.26122085620924,0.03333333333333333
54.110690922914884,-33.85277689211512,0.03333333333333333
52.840016893659886,-33.73574071010932,0.03333333333333333
55.16943421243097,-34.25396094013316,0.03333333333333333
55.36765312479218,-33.64785681053523,0.03333333333333333
56.98029339322837,-32.83978063907366,0.03333333333333333
56.003220745746574,-33.08830307709804,0.03333333333333333
59.25324389277852,-33.61751966481372,0.03333333333333333
60.50730638947664,-32.84199219371004,0.03333333333333333
59.244080886836535,-32.92934604466484,0.03333333333333333
62.15115966535149,-33.97644487673473,0.03333333333333333
63.693661648584005,-33.084851091156885,0.03333333333333333
66.00782041145465,-33.75455258004303,0.03333333333333333
66.01465581431563,-32.86399757890652,0.03333333333333333
66.94971891858539,-33.003218035195864,0.03333333333333333
74.27066434650038,-33.610407129003946,0.03333333333333333
73.94107474249401,-33.1906120708319,0.03333333333333333
53.45880745200907,-35.53779099309597,0.03333333333333333
53.44633058171752,-34.86753588842716,0.03333333333333333
56.42712194450586,-35.35067459393458,0.03333333333333333
57.84195337769419,-34.54852807489637,0.03333333333333333
57.57379761114789,-34.164138195710656,0.03333333333333333
61.43066424953785,-35.182855712235714,0.03333333333333333
61.67068923785841,-35.176172410916514,0.03333333333333333
60.62159576542914,-34.987613878513216,0.03333333333333333
61.62657453751833,-34.554841449760126,0.03333333333333333
61.65319367933756,-34.42071332495128,0.03333333333333333
65.72937079306463,-35.33256817704485,0.03333333333333333
68.10080749164653,-35.53501911352874,0.03333333333333333
68.24663051127787,-35.323150022217305,0.03333333333333333
69.87089375469449,-34.474876120323685,0.03333333333333333
71.38095258238815,-34.166485639741566,0.03333333333333333
50.89703192148889,-36.61651595487997,0.03333333333333333
51.26658690782168,-36.373620054006906,0.03333333333333333
54.20697543242992,-36.878832289369576,0.03333333333333333
54.81256723371773,-35.807333616712974,0.03333333333333333
55.98929925105182,-36.759842828953936,0.03333333333333333
56.853049385289076,-36.65466557991017,0.03333333333333333
57.515534468194474,-36.08439346443903,0.03333333333333333
59.167956310286776,-35.51898438188954,0.03333333333333333
59.623171389690654,-36.48366561690528,0.03333333333333333
60.84427723313634,-35.889817819383666,0.03333333333333333
59.51154778540821,-35.7784229725168,0.03333333333333333
62.27668281669692,-36.176887605438,0.03333333333333333
61.68895122737862,-36.112888558665745,0.03333333333333333
64.17938350104384,-35.97829007542258,0.03333333333333333
64.1773145578525,-35.899782728299925,0.03333333333333333
64.28539573989883,-35.48847973371497,0.03333333333333333
65.80944964688618,-35.75989464599872,0.03333333333333333
66.27901003512955,-36.4121400596876,0.03333333333333333
66.49354568245325,-36.15637859930708,0.03333333333333333
69.90145747042824,-35.485035948766004,0.03333333333333333
71.2201415163097,-36.6151248507424,0.03333333333333333
71.97905395671194,-36.548814156255155,0.03333333333333333
72.51359020821991,-35.949944596520645,0.03333333333333333
72.51006677555092,-35.83174739353617,0.03333333333333333
73.40010631778014,-36.57393449166938,0.03333333333333333
73.32889812203697,-35.97297783306188,0.03333333333333333
50.04392259322714,-36.93513057506685,0.03333333333333333
52.511946038570706,-37.09133050343128,0.03333333333333333
56.02445029096364,-37.68141485259833,0.03333333333333333
56.61511753810489,-37.19384365246675,0.03333333333333333
57.875265581215544,-37.54847316493064,0.03333333333333333
57.44721498698711,-37.52445002351697,0.03333333333333333
58.39742431594653,-37.28539538583996,0.03333333333333333
59.70879254996271,-38.093926330889246,0.03333333333333333
59.07502029376237,-37.52012566275919,0.03333333333333333
61.13744822400311,-37.78680506553068,0.03333333333333333
61.94579590947414,-37.490877906705286,0.03333333333333333
62.06800777147517,-37.089727012868465,0.03333333333333333
63.620453190559864,-37.0073879562555,0.03333333333333333
64.57226106990075,-36.79988782540247,0.03333333333333333
66.94770541344046,-37.47930543800718,0.03333333333333333
68.7762032807173,-37.10907517075794,0.03333333333333333
73.8275566536834,-37.96118371396663,0.03333333333333333
72.26050173548316,-37.192177283106815,0.03333333333333333
58.93126891637041,-39.01890618110065,0.03333333333333333
60.98117102517535,-38.22297932292475,0.03333333333333333
61.440242206263285,-39.08544773858417,0.03333333333333333
62.69551246741593,-38.93521891764468,0.03333333333333333
63.686261944484386,-38.83885116585975,0.03333333333333333
66.06259513680004,-39.13963918433756,0.03333333333333333
65.37168620132732,-38.53555684266341,0.03333333333333333
70.77698105127098,-38.9436541298016,0.03333333333333333
71.48616961051255,-38.25364184649485,0.03333333333333333
58.91079038205737,-40.751900253590755,0.03333333333333333
59.209603802146646,-40.315096064890426,0.03333333333333333
59.72674133879917,-40.100564603514144,0.03333333333333333
60.77717298129302,-40.66018278542341,0.03333333333333333
62.35960161994791,-40.36264299306141,0.03333333333333333
62.34732489216319,-40.356924465275505,0.03333333333333333
64.12838931125954,-40.647640082536476,0.03333333333333333
65.88604302125152,-40.775023929096754,0.03333333333333333
64.47336744666073,-40.29098054184642,0.03333333333333333
65.75722765886043,-40.183950321065225,0.03333333333333333
69.33217784195149,-40.078738816454866,0.03333333333333333
70.06720447522905,-40.491802379302825,0.03333333333333333
70.12748853658171,-39.81039868789485,0.03333333333333333
71.50798781001502,-40.481091772981145,0.03333333333333333
64.90323896836749,-41.115694326563776,0.03333333333333333
66.76530643516016,-41.04472676029877,0.03333333333333333
68.8282173522223,-41.97470412178054,0.03333333333333333
68.95252484230859,-40.910755603387656,0.03333333333333333
71.33611275826141,-41.10410152904985,0.03333333333333333
66.70533385717654,-42.29642829001124,0.03333333333333333
66.71047284860991,-42.448790182153786,0.03333333333333333
68.55132095982017,-42.97312832183834,0.03333333333333333
68.60917657251491,-42.072973097744296,0.03333333333333333
70.46899290870303,-42.58690478328486,0.03333333333333333
74.02333933662584,-42.631918905617155,0.03333333333333333
66.63620828253903,-43.93576109352354,0.03333333333333333
69.47579325041247,-44.27857275468792,0.03333333333333333
68.01045751811192,-43.67993245030921,0.03333333333333333
73.54369643186256,-44.69641562502303,0.03333333333333333
73.48210520913432,-44.520207038633956,0.03333333333333333
72.29329849837777,-44.16494310722232,0.03333333333333333
74.77255535702737,-44.02350201587394,0.03333333333333333
75.16441049714327,-44.01927556975824,0.03333333333333333
74.89521692595831,-43.95809009763868,0.03333333333333333
73.28419637313729,-45.42564815416596,0.03333333333333333
73.34839402563813,-45.26825861687997,0.03333333333333333
73.54369596925402,-44.69652342226799,0.03333333333333333
75.23907388983869,-44.933259883073305,0.03333333333333333
69.48017437719618,-47.125466594027394,0.03333333333333333
70.45058961781339,-46.50333404708585,0.03333333333333333
74.02177706690199,-47.225437053827754,0.03333333333333333
69.70191117640987,-48.304728559382106,0.03333333333333333
71.77839154377578,-48.38238010288839,0.03333333333333333
72.40335186895149,-47.66196670788314,0.03333333333333333
72.93754679951907,-48.064345225371646,0.03333333333333333
72.90492124307144,-47.51916397518429,0.03333333333333333
74.31912117609737,-50.57077970039528,0.03333333333333333
74.73563454726785,-50.32743688322513,0.03333333333333333
74.36904215054709,-52.362931451220426,0.03333333333333333
331.81756393550387,-24.03455810672161,0.03333333333333333
331.81700074241155,-24.03430530456913,0.03333333333333333
332.88175591330787,-24.813869129337288,0.03333333333333333
333.30536845731115,-24.879782824174754,0.03333333333333333
334.5954753235036,-25.52256417939799,0.03333333333333333
339.52066563395937,-24.877143223551244,0.03333333333333333
13.978807563621665,-27.590703483906523,0.03333333333333333
14.379635477220518,-27.09660352683464,0.03333333333333333
14.381507122184475,-27.09659176921288,0.03333333333333333
14.377719807271044,-27.09667703393261,0.03333333333333333
331.40784224543165,-27.62946510502255,0.03333333333333333
331.2367568682725,-27.281015622346157,0.03333333333333333
331.2447970650126,-27.277838174726178,0.03333333333333333
330.81751233943714,-26.907577242973503,0.03333333333333333
331.49323236145403,-26.70994679996406,0.03333333333333333
332.72665132212364,-27.63042275881865,0.03333333333333333
332.2521796387578,-27.16750041185059,0.03333333333333333
332.007299746507,-27.116255599337048,0.03333333333333333
334.8863197236139,-26.271629130951148,0.03333333333333333
21.41808614673413,-28.63285703639381,0.03333333333333333
24.866119774091892,-28.731810148011185,0.03333333333333333
24.74217961780273,-28.252963397546694,0.03333333333333333
25.209323438383823,-27.682922278296523,0.03333333333333333
28.21700905321725,-27.823806025114077,0.03333333333333333
29.864806463120388,-28.36578667609768,0.03333333333333333
331.92401027462336,-28.37317389899161,0.03333333333333333
331.73193525603403,-28.36384627772373,0.03333333333333333
333.2167573424432,-28.33040577734261,0.03333333333333333
331.79613845985745,-28.16350929044536,0.03333333333333333
331.6231485573838,-27.54623915447059,0.03333333333333333
333.2090747458904,-27.849278208545947,0.03333333333333333
332.7767616492316,-27.684639400575765,0.03333333333333333
333.5812728627891,-28.69798241816291,0.03333333333333333
333.7624683443392,-28.05378819153903,0.03333333333333333
0.3524562977462781,-30.279698991637964,0.03333333333333333
2.3506213667954725,-29.654918431122447,0.03333333333333333
3.891676751926906,-29.10761204303312,0.03333333333333333
3.237329939560234,-28.868384054383696,0.03333333333333333
7.012283033082127,-30.199616969247145,0.03333333333333333
7.734186802925409,-30.21744781051185,0.03333333333333333
7.587695785970948,-29.30307049138597,0.03333333333333333
7.2444747015987065,-28.90032790495522,0.03333333333333333
11.274860264186074,-30.023791827030355,0.03333333333333333
10.532306720468489,-29.73613311955997,0.03333333333333333
12.68556175304321,-28.99926923282442,0.03333333333333333
14.511606071839989,-30.073105967681087,0.03333333333333333
13.961946342615075,-29.787514859846567,0.03333333333333333
14.818728439092515,-29.20234623292642,0.03333333333333333
19.263368661279927,-29.914067490024124,0.03333333333333333
18.462593890281838,-29.106475478854648,0.03333333333333333
21.228847707644892,-30.010489353693533,0.03333333333333333
21.3229389043229,-29.85119787036154,0.03333333333333333
22.431878306375083,-29.57334787495241,0.03333333333333333
21.694543955765095,-29.17972479711452,0.03333333333333333
28.19681124184145,-29.890677621942874,0.03333333333333333
28.67974746914033,-29.672715251635108,0.03333333333333333
28.269854989027433,-29.094048900022308,0.03333333333333333
29.70926847240945,-30.07723911805977,0.03333333333333333
332.85744362922367,-30.16106586998199,0.03333333333333333
332.4625259914136,-29.643076395167107,0.03333333333333333
331.5363259565368,-29.33445647746712,0.03333333333333333
332.3418810604616,-29.263075555595503,0.03333333333333333
333.48042056001947,-30.28510875972239,0.03333333333333333
333.1681919108612,-29.520124331296053,0.03333333333333333
336.47825081423014,-30.039242287866134,0.03333333333333333
337.14539682274835,-29.739212405655607,0.03333333333333333
337.1366634967945,-29.73561380869819,0.03333333333333333
337.5129172004838,-29.06003244649152,0.03333333333333333
337.8642882165472,-30.18333121151963,0.03333333333333333
337.8556584081289,-29.98872481076925,0.03333333333333333
345.9342363390454,-30.277120410960702,0.03333333333333333
345.24683088556327,-30.129346061386837,0.03333333333333333
345.68264918078364,-29.150618463227467,0.03333333333333333
345.6000534204037,-29.279288748279363,0.03333333333333333
348.38395564872445,-29.4809263992026,0.03333333333333333
355.0110791347322,-29.28398897184981,0.03333333333333333
356.2734795918151,-29.92308451331964,0.03333333333333333
356.91341437901434,-29.380345523483008,0.03333333333333333
2.382172962400896,-31.063554182949986,0.03333333333333333
3.4346551863958563,-30.656184373693193,0.03333333333333333
4.840176228568291,-31.30785236807516,0.03333333333333333
6.577493981793058,-31.365319945089478,0.03333333333333333
13.20241841964818,-31.570277997954413,0.03333333333333333
12.16500898425168,-31.530115564699692,0.03333333333333333
11.931379534096394,-31.496176828471427,0.03333333333333333
13.177638234102096,-31.251560707867732,0.03333333333333333
13.142784714787474,-31.16778911602148,0.03333333333333333
13.172760741167135,-31.153221563172607,0.03333333333333333
13.146970953874984,-31.151222347912803,0.03333333333333333
11.86153543175565,-30.905738127978463,0.03333333333333333
12.948311647514831,-30.60049731599186,0.03333333333333333
13.665193136890345,-31.608257575032557,0.03333333333333333
13.539322796998515,-31.13565928545626,0.03333333333333333
16.074234693111233,-31.094594102392325,0.03333333333333333
15.168859607032097,-30.749168323050537,0.03333333333333333
14.991251038705045,-30.20335587208941,0.03333333333333333
17.132805958227866,-30.349714501948647,0.03333333333333333
17.69008720073419,-30.262967751061243,0.03333333333333333
18.101035932892447,-31.613667012163237,0.03333333333333333
19.433745025620887,-31.36557103356423,0.03333333333333333
18.81099387573304,-31.26592477892449,0.03333333333333333
19.123564445969343,-30.562453083767466,0.03333333333333333
22.079290313849878,-30.84130491420143,0.03333333333333333
22.81556092987001,-30.797476452188818,0.03333333333333333
27.53667504113853,-31.122031120028378,0.03333333333333333
26.21570863021829,-30.886626566156732,0.03333333333333333
26.448824421499943,-30.71953456590436,0.03333333333333333
30.67656002406241,-30.885436001166678,0.03333333333333333
30.31290689719717,-30.195469545555106,0.03333333333333333
329.2414525726247,-30.970821622082525,0.03333333333333333
327.96397144511815,-30.846912602431544,0.03333333333333333
331.5439124416724,-31.084567326138412,0.03333333333333333
332.2164890840685,-30.64966912723208,0.03333333333333333
332.50345420143435,-30.50283665198477,0.03333333333333333
334.72954360010465,-30.20015941702409,0.03333333333333333
335.3236275090569,-30.226611694798926,0.03333333333333333
341.4063684335616,-31.279863559125825,0.03333333333333333
340.3052135563474,-30.660937223629237,0.03333333333333333
340.6035637883872,-30.323687244940924,0.03333333333333333
342.4037936494402,-31.440734395545764,0.03333333333333333
345.0454389618123,-31.30569655708361,0.03333333333333333
343.76629183226737,-30.709308457005747,0.03333333333333333
344.71275634104614,-30.19438856503251,0.03333333333333333
343.76622684097015,-30.32036536315227,0.03333333333333333
346.59931159872457,-31.27242032223884,0.03333333333333333
349.5584367602957,-30.333089404258214,0.03333333333333333
349.7793986146303,-31.208626533270365,0.03333333333333333
350.76812856696296,-30.80295596347889,0.03333333333333333
351.9361330256047,-31.37783088143287,0.03333333333333333
354.38767757896863,-31.606085792992644,0.03333333333333333
353.2420694059895,-30.907428735334054,0.03333333333333333
10.453634910005174,-32.675065878833266,0.03333333333333333
11.314634497329164,-31.520308604193012,0.03333333333333333
10.547925447902413,-31.651066063395643,0.03333333333333333
12.989754823390696,-32.56947632217033,0.03333333333333333
17.990093502948625,-32.14353103812621,0.03333333333333333
17.97848677922294,-31.780043846474072,0.03333333333333333
19.857057411946872,-32.538329931447976,0.03333333333333333
21.485180688490328,-32.546592527890695,0.03333333333333333
20.782281148851983,-32.24827721183844,0.03333333333333333
21.364155733076434,-31.934208239644256,0.03333333333333333
23.10730825694959,-31.690309545475703,0.03333333333333333
22.30510217068979,-31.785835842557674,0.03333333333333333
24.250751581163726,-32.37813126260683,0.03333333333333333
26.029636459088305,-32.66051023817389,0.03333333333333333
24.937658544442648,-31.65775338335236,0.03333333333333333
25.322153335547426,-31.622618529509893,0.03333333333333333
26.81130725998411,-32.91032930382133,0.03333333333333333
27.316716466323115,-32.8331700448171,0.03333333333333333
31.00435777863677,-31.51423673250189,0.03333333333333333
33.628890008980115,-32.83625156855599,0.03333333333333333
33.41317749759462,-32.456989598512266,0.03333333333333333
9.487249482181069,-33.81819268369783,0.03333333333333333
10.964406777822251,-34.10299102976111,0.03333333333333333
12.272731061132419,-33.78508139707904,0.03333333333333333
12.244964145616136,-33.573670667863496,0.03333333333333333
12.788569662184733,-33.02206774947192,0.03333333333333333
16.19741823619413,-33.73698981777762,0.03333333333333333
16.08478557529227,-33.67976686158351,0.03333333333333333
21.467237776089068,-33.471113182470724,0.03333333333333333
22.454151895435796,-32.846335497445324,0.03333333333333333
23.76451059776327,-34.25029759226343,0.03333333333333333
23.386636072223023,-34.21361656921361,0.03333333333333333
24.969292966053448,-33.150330910373214,0.03333333333333333
25.59029376385311,-32.87471823456183,0.03333333333333333
27.36393614314583,-33.843574222568265,0.03333333333333333
29.89141755921373,-33.73874966765794,0.03333333333333333
29.375524093066375,-33.31589734612382,0.03333333333333333
30.290750279486453,-34.007311828864005,0.03333333333333333
30.914498013045012,-33.85209446128753,0.03333333333333333
30.79431801360163,-33.13560780653584,0.03333333333333333
31.937353093338924,-33.896995448918915,0.03333333333333333
31.834719095351467,-33.031742813307574,0.03333333333333333
34.67179683939698,-33.62171398260889,0.03333333333333333
36.354298326055726,-34.16367932030682,0.03333333333333333
36.3123023911265,-33.9934059739231,0.03333333333333333
39.540314049679324,-34.16566304302968,0.03333333333333333
13.922582577401107,-35.103005881863304,0.03333333333333333
15.217708822339654,-35.027700155422174,0.03333333333333333
17.284560649290647,-35.304409873781765,0.03333333333333333
17.405462435906415,-35.09291883270275,0.03333333333333333
17.548197200566314,-34.98876275879785,0.03333333333333333
19.106715473822717,-35.53101197771224,0.03333333333333333
19.24240351233749,-34.511680086364024,0.03333333333333333
22.141242379524094,-35.52890271179632,0.03333333333333333
22.217467823561677,-35.100009615282076,0.03333333333333333
21.339150435350046,-34.93050579729429,0.03333333333333333
21.148231482536822,-34.702280132681764,0.03333333333333333
22.010918330250146,-34.59714283021253,0.03333333333333333
37.13504214102179,-35.27524199624294,0.03333333333333333
38.5021189851899,-34.75122634577846,0.03333333333333333
37.07164506673429,-34.63429068238714,0.03333333333333333
38.11981054243514,-34.21287820528653,0.03333333333333333
37.658052085843956,-34.25551896625499,0.03333333333333333
41.58077151826549,-34.71571373159738,0.03333333333333333
40.22373767834307,-34.170098676249516,0.03333333333333333
314.8231520775016,-21.874464550710453,0.03333333333333333
315.75108056055194,-21.701059295616865,0.03333333333333333
314.95287727362256,-20.874980946892048,0.03333333333333333
316.81661600027616,-22.148360524163078,0.03333333333333333
315.9419816042135,-21.93148508059565,0.03333333333333333
317.038696157074,-23.60438292163257,0.03333333333333333
318.32669014531416,-23.592036458018192,0.03333333333333333
317.5216762265615,-23.38137272687758,0.03333333333333333
317.88399560788565,-23.185514531262303,0.03333333333333333
315.05965151291167,-24.92002215617229,0.03333333333333333
315.1395085733198,-24.781776074835,0.03333333333333333
314.86749065474964,-24.019871448649607,0.03333333333333333
318.731980517336,-23.542429470522666,0.03333333333333333
315.93972591966684,-26.11227532340729,0.03333333333333333
315.96028619219584,-25.689780101,0.03333333333333333
315.9573525591382,-25.45535369194521,0.03333333333333333
315.395714350551,-25.377713889823642,0.03333333333333333
315.78370565953344,-24.933050565189184,0.03333333333333333
317.4591646023613,-26.251746652305712,0.03333333333333333
316.41046971422384,-25.94679641426305,0.03333333333333333
317.4464512667663,-25.21932112300533,0.03333333333333333
318.34285657347937,-26.29777750362555,0.03333333333333333
317.4865019780404,-26.02843019176867,0.03333333333333333
318.5667405041096,-25.68479948523364,0.03333333333333333
318.09180051329724,-25.20272191773169,0.03333333333333333
320.4432880390256,-25.91232230250807,0.03333333333333333
320.4335726307416,-25.875485695664693,0.03333333333333333
320.4001190727781,-25.795032129363733,0.03333333333333333
316.31361518641995,-27.551204924034447,0.03333333333333333
315.3752185640248,-26.456639821282536,0.03333333333333333
321.44700904615087,-26.582111236311306,0.03333333333333333
314.80189569758863,-28.805591480568616,0.03333333333333333
316.3136060244845,-27.551245765731462,0.03333333333333333
319.967723832335,-28.768960540445825,0.03333333333333333
320.2093401753881,-28.64819421743832,0.03333333333333333
315.81201776153483,-30.23213810450573,0.03333333333333333
314.5345459340226,-29.87686056276948,0.03333333333333333
315.25519920704437,-29.62718685642611,0.03333333333333333
316.39353298227053,-30.2458599000648,0.03333333333333333
316.2358220785434,-29.374539866039928,0.03333333333333333
318.2500225846158,-29.237714279017982,0.03333333333333333
323.5655115101173,-29.836357221309875,0.03333333333333333
322.5727334652428,-29.77117657591379,0.03333333333333333
322.85743729121873,-29.234178345918146,0.03333333333333333
323.81665922821236,-29.657479952205605,0.03333333333333333
325.5360902220714,-30.285349747662288,0.03333333333333333
326.1962188178278,-30.28127810867795,0.03333333333333333
326.4869830421278,-29.181008769156524,0.03333333333333333
316.80517887709374,-31.547481287701174,0.03333333333333333
316.39350557802464,-30.245859255928803,0.03333333333333333
316.784453634912,-30.240191363177424,0.03333333333333333
319.0321859053081,-31.567434682899947,0.03333333333333333
318.5008671816078,-31.19260034841733,0.03333333333333333
318.35692727891336,-30.84915314342618,0.03333333333333333
319.5209390552464,-30.75470581653648,0.03333333333333333
319.9153749906665,-30.35175560102305,0.03333333333333333
319.92652039472546,-30.20957207341056,0.03333333333333333
320.40873781798746,-30.43927689217673,0.03333333333333333
321.8464066721916,-30.198276159279875,0.03333333333333333
321.7454076051755,-30.198853713539624,0.03333333333333333
323.54916712685934,-30.7697095713487,0.03333333333333333
315.50001135553856,-31.73890859769273,0.03333333333333333
317.8101939492362,-31.98854265870143,0.03333333333333333
318.37512053529565,-32.47040529809788,0.03333333333333333
318.3037049611436,-32.40773463341627,0.03333333333333333
318.77832485723627,-32.37370109104054,0.03333333333333333
316.8924700168049,-34.01495232532289,0.03333333333333333
316.85191380111837,-32.976108599434205,0.03333333333333333
317.6273065063377,-33.569632618859266,0.03333333333333333
317.4652643740148,-32.848062347019194,0.03333333333333333
315.6298714510368,-34.401677418595874,0.03333333333333333
317.1483628201491,-35.53257444110052,0.03333333333333333
314.87856641436537,-36.5087478135587,0.03333333333333333
315.84404812357405,-35.50353012419705,0.03333333333333333
315.84636623201567,-35.590482697468474,0.03333333333333333
315.8498031645285,-35.733314378756035,0.03333333333333333
319.07516103862184,-36.66121326707609,0.03333333333333333
318.94397783962074,-36.33727854897028,0.03333333333333333
317.83182010283394,-35.86726767702647,0.03333333333333333
315.29555346615683,-37.97586615646546,0.03333333333333333
316.4908570305415,-37.437945773851865,0.03333333333333333
314.9455584204146,-36.99352136314735,0.03333333333333333
317.0387152261786,-37.672147108756405,0.03333333333333333
316.0261564523178,-39.52493297735845,0.03333333333333333
314.9557634328874,-39.308209955550154,0.03333333333333333
314.56194639591587,-38.64731915352543,0.03333333333333333
315.28151785081286,-38.11826481172084,0.03333333333333333
318.9804483121971,-38.11697965644868,0.03333333333333333
319.05182237802796,-38.1164362904805,0.03333333333333333
315.6741462210274,-40.46918407113694,0.03333333333333333
316.55378039242083,-40.00363587636265,0.03333333333333333
317.17216035717684,-40.85238274682565,0.03333333333333333
317.8330360733502,-40.0771372846913,0.03333333333333333
317.15757729209014,-40.07310896269318,0.03333333333333333
314.25449272218015,-41.393571261535385,0.03333333333333333
315.47979456805234,-41.28507791703876,0.03333333333333333
314.5660161378601,-41.23715104629364,0.03333333333333333
317.9190960552525,-41.066009924458726,0.03333333333333333
319.70989510686377,-41.77478119949532,0.03333333333333333
318.25854840478337,-41.54107510742204,0.03333333333333333
319.2236935859134,-41.15982762152844,0.03333333333333333
319.71188165725533,-41.0112602628679,0.03333333333333333
317.0711099746078,-42.59868737590567,0.03333333333333333
317.80666034472364,-42.39623718827706,0.03333333333333333
315.4224350856918,-43.36063570927349,0.03333333333333333
315.2399846905109,-43.360126329633076,0.03333333333333333
315.07884673258883,-43.35722152240493,0.03333333333333333
316.55104116318597,-44.77927527414461,0.03333333333333333
317.0051514449995,-44.7787428202034,0.03333333333333333
317.1496759969088,-44.63856086321274,0.03333333333333333
317.1741593665943,-46.02293631655007,0.03333333333333333
317.14257199907183,-44.81503935214463,0.03333333333333333
315.95729939505884,-47.18498052033489,0.03333333333333333
315.9986741298053,-46.9477723813066,0.03333333333333333
316.3996732807348,-47.893342616549994,0.03333333333333333
315.9456972362652,-47.843097140160786,0.03333333333333333
316.7666256668112,-47.32357454807603,0.03333333333333333
316.7381176353742,-50.53654606890749,0.03333333333333333
315.31927132727617,-50.47593850074154,0.03333333333333333
316.8464371326133,-50.242209698969496,0.03333333333333333
324.8698242171313,-1.122727172849197,0.03333333333333333
327.03677539878845,-1.776858790859257,0.03333333333333333
327.12752180352237,-0.7979329669827752,0.03333333333333333
328.79019896585686,-1.4117109043069616,0.03333333333333333
328.9614166244993,-0.8758735306782233,0.03333333333333333
329.4584227414697,-1.0077579689506668,0.03333333333333333
330.82075335404136,-2.0373914464992566,0.03333333333333333
330.6514734954577,-0.6517901613678672,0.03333333333333333
330.3004206722562,-0.653073013852172,0.03333333333333333
330.43019099717753,-0.8191282090761814,0.03333333333333333
331.2712539370998,-1.5849756354101403,0.03333333333333333
330.9326556241118,-0.6870369369831202,0.03333333333333333
332.23057692441057,-0.7314856021251629,0.03333333333333333
334.87498001297945,-1.5215278815416422,0.03333333333333333
333.8680846258066,-1.1185219070300514,0.03333333333333333
335.60865545872264,-1.5892433387724632,0.03333333333333333
336.0637493271794,-1.3845544085781831,0.03333333333333333
336.97314009939475,-2.0714253716568907,0.03333333333333333
337.2011189206368,-2.0695484875008083,0.03333333333333333
337.3458366571309,-2.0117859003155147,0.03333333333333333
336.56534904151334,-1.9315143197860944,0.03333333333333333
337.0573713987391,-1.6462826274197566,0.03333333333333333
336.6993750271586,-0.6546877532727859,0.03333333333333333
337.3708298666501,-0.9752885718998028,0.03333333333333333
338.5789028426805,-1.5746148622285527,0.03333333333333333
337.7042658631442,-0.6973386206394019,0.03333333333333333
339.03985682863623,-1.7760565035215128,0.03333333333333333
344.1020789729789,-1.2044575893178626,0.03333333333333333
343.5498379046172,-0.8303498619565828,0.03333333333333333
345.0753263469146,-1.9382234090164387,0.03333333333333333
348.59955687718764,-0.6572459798826615,0.03333333333333333
348.464984853162,-0.6601408014772694,0.03333333333333333
350.5124635981914,-1.885748354663915,0.03333333333333333
351.0395290463601,-1.6556682424755191,0.03333333333333333
350.2099072437982,-0.6555512305677793,0.03333333333333333
352.7233857653991,-1.7044528833511492,0.03333333333333333
353.9136012615796,-1.3276392378657853,0.03333333333333333
354.0597795860362,-1.2036350211061742,0.03333333333333333
356.6407963813772,-0.8101909570705059,0.03333333333333333
357.14759929928044,-1.006274485751704,0.03333333333333333
359.3430276789125,-0.9720666178565672,0.03333333333333333
324.1129759679652,-3.2615138371262367,0.03333333333333333
325.38849887766673,-3.0802775664478768,0.03333333333333333
328.0583320415412,-3.0429419952243872,0.03333333333333333
329.10938475802544,-3.2967492274657717,0.03333333333333333
328.321620495728,-2.9675581425475546,0.03333333333333333
328.40068297444736,-2.0143694160742136,0.03333333333333333
329.5706862011104,-2.9008651709575406,0.03333333333333333
330.7949078535962,-2.6589683272634406,0.03333333333333333
330.8167870616153,-2.4829554168583243,0.03333333333333333
150.64569703012458,-6.031650158349772,0.03333333333333333
150.11573653529018,-5.727456453600677,0.03333333333333333
149.5589181105314,-5.352233816869826,0.03333333333333333
150.39178275984943,-5.285395059061582,0.03333333333333333
150.56804037982894,-5.233680212154345,0.03333333333333333
151.22884897893928,-5.884141564928362,0.03333333333333333
151.96218161312382,-5.841644103099236,0.03333333333333333
152.66680112672992,-6.012886473489621,0.03333333333333333
152.15615897455504,-5.688186762952681,0.03333333333333333
152.92456012976024,-5.4253742776697385,0.03333333333333333
150.54274547773076,-7.311315161927206,0.03333333333333333
150.23074894801272,-6.737986870192668,0.03333333333333333
150.7057299054849,-6.6070301410611165,0.03333333333333333
150.6433205610361,-6.38081201555371,0.03333333333333333
153.42813521464385,-6.795851981489379,0.03333333333333333
150.25825008603908,-8.825866946445423,0.03333333333333333
150.34300294452984,-8.728965000896729,0.03333333333333333
150.65352373367662,-8.577445278961719,0.03333333333333333
151.2784685752513,-8.020367043047033,0.03333333333333333
152.60209376051753,-7.4433982420853075,0.03333333333333333
152.62031116313645,-7.424907810779197,0.03333333333333333
152.03546031235362,-7.428194843433938,0.03333333333333333
153.04074661793194,-8.83633154655206,0.03333333333333333
153.18543945719406,-8.635692758904545,0.03333333333333333
150.43616213939603,-10.051909162665911,0.03333333333333333
151.85132439108568,-9.022072405109732,0.03333333333333333
152.2917130570073,-9.11195649695516,0.03333333333333333
153.04086143483204,-8.836374205619123,0.03333333333333333
153.72052779294498,-9.076429694761167,0.03333333333333333
154.21487358955582,-8.803028604894065,0.03333333333333333
150.98359084625662,-11.074830201571784,0.03333333333333333
150.7952380926475,-10.56984698653009,0.03333333333333333
151.27960779282088,-12.792722893268733,0.03333333333333333
150.9675293439346,-11.989977240998964,0.03333333333333333
150.84202988575953,-14.182072947078252,0.03333333333333333
150.32774433404006,-12.821000365413903,0.03333333333333333
152.78540191661605,-13.789636498254893,0.03333333333333333
152.78068767901752,-13.791330573594227,0.03333333333333333
152.79202779368637,-13.772836178272955,0.03333333333333333
152.01005967044682,-15.067043801231296,0.03333333333333333
151.23533027074285,-14.997677590905445,0.03333333333333333
152.00818510094734,-14.87833279432342,0.03333333333333333
150.74720759072045,-14.533429600320265,0.03333333333333333
152.51795413199508,-15.383495204024081,0.03333333333333333
152.47942164635575,-14.620878127755235,0.03333333333333333
157.5721769146539,-15.45399055692816,0.03333333333333333
150.90756337209064,-15.509102052431473,0.03333333333333333
152.37587161226753,-15.947974384980519,0.03333333333333333
152.5984856460132,-15.877560108256302,0.03333333333333333
152.59564370736211,-15.701136498064573,0.03333333333333333
155.08138553631946,-16.767821568480812,0.03333333333333333
155.24927241005327,-16.733295241446182,0.03333333333333333
159.62774664427425,-15.825986332188313,0.03333333333333333
150.04045410113122,-18.079629880025717,0.03333333333333333
150.29405271508702,-17.922275028510878,0.03333333333333333
149.92854441225882,-17.455026834082037,0.03333333333333333
151.10879628705376,-16.861720124180934,0.03333333333333333
153.80975085800262,-17.967857412968808,0.03333333333333333
154.07446619126472,-17.995648129590204,0.03333333333333333
154.91082198973442,-17.787628311282187,0.03333333333333333
155.03405328263037,-17.627830516112198,0.03333333333333333
154.44812803028262,-17.519096669374854,0.03333333333333333
154.66805914952818,-16.853741120479807,0.03333333333333333
155.15921146826514,-17.572607248137672,0.03333333333333333
155.64183084585096,-17.112504417938272,0.03333333333333333
156.01158565899863,-16.8535399357483,0.03333333333333333
156.6760516655765,-18.038197781425843,0.03333333333333333
158.16447774664368,-17.42666506899127,0.03333333333333333
158.15201459868877,-17.427382852699267,0.03333333333333333
159.34302909829768,-16.850983727211233,0.03333333333333333
158.56141938510441,-16.856823894847548,0.03333333333333333
159.31384202900745,-16.879935747989713,0.03333333333333333
159.8139576592581,-17.38427072906545,0.03333333333333333
160.44125327113537,-16.962182231890754,0.03333333333333333
162.25290983347608,-17.306067418798325,0.03333333333333333
163.5833370094577,-18.191589096079035,0.03333333333333333
163.58607121636916,-18.19119929350255,0.03333333333333333
163.592521856682,-18.19605038669944,0.03333333333333333
162.2531027834096,-17.306079902383043,0.03333333333333333
165.0780121546129,-18.236863424053663,0.03333333333333333
166.5534705766747,-17.23932576410412,0.03333333333333333
168.50811156089728,-16.854902717121988,0.03333333333333333
170.72446290416602,-17.041141126025536,0.03333333333333333
175.78280728680602,-18.1201700329784,0.03333333333333333
180.3170735414407,-18.094775887225566,0.03333333333333333
180.2142235916286,-16.85517522700741,0.03333333333333333
180.58591593945926,-17.078446119254632,0.03333333333333333
152.08154334885572,-19.372946135845933,0.03333333333333333
151.85805772478085,-18.87879270400827,0.03333333333333333
152.82845155338794,-19.432687795101906,0.03333333333333333
153.1095998121929,-19.319738308678108,0.03333333333333333
152.64114737801168,-18.590221806883093,0.03333333333333333
152.92765374044353,-18.19510512952439,0.03333333333333333
154.39782490121138,-19.041765677117862,0.03333333333333333
153.59749161738702,-18.706843547910683,0.03333333333333333
153.80874208910532,-18.20169378454872,0.03333333333333333
154.1385510738188,-18.198692064850494,0.03333333333333333
158.7628654776566,-19.614356559081962,0.03333333333333333
160.74822115135262,-19.579195339926976,0.03333333333333333
160.74007516611402,-18.81035953897007,0.03333333333333333
160.7313927644568,-18.287379005970827,0.03333333333333333
161.31321901496324,-18.196927818786627,0.03333333333333333
162.66231719497205,-19.113114933157167,0.03333333333333333
164.77442315407174,-18.83836144987477,0.03333333333333333
165.62366049562158,-18.219539462390195,0.03333333333333333
167.8927531421287,-19.236411342233232,0.03333333333333333
167.87788658449136,-19.233810022040245,0.03333333333333333
170.74249977054956,-19.384526920832435,0.03333333333333333
169.71053631350878,-18.494732259898925,0.03333333333333333
171.5105453235236,-19.4317927566502,0.03333333333333333
172.46628408968346,-18.200611264738537,0.03333333333333333
173.9787722593737,-19.350900321499093,0.03333333333333333
174.36304911582394,-19.20814125453084,0.03333333333333333
174.96191361329812,-19.03069800782081,0.03333333333333333
175.02550490160957,-18.951999822584366,0.03333333333333333
177.88182922385238,-18.917570336799148,0.03333333333333333
178.15240678653737,-19.12872400230345,0.03333333333333333
178.47957483820778,-18.998193662998066,0.03333333333333333
179.30101738409832,-18.309672358798565,0.03333333333333333
178.01842970775445,-18.20209966042047,0.03333333333333333
151.95091327247826,-20.806478532207766,0.03333333333333333
151.90515660299138,-20.76458476645836,0.03333333333333333
156.02584940778544,-20.95010755653805,0.03333333333333333
156.2000000030511,-20.66522895537134,0.03333333333333333
156.84854180126788,-20.583142510697602,0.03333333333333333
158.15425503716432,-20.41565983348427,0.03333333333333333
158.41488873538538,-19.537345708923613,0.03333333333333333
157.69414818764628,-19.54361262404341,0.03333333333333333
160.04969165744538,-20.515373451162933,0.03333333333333333
160.21469829846947,-20.013551504149472,0.03333333333333333
163.1771278475463,-19.995965634802,0.03333333333333333
162.84034047241119,-19.53728407129704,0.03333333333333333
167.4534754696619,-20.461785974406684,0.03333333333333333
166.99000764626328,-19.80465078840707,0.03333333333333333
169.0954263023559,-19.59884818579172,0.03333333333333333
170.8980182721406,-20.073021107168287,0.03333333333333333
171.74863155381686,-19.669418115361946,0.03333333333333333
172.44523664555317,-20.88392971409689,0.03333333333333333
173.54892945599772,-20.54600574085965,0.03333333333333333
173.546939690783,-20.411045520664366,0.03333333333333333
174.19940698462486,-19.848880521262483,0.03333333333333333
176.41645332424534,-19.74823685453069,0.03333333333333333
176.56192403285618,-20.372979515314352,0.03333333333333333
177.6911219543525,-20.22033533475052,0.03333333333333333
178.93903297150302,-20.843133271924373,0.03333333333333333
179.30847465029782,-20.56167893386953,0.03333333333333333
178.6859177457333,-19.53595787931465,0.03333333333333333
150.1951651491032,-20.882044737349986,0.03333333333333333
152.4696746656351,-21.50974255487041,0.03333333333333333
153.4813791333642,-21.189925898142146,0.03333333333333333
154.09819752495883,-20.871645676729678,0.03333333333333333
158.90309588437847,-21.548457035034048,0.03333333333333333
158.78124836560468,-21.062574359591824,0.03333333333333333
159.90569088295558,-21.029260947687842,0.03333333333333333
161.55203886413898,-21.8027812848828,0.03333333333333333
161.26489207701783,-21.304549560961693,0.03333333333333333
160.35522802617962,-20.927099378187343,0.03333333333333333
162.96934750287696,-22.115632477944693,0.03333333333333333
163.24399024970575,-21.840562787504158,0.03333333333333333
162.2153384601564,-20.876887668494522,0.03333333333333333
162.02829134572082,-21.12995834943809,0.03333333333333333
162.02371667558262,-21.123133250664026,0.03333333333333333
164.45856891284663,-22.19667170493728,0.03333333333333333
163.83210880453726,-21.358104230158254,0.03333333333333333
163.68086877446467,-21.057129774860766,0.03333333333333333
163.37394104174749,-20.96096642108927,0.03333333333333333
166.5540994468599,-21.83455718562828,0.03333333333333333
166.8247434952471,-21.01313082859896,0.03333333333333333
169.13952165963815,-21.663930874066033,0.03333333333333333
169.06757955297104,-21.16874747736644,0.03333333333333333
171.3102735804809,-21.700977894285828,0.03333333333333333
171.04042719242508,-21.674462181763868,0.03333333333333333
171.9494934090894,-20.903052456329444,0.03333333333333333
171.63124419991252,-21.036610689116184,0.03333333333333333
172.20893621264008,-22.295182299618663,0.03333333333333333
173.46319395207374,-22.092514273831096,0.03333333333333333
172.44538008855827,-20.88410413332689,0.03333333333333333
174.90109106318027,-22.140344574936837,0.03333333333333333
174.84720372026132,-21.85224546997691,0.03333333333333333
173.91700579905196,-21.793124175169,0.03333333333333333
174.93933834218842,-21.304309187008947,0.03333333333333333
176.3952083446431,-21.68277585560327,0.03333333333333333
175.7027137822954,-21.081669894381264,0.03333333333333333
179.30717978975704,-22.01017580211057,0.03333333333333333
180.27994829443386,-21.663070304175886,0.03333333333333333
179.56217242982387,-21.617734277734122,0.03333333333333333
180.09004805113685,-21.480879236306794,0.03333333333333333
163.94251110783574,-23.624894631001066,0.03333333333333333
163.52781585896602,-23.091600454856334,0.03333333333333333
164.47660815236773,-22.900026520862856,0.03333333333333333
166.0861611591091,-23.61983195049604,0.03333333333333333
167.81329586313208,-23.05048857834971,0.03333333333333333
170.52122861762751,-23.353538449679466,0.03333333333333333
169.79687407173319,-23.065849088435645,0.03333333333333333
169.10597522322414,-22.949504551158608,0.03333333333333333
171.71462085595925,-22.67303769311509,0.03333333333333333
171.38915793870459,-22.60656841861027,0.03333333333333333
173.44326812026898,-23.015718569428863,0.03333333333333333
173.5457396098857,-23.161227264705804,0.03333333333333333
173.46315559175702,-22.85141279489288,0.03333333333333333
177.36096856225413,-23.18912710924825,0.03333333333333333
177.40791213695312,-22.791385282639126,0.03333333333333333
177.82335433082662,-22.38108999221119,0.03333333333333333
179.20840718475853,-22.742252161907334,0.03333333333333333
178.3354868329346,-22.731528065944186,0.03333333333333333
179.79203079038604,-23.62607760475833,0.03333333333333333
180.75524947771373,-23.235267367124592,0.03333333333333333
180.3325330906773,-23.040283164734248,0.03333333333333333
179.35191595889003,-22.78610135360403,0.03333333333333333
164.6763100052007,-24.40423837584713,0.03333333333333333
167.15628260104657,-24.052294899370803,0.03333333333333333
167.9128013605376,-23.814274093933378,0.03333333333333333
169.97385094651975,-24.183487562696147,0.03333333333333333
169.92881735231649,-23.61332146168045,0.03333333333333333
170.62534754058345,-24.657461112640572,0.03333333333333333
172.6846091557362,-23.54325938857634,0.03333333333333333
174.1132881118441,-24.70793787916457,0.03333333333333333
174.53719667829742,-23.72552713773449,0.03333333333333333
209.91334278384903,-1.947167521477684,0.03333333333333333
209.365301427405,-0.7746405494186456,0.03333333333333333
209.90438254718163,-0.7008401431706592,0.03333333333333333
208.3006561916129,-3.3979309840184464,0.03333333333333333
208.2828438226181,-2.0097259122406204,0.03333333333333333
205.83128034317016,-4.274793066782092,0.03333333333333333
205.38906232163865,-4.226027495119888,0.03333333333333333
207.2007266702956,-4.4876117755708815,0.03333333333333333
206.29160737312648,-3.373591658577304,0.03333333333333333
207.71937679869305,-3.5865411648711847,0.03333333333333333
207.34365169165054,-5.670262633073442,0.03333333333333333
210.4945323796301,-5.90565380303712,0.03333333333333333
210.6759996094648,-4.922176841001624,0.03333333333333333
202.93984745721718,-7.365576236876805,0.03333333333333333
202.7720933312869,-6.775002589025857,0.03333333333333333
203.951172687998,-7.18199348988342,0.03333333333333333
204.87146093239102,-7.129832402042779,0.03333333333333333
203.94339012779147,-6.9187302998099645,0.03333333333333333
206.6141161959318,-6.519706049124457,0.03333333333333333
209.3434833315939,-6.749238736994356,0.03333333333333333
207.98883867192959,-6.157548230198584,0.03333333333333333
210.66100393002014,-6.594516777484517,0.03333333333333333
201.23478266913028,-8.254789147600626,0.03333333333333333
202.56583122374283,-8.543637200919797,0.03333333333333333
203.1794771840911,-7.623711926627463,0.03333333333333333
205.0437139088863,-8.071661619858013,0.03333333333333333
205.34462983826583,-7.867419285482082,0.03333333333333333
207.3986296236744,-7.78260543636606,0.03333333333333333
208.9772431627824,-8.198192324897692,0.03333333333333333
203.67461565336498,-8.776657793999469,0.03333333333333333
203.50021288691246,-9.146364678374695,0.03333333333333333
205.2143297537119,-9.880664910753373,0.03333333333333333
205.43913562619667,-9.034555978375415,0.03333333333333333
207.45470803766062,-9.450302268996056,0.03333333333333333
207.17621111311038,-8.961120786461898,0.03333333333333333
199.33833318048093,-11.384462809928586,0.03333333333333333
199.12442989214267,-10.424398778791085,0.03333333333333333
202.54266467385696,-11.002069578118427,0.03333333333333333
202.2859134321159,-10.405731768830854,0.03333333333333333
202.24384513790318,-10.132023807857527,0.03333333333333333
204.22300334409988,-10.673805058137576,0.03333333333333333
203.48578410923525,-10.164179725844411,0.03333333333333333
206.23349053187493,-11.345472945472588,0.03333333333333333
205.493324952252,-10.322352816785923,0.03333333333333333
205.77505782222687,-10.232422588652947,0.03333333333333333
207.01282598933759,-11.545264959651599,0.03333333333333333
207.52889531231426,-11.265337795684864,0.03333333333333333
206.262070185832,-10.660985438950243,0.03333333333333333
206.65133245697825,-10.423678635688761,0.03333333333333333
210.06443670082783,-11.54075110548512,0.03333333333333333
210.13884680567745,-10.358797310649344,0.03333333333333333
195.92281177759747,-11.683782107695091,0.03333333333333333
197.66485864220303,-12.748204612788784,0.03333333333333333
198.00282834530108,-12.063408756771295,0.03333333333333333
198.8464618050051,-12.774156456673696,0.03333333333333333
199.062870311206,-12.332824269044517,0.03333333333333333
199.4276706901593,-12.025164416169126,0.03333333333333333
203.90201495580558,-12.355125339032636,0.03333333333333333
204.25231700717015,-11.859036314312524,0.03333333333333333
204.2485483225259,-11.590089502379474,0.03333333333333333
205.85195989569988,-12.456667606253385,0.03333333333333333
207.02572666276689,-12.413036576747766,0.03333333333333333
205.58316984930082,-12.411446486252713,0.03333333333333333
207.0161793891721,-11.565065827135086,0.03333333333333333
207.28879982211342,-12.763788804063699,0.03333333333333333
208.39543743379002,-11.595672441844847,0.03333333333333333
209.80113689980675,-12.790902059801743,0.03333333333333333
208.42472743743008,-12.502879242483564,0.03333333333333333
208.63285110912608,-11.714345291785495,0.03333333333333333
184.5434952026466,-14.245116624418873,0.03333333333333333
185.5848232839081,-13.338271059562333,0.03333333333333333
189.5120948675092,-14.238991859392279,0.03333333333333333
188.33382252023742,-13.469024655430848,0.03333333333333333
189.3816927224761,-13.440738983893453,0.03333333333333333
190.3836675303513,-12.824725639245086,0.03333333333333333
195.28033092984143,-13.511967192909632,0.03333333333333333
194.4681216192185,-13.061780630877795,0.03333333333333333
195.0572369966249,-13.03021139106703,0.03333333333333333
196.38403577459184,-14.014242578360673,0.03333333333333333
195.48862156917144,-13.899585932915224,0.03333333333333333
196.62167445291888,-13.576703825228586,0.03333333333333333
196.4442726008886,-13.567968459071697,0.03333333333333333
196.62222033795268,-13.565059190129142,0.03333333333333333
196.39179922106945,-13.37076847853298,0.03333333333333333
196.1903695681781,-13.205350142591493,0.03333333333333333
198.02347704781528,-13.87881657869704,0.03333333333333333
196.80641261576986,-12.828252119481665,0.03333333333333333
199.7165470686511,-13.864657298241468,0.03333333333333333
199.52737488037758,-13.837503258523743,0.03333333333333333
200.92669789744843,-13.369727288341196,0.03333333333333333
202.29870625866303,-13.565594898687866,0.03333333333333333
204.29928399776185,-13.808613299506133,0.03333333333333333
204.0021105980883,-13.477238797768125,0.03333333333333333
203.61485156675843,-12.916248546847134,0.03333333333333333
205.31397122729408,-13.876528107230902,0.03333333333333333
205.73831385566243,-13.326315446601514,0.03333333333333333
205.62959350456745,-12.824280444625744,0.03333333333333333
206.62488635969046,-13.288810964617355,0.03333333333333333
208.67752311140063,-14.107301033650439,0.03333333333333333
209.21779195536357,-13.592170218266348,0.03333333333333333
209.09482952008256,-13.247866321433838,0.03333333333333333
208.0011021172937,-13.233811160828076,0.03333333333333333
209.58856880768397,-13.129299629813461,0.03333333333333333
181.5133694389368,-14.58278149614451,0.03333333333333333
183.04674363004366,-15.584630047010627,0.03333333333333333
183.63770027180664,-15.333565192205276,0.03333333333333333
184.64416059095728,-15.410077905248835,0.03333333333333333
185.60206681355785,-15.195603344899334,0.03333333333333333
185.62879250205484,-15.014335751377358,0.03333333333333333
185.19955919406,-14.74195747989092,0.03333333333333333
187.03148244048668,-15.230917405594688,0.03333333333333333
186.23774189388755,-14.874391963307474,0.03333333333333333
186.3247773709198,-14.211181838443485,0.03333333333333333
187.49539674271443,-15.450453245343207,0.03333333333333333
186.969214104529,-15.4441379680935,0.03333333333333333
187.1403924352272,-14.934544660824995,0.03333333333333333
189.83103561160047,-14.79196593234451,0.03333333333333333
190.64351450862145,-15.012450635038915,0.03333333333333333
192.22647268500427,-15.246889610861723,0.03333333333333333
192.62179343262088,-14.252040735852814,0.03333333333333333
192.60614038037343,-14.502007148049431,0.03333333333333333
193.90450965579768,-15.489151705934253,0.03333333333333333
192.74668713444103,-15.104761153682075,0.03333333333333333
193.8958612377712,-14.903493632079654,0.03333333333333333
192.6062813006233,-14.50206743012346,0.03333333333333333
193.5668115585284,-14.496866025491908,0.03333333333333333
193.2635185280166,-14.165472500660856,0.03333333333333333
194.35919568363872,-15.57711519781787,0.03333333333333333
194.39068405399632,-15.272910040397893,0.03333333333333333
194.88977329560416,-15.2370682810358,0.03333333333333333
194.64884201775524,-15.016248497314296,0.03333333333333333
194.57548784725654,-14.84086849568954,0.03333333333333333
195.0632924463717,-14.508755295893998,0.03333333333333333
194.95684662367316,-14.230661832352949,0.03333333333333333
194.17037598609315,-14.169210495923195,0.03333333333333333
196.01595474711132,-15.284162274325647,0.03333333333333333
196.8270191182389,-14.175896408087434,0.03333333333333333
199.18678664362113,-15.534902561404447,0.03333333333333333
198.3887534114737,-15.462139704720574,0.03333333333333333
198.6776530325359,-14.945444433990048,0.03333333333333333
199.41264247318418,-14.16664977561675,0.03333333333333333
199.6963249676783,-14.169169861840913,0.03333333333333333
200.052852041522,-14.460627939013104,0.03333333333333333
202.3688541453648,-14.550658625657434,0.03333333333333333
202.71727287013283,-15.13756014655666,0.03333333333333333
202.79257445808653,-14.829173570228354,0.03333333333333333
206.336196790844,-15.306548519983368,0.03333333333333333
206.6027527715604,-14.768330946558573,0.03333333333333333
207.62770094790974,-14.162074707294162,0.03333333333333333
208.30191785042442,-15.448633964620127,0.03333333333333333
208.30362470352668,-14.973904856410355,0.03333333333333333
208.0475977399517,-14.751457000232675,0.03333333333333333
208.42001758123558,-14.707610838385992,0.03333333333333333
174.49816041052875,0.7080762541835262,0.03333333333333333
174.48252491492428,0.6182099801951,0.03333333333333333
175.3718723049519,-0.5770773440913496,0.03333333333333333
174.89143042940552,-0.4254948984877271,0.03333333333333333
175.94451760347198,0.5274033302212635,0.03333333333333333
178.4936016009612,0.3299381697546149,0.03333333333333333
178.7357899597813,0.18486112503082253,0.03333333333333333
180.20726086898117,-0.390424106025998,0.03333333333333333
181.11683899250028,0.6200674622939129,0.03333333333333333
183.85588135451022,-0.2296599361684864,0.03333333333333333
182.84693352302304,-0.02233855668084737,0.03333333333333333
183.35904839794134,0.08479791948082295,0.03333333333333333
183.88703435058886,0.20209041063276964,0.03333333333333333
183.405243271205,0.7061179500728406,0.03333333333333333
183.2614445620272,0.7049346022395344,0.03333333333333333
184.67804125577408,-0.3789027209075484,0.03333333333333333
