ra,dec,sep
157.96713209517503,-34.853619773852564,0.03333333333333333
158.17859625462543,-33.90953396493444,0.03333333333333333
156.1366542698264,-35.342667924282686,0.03333333333333333
156.87919260930815,-35.33931138004457,0.03333333333333333
156.88970276750538,-33.921271115116554,0.03333333333333333
157.40758591075345,-36.21224327757265,0.03333333333333333
157.99060949452974,-35.27811079297131,0.03333333333333333
157.3234832210572,-36.69234472207434,0.03333333333333333
157.07444157031642,-36.692620070834224,0.03333333333333333
156.53658586034737,-36.696120784013466,0.03333333333333333
151.42202375431012,-24.168326750536604,0.03333333333333333
150.32352457772527,-23.175435217832614,0.03333333333333333
151.02535350205397,-23.166713931002704,0.03333333333333333
156.13095311674533,-23.552663995169148,0.03333333333333333
155.2037626784609,-23.46585528316608,0.03333333333333333
159.7456097449217,-24.61822082802332,0.03333333333333333
150.3161748623447,-25.64581053676311,0.03333333333333333
153.06205529216317,-24.910589790552248,0.03333333333333333
155.33980124351822,-25.386922853496102,0.03333333333333333
155.20130654672263,-24.594501271711305,0.03333333333333333
159.73480460089112,-25.63102146470607,0.03333333333333333
161.021700669606,-25.933725909207645,0.03333333333333333
162.09779631183397,-25.162107015576634,0.03333333333333333
157.79551808893538,-25.9595307707736,0.03333333333333333
160.18458633319548,-26.93077695714731,0.03333333333333333
163.3449876475051,-27.139992963223484,0.03333333333333333
152.12484178828666,-28.504100027410804,0.03333333333333333
152.3948621448796,-28.762551616149498,0.03333333333333333
153.10501402784138,-27.340447846010232,0.03333333333333333
157.311302785916,-28.55458590292727,0.03333333333333333
158.00335656245485,-27.336772807012586,0.03333333333333333
158.66144673587488,-28.583352366148148,0.03333333333333333
160.576787851653,-27.46096364724262,0.03333333333333333
164.74857227330833,-28.73751150613579,0.03333333333333333
164.19579815623746,-27.341411793171805,0.03333333333333333
149.6811639194094,-29.463706851408396,0.03333333333333333
151.63902577766424,-29.93550371363763,0.03333333333333333
151.25273875731898,-28.733000482069787,0.03333333333333333
153.50955009648197,-28.755548635732094,0.03333333333333333
155.59200363729934,-29.570808877039234,0.03333333333333333
154.68580539865425,-28.732882359805426,0.03333333333333333
158.0290903387059,-28.75894355475515,0.03333333333333333
158.93535787795608,-29.78962850944455,0.03333333333333333
163.8426391474425,-29.22607669856623,0.03333333333333333
150.02430652185146,-31.553009436144805,0.03333333333333333
152.886465018018,-30.130772406088372,0.03333333333333333
152.1805594915469,-30.14091547296823,0.03333333333333333
152.9146815510329,-31.048630575318032,0.03333333333333333
153.7687050550307,-30.119722669660806,0.03333333333333333
153.47025202899383,-30.11950266626276,0.03333333333333333
156.2665107881092,-30.652673063849697,0.03333333333333333
157.17900380093772,-31.038241404184603,0.03333333333333333
157.2086145979637,-30.14004104938147,0.03333333333333333
158.83985487748416,-31.522535359732718,0.03333333333333333
158.83751293751294,-31.52320806036111,0.03333333333333333
158.87828453293233,-30.1103705227713,0.03333333333333333
158.38400066992676,-30.119863712313258,0.03333333333333333
159.80640788213552,-31.55671521663631,0.03333333333333333
161.47441182224094,-30.849252934535546,0.03333333333333333
162.27066995749632,-30.75869988343519,0.03333333333333333
162.0384616340618,-30.1427906594542,0.03333333333333333
151.4165331633374,-32.93146701555721,0.03333333333333333
152.93984158124888,-32.43794193331265,0.03333333333333333
153.92004345854363,-32.289447791726126,0.03333333333333333
157.97698381611053,-31.519253277060443,0.03333333333333333
160.0876800345177,-32.7994848753103,0.03333333333333333
150.7707181855397,-34.285803875346524,0.03333333333333333
149.48358738891747,-33.1786172313488,0.03333333333333333
150.3833525981921,-33.04326108927795,0.03333333333333333
150.40672265402168,-32.882131649343144,0.03333333333333333
152.9564317601829,-34.29639386821668,0.03333333333333333
154.07782142695768,-33.56382825508867,0.03333333333333333
161.0864265117472,-33.573114114688885,0.03333333333333333
161.38830376332808,-34.27336354025546,0.03333333333333333
164.05505431639793,-34.288836446255196,0.03333333333333333
163.85660294298393,-33.859709344618764,0.03333333333333333
149.9857033878499,-35.673153735262105,0.03333333333333333
150.5321903609348,-35.67118288690082,0.03333333333333333
150.32811860761518,-35.67264397604929,0.03333333333333333
153.42611752163796,-35.55862460323203,0.03333333333333333
165.4067977197879,-34.8557680660913,0.03333333333333333
151.36242997478598,-37.0439524256211,0.03333333333333333
150.34053041002875,-36.90785248434588,0.03333333333333333
150.34345612577488,-36.36023161905911,0.03333333333333333
151.12073569607682,-35.6386229618998,0.03333333333333333
152.14773887281504,-36.73035703458572,0.03333333333333333
155.65158960596418,-36.9023463587666,0.03333333333333333
163.53634718988116,-37.045656962545316,0.03333333333333333
162.515650041078,-36.574052854141335,0.03333333333333333
150.83321357311652,-38.41429873694168,0.03333333333333333
150.4788764485886,-37.28205180838733,0.03333333333333333
149.74941795937931,-37.16627504116457,0.03333333333333333
151.5965106312249,-37.815402767820906,0.03333333333333333
151.60526797652437,-37.80231178154944,0.03333333333333333
152.60244511715547,-37.02783213367049,0.03333333333333333
154.755114203685,-37.671990131399845,0.03333333333333333
165.62069587224326,-37.115496073518585,0.03333333333333333
149.78881606990194,-39.79291055464593,0.03333333333333333
149.15783754849198,-39.505764403462685,0.03333333333333333
150.74173468394466,-39.375773299619134,0.03333333333333333
150.24561993489834,-39.41588508867294,0.03333333333333333
153.55972095859576,-39.11936178670809,0.03333333333333333
155.75973043034236,-39.16661255574749,0.03333333333333333
156.62217521755576,-39.37300573708651,0.03333333333333333
160.0795511904486,-39.179329817095855,0.03333333333333333
165.4690141828879,-39.289439388840506,0.03333333333333333
163.6589281500442,-38.75888586815208,0.03333333333333333
154.14857974260718,-41.06440910546071,0.03333333333333333
149.848960168717,-41.70325065031671,0.03333333333333333
153.70848153807933,-41.73865594252537,0.03333333333333333
161.60396670739192,-41.95529910465022,0.03333333333333333
163.00750029878168,-41.96885419566257,0.03333333333333333
163.95305284259857,-41.13399719430209,0.03333333333333333
151.8003064361314,-43.18112996803487,0.03333333333333333
156.86911573764465,-43.11264855100319,0.03333333333333333
156.86516590334512,-42.97997983729803,0.03333333333333333
156.96556060694496,-43.90370677872753,0.03333333333333333
156.96375808362262,-43.903819286227844,0.03333333333333333
157.17951537518624,-43.832660960105564,0.03333333333333333
158.14613917140957,-43.11948420268606,0.03333333333333333
158.14675257939038,-42.49805519626464,0.03333333333333333
164.16290089688027,-42.49503798366562,0.03333333333333333
152.81570652134639,-44.57222297861679,0.03333333333333333
153.75373824202194,-44.49846383020551,0.03333333333333333
156.9637129340573,-43.90389541595707,0.03333333333333333
156.96552926317239,-43.90377424167153,0.03333333333333333
162.28329028285503,-45.259194469237,0.03333333333333333
161.77335486477384,-44.88568196283895,0.03333333333333333
161.7289226445854,-44.27239736036634,0.03333333333333333
163.13488234779288,-45.279051754506675,0.03333333333333333
163.27750422323808,-45.278221636635095,0.03333333333333333
155.0248368273405,-46.12164288393608,0.03333333333333333
155.46690340297408,-45.874968627216255,0.03333333333333333
155.97606375129874,-45.22318331202288,0.03333333333333333
160.1287881034728,-45.93165081801156,0.03333333333333333
162.3082440398014,-46.49024421318711,0.03333333333333333
164.94440651137128,-46.63655938293784,0.03333333333333333
164.40737635562638,-45.90586091811566,0.03333333333333333
151.43506046797674,-46.57434114783171,0.03333333333333333
156.41618829901012,-46.574047728093795,0.03333333333333333
155.50837715740585,-46.57838885953085,0.03333333333333333
157.89717323897025,-46.576377569883086,0.03333333333333333
162.17202424386159,-47.7159940127221,0.03333333333333333
164.3079665625576,-47.66979296726016,0.03333333333333333
2.0471043445714274,1.0008998332737824,0.03333333333333333
2.6004631929730784,1.430751216679095,0.03333333333333333
2.9729386302949123,1.4423918112515757,0.03333333333333333
5.794702286778074,1.406103939044776,0.03333333333333333
7.789033452512172,-0.024833540181993644,0.03333333333333333
9.789238950909432,0.6698562687124668,0.03333333333333333
12.50586461795442,0.03449928104468024,0.03333333333333333
13.379269784221703,-0.26420977227150605,0.03333333333333333
14.306641296242704,0.34027087071793344,0.03333333333333333
18.69288968368499,0.0437448805567159,0.03333333333333333
19.919205907553327,0.008993537036852656,0.03333333333333333
24.11961493287005,0.026195752546741502,0.03333333333333333
25.48450964845401,0.02726261312712821,0.03333333333333333
27.082155171063967,1.4435699526556067,0.03333333333333333
30.01407705069201,0.010234513754027385,0.03333333333333333
29.948435289837352,1.4415609746701858,0.03333333333333333
31.316116412449578,-1.1004398523892902,0.03333333333333333
39.33233379333194,0.03245000485269773,0.03333333333333333
39.56414365171168,0.026340034236961442,0.03333333333333333
41.19871461615653,0.02864985885880598,0.03333333333333333
48.24542934625289,-1.3717351856243878,0.03333333333333333
48.31032727901689,0.040018171537247266,0.03333333333333333
52.90761196308445,1.4119598623305274,0.03333333333333333
57.31531837702651,-0.09508253691067103,0.03333333333333333
60.06204423774292,-0.9933700440480976,0.03333333333333333
299.9961001317508,-0.6695084665137175,0.03333333333333333
300.52320053686515,-0.4890812148578875,0.03333333333333333
300.17611807892916,-0.4543337038694672,0.03333333333333333
300.15360449004544,0.03717608356002231,0.03333333333333333
299.98620649002487,0.01925926875123121,0.03333333333333333
300.6109251919282,1.4399156981329042,0.03333333333333333
302.4746962855208,-1.3648423744241391,0.03333333333333333
302.46418340779064,-0.8216858745468197,0.03333333333333333
302.14165545857594,0.044369932372430594,0.03333333333333333
301.8342893497478,0.025137191445901482,0.03333333333333333
301.8797699532493,1.4339511822449418,0.03333333333333333
304.54219131810805,-1.3741867039730382,0.03333333333333333
304.3726201233784,0.035529092824869095,0.03333333333333333
304.3140133491607,0.03986793914710386,0.03333333333333333
304.49545471392776,0.04211394456792223,0.03333333333333333
304.79674419491107,0.02619350067178044,0.03333333333333333
304.58609653278285,0.02380760928889852,0.03333333333333333
305.18348471237806,0.08687103914692614,0.03333333333333333
305.08972362030585,0.13141603177825725,0.03333333333333333
304.325081862474,0.41825333231024014,0.03333333333333333
306.6690238980794,-0.8848307275319228,0.03333333333333333
309.22386514433543,-0.8998158697170057,0.03333333333333333
308.62381305665144,1.4054759181760714,0.03333333333333333
310.08454168716395,0.03521698574322032,0.03333333333333333
312.07133581521634,0.00953919783221378,0.03333333333333333
313.85888189591367,-0.6574100652183903,0.03333333333333333
312.7940176475467,1.4047722512642915,0.03333333333333333
313.54327979145785,1.4095333872577558,0.03333333333333333
313.2295163380652,1.40852311729144,0.03333333333333333
313.2113388837357,1.4040430224818097,0.03333333333333333
314.4111342477877,0.023842928853666016,0.03333333333333333
314.5353369422031,0.026913792507436002,0.03333333333333333
314.6280272695623,0.025998280746325927,0.03333333333333333
314.55427463218314,0.02759430415750817,0.03333333333333333
314.3849357004875,0.732634793869032,0.03333333333333333
314.46681433668164,1.4341845044401542,0.03333333333333333
316.15046522438223,0.030828921140150588,0.03333333333333333
316.0499185637098,0.03275574157808117,0.03333333333333333
319.2708733231353,0.04640052507094262,0.03333333333333333
318.70777268219683,0.04084880326217115,0.03333333333333333
318.9041127689485,0.034207278646200955,0.03333333333333333
318.72067766497486,0.02419943970942068,0.03333333333333333
319.14174785698435,0.030504860227196905,0.03333333333333333
320.31930704216154,-1.372679097681673,0.03333333333333333
320.94996895167617,0.4559560267975376,0.03333333333333333
320.5635819249888,1.4414596601817151,0.03333333333333333
320.42006848642586,1.4383541325507272,0.03333333333333333
321.6610663960829,-1.3724111320632135,0.03333333333333333
321.7991513502654,-1.370372851617346,0.03333333333333333
323.2717045786333,0.03118278654578425,0.03333333333333333
323.2595633814877,1.4410342838232748,0.03333333333333333
324.4949706045002,-1.1889460206272096,0.03333333333333333
326.12687306940575,0.040409663722543496,0.03333333333333333
326.6985438758756,0.14744987282316369,0.03333333333333333
329.8853312241281,1.432810193470926,0.03333333333333333
333.0662269120916,0.034331331897855234,0.03333333333333333
332.8853134972825,0.0253980489485216,0.03333333333333333
335.0066317556469,0.010497799604072437,0.03333333333333333
334.5974871304474,0.008933962836632352,0.03333333333333333
334.47944284122286,1.1837943819818513,0.03333333333333333
336.1551523311548,-1.2032416241079138,0.03333333333333333
338.03519813502015,-1.3092066758995464,0.03333333333333333
341.19245341409146,0.696264520106879,0.03333333333333333
342.9480259153873,-1.3730371493065965,0.03333333333333333
343.0723808599947,0.03264448241765351,0.03333333333333333
343.6175815178249,1.2397080849796178,0.03333333333333333
344.37463961015646,0.041662362371097834,0.03333333333333333
350.1466785895745,1.444812515646683,0.03333333333333333
351.3306080429088,0.025820692578702318,0.03333333333333333
352.757773598408,-0.6046752889819434,0.03333333333333333
353.07374055885873,0.009314793301221041,0.03333333333333333
352.8879500361664,0.03133341302255907,0.03333333333333333
352.4899194224383,0.5833635403451684,0.03333333333333333
355.8808475436303,-1.1513027642003293,0.03333333333333333
355.88004906498946,-1.0652346417068363,0.03333333333333333
357.0748965711725,-0.022099823806234525,0.03333333333333333
48.588751790141856,-30.193579549341912,0.03333333333333333
48.37104097368265,-30.195290352660518,0.03333333333333333
62.896990490717535,-30.370728973400283,0.03333333333333333
66.36176141852252,-30.188755944646307,0.03333333333333333
73.21907176282639,-32.93614942786008,0.03333333333333333
58.90008134441035,-33.2107124545388,0.03333333333333333
66.23526170432922,-34.77804025173424,0.03333333333333333
70.71596214000394,-34.211724058440225,0.03333333333333333
60.49305606211104,-36.10422320643826,0.03333333333333333
68.23879006470169,-35.70928933283565,0.03333333333333333
64.57219951496025,-38.11700204807889,0.03333333333333333
58.907849415529185,-38.115065999443544,0.03333333333333333
59.25772750914815,-40.054823450022994,0.03333333333333333
65.88434793378747,-40.70786772448629,0.03333333333333333
65.40277655053389,-41.818548065749546,0.03333333333333333
67.72031622525888,-41.18273454023206,0.03333333333333333
69.3303125740463,-41.85123577410733,0.03333333333333333
70.95382519675654,-48.34390844564096,0.03333333333333333
329.77750565112444,-25.347740851454997,0.03333333333333333
333.786828408596,-25.639657435083443,0.03333333333333333
331.07827586120897,-27.631084450010594,0.03333333333333333
17.21579585860207,-29.61793078997969,0.03333333333333333
333.60096628603196,-29.98098137914205,0.03333333333333333
339.07930058728937,-30.01482519940033,0.03333333333333333
343.732691749644,-29.878710809426106,0.03333333333333333
347.6885285857752,-29.517454455434226,0.03333333333333333
352.2518322909304,-29.779436002303893,0.03333333333333333
14.239008217263546,-30.196961181375446,0.03333333333333333
351.0782413486652,-31.60872162842173,0.03333333333333333
29.143985611812703,-32.11739713474637,0.03333333333333333
30.310365840864442,-31.728583712955565,0.03333333333333333
21.24917706369621,-34.64933479395216,0.03333333333333333
41.43522004887448,-34.16157866528087,0.03333333333333333
317.2080532515702,-22.155414209386407,0.03333333333333333
316.8417436565586,-27.284105534884034,0.03333333333333333
321.8097890252883,-30.281307291966595,0.03333333333333333
324.65811172237284,-31.35786644112566,0.03333333333333333
317.13006298136395,-31.833531560106426,0.03333333333333333
319.5178198321214,-34.228701128177036,0.03333333333333333
319.57487098233884,-33.99467622559422,0.03333333333333333
315.6971628223632,-35.58293492304986,0.03333333333333333
319.517818265895,-34.228740367308475,0.03333333333333333
315.86514615355463,-36.52343979087443,0.03333333333333333
317.5282348783433,-36.64688318672433,0.03333333333333333
317.5748733461296,-38.22111407156929,0.03333333333333333
318.42464646193434,-38.056272533590715,0.03333333333333333
315.81461785352883,-38.56069327925968,0.03333333333333333
315.7280813964382,-40.8483083251721,0.03333333333333333
316.41115448294687,-42.7812242143475,0.03333333333333333
315.0666174155798,-43.3625566909306,0.03333333333333333
316.35657698519213,-44.722404089584415,0.03333333333333333
331.62520206341685,-1.296966324072315,0.03333333333333333
333.3528448424801,-1.63766586434511,0.03333333333333333
332.3578914530488,-1.5168715135908202,0.03333333333333333
336.1551418584655,-1.203228936546676,0.03333333333333333
344.40691832334505,-1.9769966126812584,0.03333333333333333
330.5388749847869,-2.0097191021677627,0.03333333333333333
151.57165594109023,-6.5743506042744455,0.03333333333333333
153.53484046817857,-7.982473209186227,0.03333333333333333
151.2879237161028,-12.16405195501964,0.03333333333333333
150.4653889921141,-12.893157954801302,0.03333333333333333
151.93338544911492,-14.163277816180834,0.03333333333333333
153.00126572614988,-14.164949375038864,0.03333333333333333
152.2823832786167,-15.509361068100581,0.03333333333333333
149.66751352190624,-17.907756991171773,0.03333333333333333
152.8181274669201,-17.691006662063714,0.03333333333333333
154.4009982375733,-17.535628487907275,0.03333333333333333
176.4863587704617,-18.167570729956783,0.03333333333333333
156.45738077020582,-19.40557172038041,0.03333333333333333
165.02780304010514,-19.231362061718432,0.03333333333333333
166.8297504542546,-19.55541255601515,0.03333333333333333
170.4859798104406,-18.19357113526443,0.03333333333333333
175.0296747624116,-19.37376428493981,0.03333333333333333
177.60959265986014,-18.19528319782126,0.03333333333333333
177.9046392204084,-19.1709409412713,0.03333333333333333
180.47322728801936,-18.88582768843834,0.03333333333333333
180.4772638227824,-18.88438817240201,0.03333333333333333
180.4707539538797,-18.869071106666347,0.03333333333333333
180.47066639368427,-18.867649895859124,0.03333333333333333
152.79126867563463,-20.870559523696024,0.03333333333333333
154.83010477134548,-20.866858879432712,0.03333333333333333
158.66834439950574,-19.53564558428387,0.03333333333333333
165.4328884680659,-20.05557164767116,0.03333333333333333
166.82971734450118,-19.55555857294575,0.03333333333333333
176.23978906868214,-19.533616960812626,0.03333333333333333
178.1150766936699,-20.103904808378672,0.03333333333333333
151.9111808915411,-22.29371130689485,0.03333333333333333
151.6877791058388,-22.29369823463111,0.03333333333333333
154.47290033657018,-21.040750649014008,0.03333333333333333
154.30480154231182,-21.066758849089943,0.03333333333333333
158.30996861973102,-21.796948916515884,0.03333333333333333
159.75467689646442,-22.291410445122015,0.03333333333333333
164.78718346530468,-22.195391631474138,0.03333333333333333
172.85722559346516,-22.292107084182092,0.03333333333333333
173.12582327554497,-22.289216518260726,0.03333333333333333
172.80766140196602,-20.874197271567585,0.03333333333333333
176.06678756619618,-20.872107561778872,0.03333333333333333
173.71540629007873,-23.57481643709815,0.03333333333333333
174.85074360973368,-23.627453015369362,0.03333333333333333
175.63731886223468,-22.21133228584973,0.03333333333333333
176.3580934104612,-22.235445879086495,0.03333333333333333
179.29825049088214,-23.499060075010508,0.03333333333333333
168.58890885639528,-23.540956520996343,0.03333333333333333
168.67501934507877,-23.727739165310048,0.03333333333333333
169.344908744589,-24.37680686356688,0.03333333333333333
168.67500774862572,-23.727742230394554,0.03333333333333333
173.69475263181957,-23.593911983827677,0.03333333333333333
209.75787260842196,0.65240184287611,0.03333333333333333
207.3170580381289,-2.7245266044924237,0.03333333333333333
207.9804130415223,-5.640174607349876,0.03333333333333333
205.91016519674625,-8.234371065828142,0.03333333333333333
201.31194418690083,-8.787435346744292,0.03333333333333333
202.39967810068367,-10.716626137891518,0.03333333333333333
205.00717304938118,-10.131700683247784,0.03333333333333333
197.33825594141902,-12.731582167364529,0.03333333333333333
185.04810131029416,-14.241725060918018,0.03333333333333333
190.88722809215943,-13.847862562480044,0.03333333333333333
203.63080441448884,-13.44195890418782,0.03333333333333333
209.2196945061045,-13.884694525853936,0.03333333333333333
192.88488862716488,-14.221155675817876,0.03333333333333333
195.16373024910482,-14.666465631319904,0.03333333333333333
206.28642528841655,-14.785102006850133,0.03333333333333333
175.55137074064442,0.33426996088918715,0.03333333333333333
178.55129628495746,0.13677777560889642,0.03333333333333333
182.74348362171855,-0.4846361604042929,0.03333333333333333
186.4280748118269,0.5727372676461775,0.03333333333333333
175.93885980594212,-2.0091597701673405,0.03333333333333333
174.7623835239586,-2.0165306364103945,0.03333333333333333
38.39285833594685,-39.04470809996566,0.03333333333333333
37.233421654804204,-40.74555984616921,0.03333333333333333
224.26627658424167,5.439450086448307,0.03333333333333333
222.84643615204917,-22.291643052292727,0.03333333333333333
223.1531874198552,-25.450983267821407,0.03333333333333333
222.5686552229201,-24.886243406032406,0.03333333333333333
158.56338675853613,-35.342437170324004,0.03333333333333333
158.78377078692697,-35.33975335586624,0.03333333333333333
158.7290208497463,-35.259768428084676,0.03333333333333333
158.50313124725002,-35.282577409727544,0.03333333333333333
157.4077999649121,-34.85263121615488,0.03333333333333333
157.41203038598908,-34.80732452435069,0.03333333333333333
157.7403937388915,-34.707916103906605,0.03333333333333333
157.40985063719666,-34.63452361193393,0.03333333333333333
158.25898202604355,-34.507554088078734,0.03333333333333333
157.85298382715715,-33.909342805779445,0.03333333333333333
158.6222802111339,-33.89994773290312,0.03333333333333333
158.0648089559287,-33.911860981978144,0.03333333333333333
157.61659074705602,-33.93357000335861,0.03333333333333333
157.0208497074673,-35.3376495815456,0.03333333333333333
157.54753725216128,-34.578964658447966,0.03333333333333333
157.1051902305326,-34.224101842017014,0.03333333333333333
156.61028824436048,-33.925989239131134,0.03333333333333333
157.4099439878381,-36.465602795184395,0.03333333333333333
157.4072222412444,-36.17783058815039,0.03333333333333333
157.40728643906246,-36.154670839604385,0.03333333333333333
157.40586748371354,-36.11017334392303,0.03333333333333333
157.39557684206983,-35.541176352163525,0.03333333333333333
158.47119626262332,-35.270071280411464,0.03333333333333333
158.24962934431258,-35.27867821150978,0.03333333333333333
158.48657068854357,-35.27469998105626,0.03333333333333333
158.5031268315751,-35.282679860025794,0.03333333333333333
158.35861318641946,-35.279696003919256,0.03333333333333333
157.07538277749532,-36.69180570909017,0.03333333333333333
155.91777428751132,-35.825975288268005,0.03333333333333333
156.78963642832198,-35.27473513810962,0.03333333333333333
156.81750867466562,-35.27383239361632,0.03333333333333333
156.6417685585297,-35.28145875427563,0.03333333333333333
156.2895097678711,-35.280805698043444,0.03333333333333333
149.9152084912595,-24.103724530417413,0.03333333333333333
150.3829599194086,-24.02578258637063,0.03333333333333333
151.44028216685064,-23.830518990795284,0.03333333333333333
150.21840840834727,-23.17681262368302,0.03333333333333333
153.61172675715056,-23.48469131528541,0.03333333333333333
153.16893459372503,-23.20270598804647,0.03333333333333333
155.15874095201357,-23.75442564314773,0.03333333333333333
157.69345062799584,-24.28660712150457,0.03333333333333333
156.83444311537312,-23.805438231771603,0.03333333333333333
158.87593706522492,-24.109974038834004,0.03333333333333333
160.65827140741638,-23.935679330514013,0.03333333333333333
159.85836435775968,-23.75467363684896,0.03333333333333333
159.62643334547482,-23.54853332522397,0.03333333333333333
161.83237988601954,-24.441638543988386,0.03333333333333333
161.39479516410802,-24.283700353951076,0.03333333333333333
161.69807525519326,-23.327733093312265,0.03333333333333333
163.27411690715056,-23.84018771544694,0.03333333333333333
162.7410089403059,-23.657521682289964,0.03333333333333333
162.7445873691249,-23.656338638002726,0.03333333333333333
162.7424432708506,-23.65567950389844,0.03333333333333333
163.8401072399262,-23.42423690390457,0.03333333333333333
151.23946241916,-25.971282540126406,0.03333333333333333
150.31648554781438,-25.670183476761327,0.03333333333333333
150.31440773830957,-25.562799169736362,0.03333333333333333
151.3134378424576,-24.56391834429761,0.03333333333333333
153.49201926648468,-24.818221620833416,0.03333333333333333
154.92214062464984,-25.81470196067948,0.03333333333333333
155.3235056116639,-25.44855783056095,0.03333333333333333
158.18035343726382,-25.784686909172592,0.03333333333333333
159.67291882499615,-25.59228621270723,0.03333333333333333
159.09213938275613,-25.376513062135317,0.03333333333333333
159.52428983414498,-25.093147011076642,0.03333333333333333
159.52433508127856,-25.094460011334313,0.03333333333333333
158.85933642579573,-24.753136157195524,0.03333333333333333
160.519879310738,-25.888672059096194,0.03333333333333333
160.08763574465902,-25.48133776179082,0.03333333333333333
161.22464879948174,-24.744711246186018,0.03333333333333333
161.0488840874096,-24.589341959662494,0.03333333333333333
160.95482913098834,-24.590166306625942,0.03333333333333333
162.07945526982047,-25.998926677080952,0.03333333333333333
162.10604102445896,-25.16002800864644,0.03333333333333333
164.00356214496782,-25.564936074026104,0.03333333333333333
150.67259735342748,-26.509517097536605,0.03333333333333333
150.75873809239064,-26.149651149010566,0.03333333333333333
150.7548262663943,-26.142761472260197,0.03333333333333333
151.88171369710375,-27.365475592321076,0.03333333333333333
151.59250580663203,-26.832557861011033,0.03333333333333333
151.56572047061334,-25.95872148462612,0.03333333333333333
151.30719766011575,-25.958413154959192,0.03333333333333333
151.73427160417637,-25.94983469033287,0.03333333333333333
154.09468130212815,-26.596423431163092,0.03333333333333333
154.9284166041635,-26.52548431061678,0.03333333333333333
154.60886952514298,-26.491483688743656,0.03333333333333333
155.85929203936408,-26.03845279739416,0.03333333333333333
155.75985035706492,-26.080026299889923,0.03333333333333333
157.10398716245197,-27.180304744569305,0.03333333333333333
157.01808849373546,-26.7325113454699,0.03333333333333333
157.85803525251336,-25.961263755216034,0.03333333333333333
159.17725786632099,-27.30759061095248,0.03333333333333333
159.45569409585397,-27.122971658020898,0.03333333333333333
159.14472671529057,-26.33942727190589,0.03333333333333333
159.2694143202,-25.963404183429518,0.03333333333333333
159.2279123117728,-25.962712198133488,0.03333333333333333
159.0638863567577,-25.9613561770196,0.03333333333333333
159.7050592567467,-25.95296402693344,0.03333333333333333
160.07956066589026,-26.01308263125404,0.03333333333333333
158.6101752088428,-26.1258346342212,0.03333333333333333
160.00420941573122,-26.154427311755647,0.03333333333333333
161.10861009086574,-25.95116171619332,0.03333333333333333
162.86744434284702,-26.36764891090436,0.03333333333333333
163.29333489497094,-25.973930007842327,0.03333333333333333
162.47990465144898,-25.97991929221655,0.03333333333333333
162.64630663513952,-25.983002491954256,0.03333333333333333
163.91845734486392,-27.373024858546888,0.03333333333333333
163.6663135689069,-27.315913265938654,0.03333333333333333
164.2609599252891,-26.67212312205791,0.03333333333333333
163.88739450805062,-25.95836072146237,0.03333333333333333
151.3747613313236,-27.369074597677002,0.03333333333333333
151.44394944257968,-27.36974415439437,0.03333333333333333
152.04209576961443,-28.30356971547377,0.03333333333333333
152.78800257646662,-28.085913713105956,0.03333333333333333
152.566256328704,-27.344824249447772,0.03333333333333333
153.83684341889074,-28.590313568926405,0.03333333333333333
154.8967218045599,-27.364200536723995,0.03333333333333333
156.90301868917268,-28.732381156501884,0.03333333333333333
155.4138075867987,-28.37986219852677,0.03333333333333333
155.67946391446947,-28.30686518325711,0.03333333333333333
158.21177013399094,-27.863672138762656,0.03333333333333333
157.30860556798422,-27.34556288164521,0.03333333333333333
157.67331771062078,-27.506459689588393,0.03333333333333333
158.24673600744714,-27.543583140163975,0.03333333333333333
160.11749069874026,-28.52057238698184,0.03333333333333333
158.78351501600434,-27.99304915311445,0.03333333333333333
158.78217874356557,-27.991310579496265,0.03333333333333333
159.63924688805702,-27.737156832802214,0.03333333333333333
159.30363493989583,-27.683956942836808,0.03333333333333333
158.9122354380998,-27.349069760207506,0.03333333333333333
159.00995268258671,-27.347510238272466,0.03333333333333333
161.57129581271013,-28.423211627758306,0.03333333333333333
161.6204867108003,-28.15520843981378,0.03333333333333333
162.31070951146881,-27.36570326354599,0.03333333333333333
162.5937307265203,-27.368107736260534,0.03333333333333333
162.50499639461003,-27.364280488574792,0.03333333333333333
162.27634053519608,-27.37070335093329,0.03333333333333333
164.5821514498924,-28.588011702433647,0.03333333333333333
163.1935552362915,-28.54293466457659,0.03333333333333333
164.15614073097018,-28.468901605280905,0.03333333333333333
163.18920507877073,-28.08168034712678,0.03333333333333333
164.79107984418525,-27.999814785209605,0.03333333333333333
164.05297648464912,-27.340493477803783,0.03333333333333333
149.57379752499992,-29.464039345495085,0.03333333333333333
149.57849507293233,-29.46426462373448,0.03333333333333333
151.35739201654874,-30.14945290952336,0.03333333333333333
152.03752503617562,-30.14045701012177,0.03333333333333333
152.04604290777246,-30.139537931415862,0.03333333333333333
151.66993231143533,-29.9674390940631,0.03333333333333333
150.8633898417899,-29.92189534833401,0.03333333333333333
151.64125084856218,-29.93654830008841,0.03333333333333333
152.05352820181247,-28.725643221782352,0.03333333333333333
152.7757500539529,-29.522964858151635,0.03333333333333333
153.6839794270994,-28.86563709084738,0.03333333333333333
153.32229042291576,-28.756108250572147,0.03333333333333333
154.0892529663576,-29.85986890487721,0.03333333333333333
154.12810492669436,-28.77144497314541,0.03333333333333333
157.1671980507234,-29.986824557513728,0.03333333333333333
155.77526919541657,-29.784186871770608,0.03333333333333333
156.8389403878331,-29.711213480883078,0.03333333333333333
155.91937541428499,-29.685911028970608,0.03333333333333333
155.77382839256137,-29.628364977780237,0.03333333333333333
155.76547135108748,-29.315879786819053,0.03333333333333333
156.2634663163432,-28.75820405075933,0.03333333333333333
156.7252010115071,-28.754078100811967,0.03333333333333333
155.76595816534055,-28.98841614111152,0.03333333333333333
158.40805243649174,-30.169325221616894,0.03333333333333333
158.98775211267994,-30.1608451210402,0.03333333333333333
159.01140168621177,-29.751548572018987,0.03333333333333333
158.76197984814078,-29.506601635883555,0.03333333333333333
158.92355116997322,-29.348738809426212,0.03333333333333333
159.99791627415462,-29.28466719166798,0.03333333333333333
160.12922543109804,-29.269582579851928,0.03333333333333333
159.71572526234496,-28.735512905261782,0.03333333333333333
161.10573144981768,-30.147682706682957,0.03333333333333333
161.39933925557824,-30.14052887311223,0.03333333333333333
160.54638399445344,-29.85530055679107,0.03333333333333333
160.5460226907511,-29.728648035064737,0.03333333333333333
160.5341760515699,-29.3084571318691,0.03333333333333333
161.12200139330363,-28.732937551583262,0.03333333333333333
161.05069267699938,-28.73537486065528,0.03333333333333333
162.6238249480706,-30.17176818947064,0.03333333333333333
163.85226098536882,-29.75973715169167,0.03333333333333333
163.16873291547174,-28.754047366453534,0.03333333333333333
162.7533128300788,-28.75371387496443,0.03333333333333333
164.34141445315473,-29.28238239747756,0.03333333333333333
165.14884530298602,-28.747640303680548,0.03333333333333333
150.5941919049329,-31.455436998053738,0.03333333333333333
150.96798139179825,-31.41348352964001,0.03333333333333333
150.20467895584443,-30.544964090090623,0.03333333333333333
152.40313959401848,-30.31312826000921,0.03333333333333333
151.89099681523237,-30.322066074842247,0.03333333333333333
152.13388969282525,-30.14064197309909,0.03333333333333333
153.8051205588971,-31.076373560784358,0.03333333333333333
152.90264463898598,-30.47029896924835,0.03333333333333333
153.93283834106816,-30.10979757355283,0.03333333333333333
153.70070777815403,-30.112615902394534,0.03333333333333333
155.48707107633282,-31.555584814250263,0.03333333333333333
155.75514971926168,-31.55286030408309,0.03333333333333333
155.91706187706575,-31.479147033940315,0.03333333333333333
156.26606979800346,-30.635398185393296,0.03333333333333333
155.66642433355923,-30.49182167237173,0.03333333333333333
157.4142407084191,-31.55166440297168,0.03333333333333333
156.45512096770528,-31.046526984301572,0.03333333333333333
157.18490351572066,-30.13968718172089,0.03333333333333333
157.18035649321433,-30.14070998786651,0.03333333333333333
156.6301651931249,-30.139506004393937,0.03333333333333333
157.0189674684075,-30.142501708805078,0.03333333333333333
157.2961355647997,-30.342418658284586,0.03333333333333333
158.97443147596599,-31.51486179573102,0.03333333333333333
159.2685358307238,-31.365924306516472,0.03333333333333333
159.15808103926452,-31.124688848512577,0.03333333333333333
158.37226625708146,-30.983126382635717,0.03333333333333333
158.32031260872998,-30.943380044943265,0.03333333333333333
157.81635706972187,-30.91835851558425,0.03333333333333333
159.1683414283491,-30.851832037333093,0.03333333333333333
158.07980262574134,-30.65080853632164,0.03333333333333333
158.91174473479245,-30.10951211321733,0.03333333333333333
159.30148712477802,-30.104959715534267,0.03333333333333333
158.45808870686193,-30.114840634019547,0.03333333333333333
158.22363920356156,-30.117493445652784,0.03333333333333333
160.0804200097437,-31.55643233401958,0.03333333333333333
159.9566993632784,-31.55664700403079,0.03333333333333333
159.81015556007074,-31.526146869777037,0.03333333333333333
160.80016313534168,-31.05492514274529,0.03333333333333333
160.2588369311913,-30.79448369792909,0.03333333333333333
160.87903861966984,-30.770138609280014,0.03333333333333333
160.8791677599853,-30.77221131800008,0.03333333333333333
160.01746267011697,-30.263564222407457,0.03333333333333333
162.43413808183638,-30.13443129975705,0.03333333333333333
163.49295369358185,-30.14075663636897,0.03333333333333333
164.41490777178615,-30.2523792531606,0.03333333333333333
151.26335347591524,-32.933486141392194,0.03333333333333333
151.16114583386556,-32.58374029636766,0.03333333333333333
151.63078465018722,-32.04330204360609,0.03333333333333333
153.05381657684146,-32.415079625787286,0.03333333333333333
153.06497017894452,-31.988383370292354,0.03333333333333333
152.6843764697024,-31.49843086503877,0.03333333333333333
152.72395462416844,-31.498858282589694,0.03333333333333333
152.64496415899185,-31.499052888680662,0.03333333333333333
152.36611652626326,-31.50429346378836,0.03333333333333333
151.91113039164756,-31.500154416102358,0.03333333333333333
153.84664066583832,-32.916487395665115,0.03333333333333333
154.06771339794557,-32.91475993060932,0.03333333333333333
153.69023852206973,-32.20910599444737,0.03333333333333333
154.01514860085484,-31.79257380678753,0.03333333333333333
153.73762568633086,-31.789214531874237,0.03333333333333333
154.44360773356468,-31.49345483334399,0.03333333333333333
154.3603982366227,-31.500127876977807,0.03333333333333333
153.8976240757516,-31.500181554978088,0.03333333333333333
154.28665140886733,-31.50239850325329,0.03333333333333333
153.35791141490668,-31.56366429730952,0.03333333333333333
155.5353354455292,-32.435264286745245,0.03333333333333333
155.4209595613643,-32.03311137176345,0.03333333333333333
155.30113363909481,-31.523336901920253,0.03333333333333333
158.42680998817914,-32.66445779826964,0.03333333333333333
158.40821799857346,-31.717799901235256,0.03333333333333333
160.01726305387942,-31.5155436872032,0.03333333333333333
159.95545984260232,-31.51588768789949,0.03333333333333333
160.89796841870432,-32.82382336841682,0.03333333333333333
160.36546852844964,-31.780316177810054,0.03333333333333333
161.14126553168967,-31.521289253491524,0.03333333333333333
162.17634873432067,-32.6437113818742,0.03333333333333333
163.3495665711213,-32.512325085164086,0.03333333333333333
162.4825536835903,-32.01691887736555,0.03333333333333333
162.2658292362866,-31.500869562135772,0.03333333333333333
163.57652084626787,-31.857942454373873,0.03333333333333333
164.7459588212315,-31.60947413507693,0.03333333333333333
164.97300347862978,-31.726131938833518,0.03333333333333333
150.37588700225368,-34.28391994383337,0.03333333333333333
149.49789108084275,-34.054968514257155,0.03333333333333333
150.7773917497195,-33.619056856840174,0.03333333333333333
150.4616783712714,-33.29901344141475,0.03333333333333333
150.23833016396196,-33.2607388877424,0.03333333333333333
149.9565951253026,-32.88411054316914,0.03333333333333333
152.9562712335647,-34.270273994802324,0.03333333333333333
152.60980506286938,-33.80292968372798,0.03333333333333333
152.04483687127907,-33.517284694292314,0.03333333333333333
151.65069547344336,-33.321161940384215,0.03333333333333333
154.64408429887987,-34.086516015928204,0.03333333333333333
153.68898998838594,-34.059173447990155,0.03333333333333333
154.12753890440663,-33.48817393058449,0.03333333333333333
154.51135149956542,-33.30229434252668,0.03333333333333333
153.80481601408627,-33.05044582609898,0.03333333333333333
155.45735582055406,-33.94124058160019,0.03333333333333333
155.67058184624227,-33.87650429192508,0.03333333333333333
155.1756706372574,-33.833990076273196,0.03333333333333333
155.10410077815797,-33.508967672173426,0.03333333333333333
158.01471117654611,-33.59456545434962,0.03333333333333333
156.8000196809179,-33.23718440512215,0.03333333333333333
158.18848903245183,-34.306016717152126,0.03333333333333333
158.7378304883165,-34.00969807159377,0.03333333333333333
159.1556913626032,-33.2678786099763,0.03333333333333333
160.26609841870317,-34.18983231402896,0.03333333333333333
161.39703835682926,-34.07566800800799,0.03333333333333333
160.37808144499857,-33.709159470888146,0.03333333333333333
163.74157273300287,-34.294517802018596,0.03333333333333333
163.9163621931874,-34.29288353001159,0.03333333333333333
164.16483090451584,-34.289557539448595,0.03333333333333333
164.2761958357573,-33.89413701419364,0.03333333333333333
164.497701542229,-32.982546580234605,0.03333333333333333
164.26801410841603,-33.15564025093645,0.03333333333333333
150.66806834803648,-35.67001240777493,0.03333333333333333
150.98300383297908,-35.66597521756464,0.03333333333333333
149.938189062656,-35.17796428757606,0.03333333333333333
151.22186813213497,-35.18925627635001,0.03333333333333333
150.5230803470924,-34.256507140933074,0.03333333333333333
152.97823714128333,-35.31065178402573,0.03333333333333333
152.71586515599603,-35.00780396726373,0.03333333333333333
152.54863560509563,-34.93311787817404,0.03333333333333333
153.24854544281163,-34.93516325847801,0.03333333333333333
153.9401801342231,-35.54128591419091,0.03333333333333333
153.42462857062154,-34.85508456238106,0.03333333333333333
154.64468262369897,-34.27403569312971,0.03333333333333333
155.35096433273344,-35.08289663945455,0.03333333333333333
156.80081470058738,-34.26892243618973,0.03333333333333333
156.38792215020175,-34.47881590725184,0.03333333333333333
158.97554153607146,-35.69880939982497,0.03333333333333333
159.78734972481328,-35.3615367659715,0.03333333333333333
159.9157213238795,-35.06242802914848,0.03333333333333333
161.96268802355596,-35.688769283804604,0.03333333333333333
160.2823059635174,-35.68780111921307,0.03333333333333333
161.99382101291138,-35.54202573334453,0.03333333333333333
162.82867682768622,-35.669357532976214,0.03333333333333333
163.2563668353271,-35.479054364796845,0.03333333333333333
162.6199035129369,-35.25568000550686,0.03333333333333333
161.91055073565605,-35.21006146861033,0.03333333333333333
163.66033951444697,-35.126578002783226,0.03333333333333333
161.9091699985681,-35.05171082339366,0.03333333333333333
162.17191873517814,-34.968480332299066,0.03333333333333333
162.37878539786232,-34.96706176326355,0.03333333333333333
161.98245401935384,-34.59259737461205,0.03333333333333333
162.47834094092153,-34.2608690901294,0.03333333333333333
162.8380310801533,-34.43006283683529,0.03333333333333333
165.40719441027971,-34.86760671583973,0.03333333333333333
164.57379801969873,-34.27918547146203,0.03333333333333333
150.89532830125773,-37.050349428177064,0.03333333333333333
151.12760452164989,-37.04791696044248,0.03333333333333333
151.08691171755126,-37.04671679236465,0.03333333333333333
151.43723325901772,-37.041761905884755,0.03333333333333333
150.69208746645677,-37.01498008986631,0.03333333333333333
151.14070348825157,-36.79048685804729,0.03333333333333333
150.34490769643958,-36.596032759010576,0.03333333333333333
150.34606441565202,-36.59556450518251,0.03333333333333333
150.3441342913681,-36.3515221149778,0.03333333333333333
150.86244849363644,-36.239267482008096,0.03333333333333333
151.55561114845312,-35.62957849212194,0.03333333333333333
151.25775051137978,-35.63706227423384,0.03333333333333333
153.5291042158921,-37.06538489254938,0.03333333333333333
153.0033682767619,-36.957007367279466,0.03333333333333333
152.14833270111984,-36.89560655210264,0.03333333333333333
152.5607242529624,-36.68596460321509,0.03333333333333333
152.15611935799083,-36.639699065630815,0.03333333333333333
152.80944807425496,-36.33054972228695,0.03333333333333333
152.14713495442493,-36.253899302506476,0.03333333333333333
152.81473209345606,-35.6551516204452,0.03333333333333333
152.87720280134462,-35.65712386818141,0.03333333333333333
152.88465405681248,-35.65847948906681,0.03333333333333333
153.47281141631396,-35.649072608611256,0.03333333333333333
152.8553661602519,-35.660520945900565,0.03333333333333333
153.98593282493343,-36.64750920563343,0.03333333333333333
155.25160238899434,-36.217279545830415,0.03333333333333333
155.19358538472298,-35.96420876959037,0.03333333333333333
154.62369886384215,-35.79347973039525,0.03333333333333333
154.46355082659315,-35.65482193992097,0.03333333333333333
154.84680033585516,-35.65207126368311,0.03333333333333333
156.01225839839032,-36.29102675726485,0.03333333333333333
157.3718160149999,-36.04708258272795,0.03333333333333333
155.9177889656979,-35.825982705450976,0.03333333333333333
158.82868568726073,-36.88143311502281,0.03333333333333333
158.82649536450134,-36.880079669499686,0.03333333333333333
158.82799732327132,-36.87848044358572,0.03333333333333333
158.6937591718765,-36.1742890977584,0.03333333333333333
157.38344775691206,-36.090271528369954,0.03333333333333333
159.10437619393088,-35.99111679823401,0.03333333333333333
159.10267933906,-35.92894836920347,0.03333333333333333
160.086107044704,-36.42048686049676,0.03333333333333333
160.0848478273725,-36.405285615212954,0.03333333333333333
160.08544093939975,-36.403452294646726,0.03333333333333333
160.76472656274763,-36.363224497293054,0.03333333333333333
160.581242806875,-36.32046068186253,0.03333333333333333
160.6867936724333,-36.32641595830563,0.03333333333333333
159.50039849430308,-36.18523469637135,0.03333333333333333
160.84122503166745,-35.96885511730447,0.03333333333333333
161.66158103466327,-36.350285015786476,0.03333333333333333
161.6602141109401,-36.353314928386006,0.03333333333333333
163.56256081798472,-36.97390935159591,0.03333333333333333
164.17585094562966,-36.946740328740894,0.03333333333333333
162.51665837739276,-36.559061176506674,0.03333333333333333
164.2915497702659,-36.35768519889664,0.03333333333333333
162.93437332255317,-36.015948137157025,0.03333333333333333
164.22204126596534,-35.65194013730978,0.03333333333333333
150.06915918869538,-38.42114144305454,0.03333333333333333
150.50371611000406,-38.418600842976325,0.03333333333333333
150.61093976917974,-38.417638834159796,0.03333333333333333
150.6868461366635,-38.416144447254034,0.03333333333333333
150.59761429022888,-38.41473129510657,0.03333333333333333
151.38723011503185,-38.405547731776174,0.03333333333333333
149.76435142416642,-38.2274133509229,0.03333333333333333
149.75386565021324,-38.10305784127264,0.03333333333333333
151.1816323558398,-38.074675647398855,0.03333333333333333
149.7606694430124,-37.984930688427376,0.03333333333333333
149.91713073145192,-37.85214807267761,0.03333333333333333
149.7502622973832,-37.632755968263,0.03333333333333333
151.02825180164396,-36.99874771777859,0.03333333333333333
150.45742218314902,-37.01118083626313,0.03333333333333333
152.62096869602732,-38.12597536971912,0.03333333333333333
153.3003589837777,-37.96371480792175,0.03333333333333333
151.6062784934066,-37.86522649171335,0.03333333333333333
152.61389739060738,-37.54805603930454,0.03333333333333333
151.9663596471851,-37.31569505355746,0.03333333333333333
151.59851738876063,-37.2067028828984,0.03333333333333333
151.64957981277232,-37.03079045039749,0.03333333333333333
152.14771943275215,-37.03054082128988,0.03333333333333333
152.25823650716225,-37.02899979743824,0.03333333333333333
153.66919463942415,-38.44589931095757,0.03333333333333333
154.08615481667542,-38.445210358940265,0.03333333333333333
155.17148172111263,-38.37975140860983,0.03333333333333333
155.16857660546904,-38.21309251136782,0.03333333333333333
154.82423578706698,-37.61088224865486,0.03333333333333333
156.93410033162095,-38.04739509379154,0.03333333333333333
155.74995769527143,-37.35499383335378,0.03333333333333333
156.44196456446866,-37.026487019570325,0.03333333333333333
157.7728737877827,-38.39409787177778,0.03333333333333333
158.68859165282794,-37.290769557933935,0.03333333333333333
158.68131175998528,-37.042353198426525,0.03333333333333333
160.2333190754556,-38.43121314848718,0.03333333333333333
158.92517418560698,-38.3429845546478,0.03333333333333333
160.3964705972055,-37.46929287562097,0.03333333333333333
160.356143814029,-37.02385052825371,0.03333333333333333
160.04458609128986,-37.111817436895215,0.03333333333333333
161.04986685342485,-37.74004785908864,0.03333333333333333
162.22986686232912,-37.14797333243357,0.03333333333333333
163.11056329022517,-38.334461192302435,0.03333333333333333
163.59861406918498,-38.33071141066951,0.03333333333333333
163.4453970746111,-37.924088833019155,0.03333333333333333
164.90888120311124,-38.421002329241745,0.03333333333333333
163.94615298384525,-38.174263646708496,0.03333333333333333
163.93595879530884,-37.84922692424903,0.03333333333333333
164.1812628397779,-37.2985910665776,0.03333333333333333
164.74842315035724,-37.01169962307903,0.03333333333333333
150.0432897108897,-39.78921256599542,0.03333333333333333
149.89819952276233,-39.78940318169806,0.03333333333333333
149.96452310423834,-39.78624398343701,0.03333333333333333
149.93505341797731,-39.788084043995525,0.03333333333333333
150.51309765380927,-39.78359774980945,0.03333333333333333
150.18721884747916,-39.78704243141286,0.03333333333333333
150.36740582388285,-39.78389508366315,0.03333333333333333
150.2133034705195,-39.78420432302294,0.03333333333333333
150.0661409814224,-39.646452843114034,0.03333333333333333
149.90674429314433,-39.59154877467689,0.03333333333333333
150.97444955969058,-39.325315116316375,0.03333333333333333
149.39350450231655,-39.239953689121656,0.03333333333333333
150.50572099924787,-39.16181051854085,0.03333333333333333
149.5303703192914,-39.08584495845262,0.03333333333333333
149.14441394053998,-38.585455284497385,0.03333333333333333
150.12856994267275,-38.37902729033212,0.03333333333333333
149.9619948222865,-38.50635457434919,0.03333333333333333
151.23707899357552,-39.121586831794865,0.03333333333333333
151.1013572238337,-38.40131449749503,0.03333333333333333
151.89608604574246,-38.521406958060275,0.03333333333333333
151.04550763637536,-38.40162995250158,0.03333333333333333
153.90517834197462,-39.709675346804644,0.03333333333333333
153.41720026934274,-39.68372321614746,0.03333333333333333
154.66920015827992,-39.6365392205941,0.03333333333333333
153.99872334465505,-39.45451917006632,0.03333333333333333
153.0396326205291,-38.88379591441486,0.03333333333333333
153.6025860155802,-38.79497432212509,0.03333333333333333
155.48816753522624,-39.34383685964831,0.03333333333333333
156.4474557685914,-38.46745932809931,0.03333333333333333
157.60900661081038,-39.734284064788795,0.03333333333333333
156.98717166834248,-39.66334522725121,0.03333333333333333
158.28041740894574,-39.61296850387188,0.03333333333333333
158.1555938620448,-38.79857631974066,0.03333333333333333
158.67741500365872,-39.82156368331146,0.03333333333333333
159.95766213671803,-39.81029560221932,0.03333333333333333
160.08655053457562,-39.49945999374784,0.03333333333333333
160.08499462227118,-39.43105159269732,0.03333333333333333
158.80545683356297,-39.546367122606114,0.03333333333333333
160.07580629662584,-39.02361825020224,0.03333333333333333
160.07029475178248,-38.818711792386985,0.03333333333333333
160.67188118528543,-39.821150179157854,0.03333333333333333
161.89865660452247,-39.59914738067445,0.03333333333333333
161.41558087136073,-38.47206514166183,0.03333333333333333
160.7402411401766,-38.40354962464002,0.03333333333333333
163.86868492544227,-39.796669677408474,0.03333333333333333
165.2556172077071,-39.78178324954093,0.03333333333333333
164.33423427671718,-39.657700548491945,0.03333333333333333
165.29770031110246,-39.273219159946244,0.03333333333333333
163.72801528389826,-39.23238358657589,0.03333333333333333
163.6230637234097,-39.21181511030178,0.03333333333333333
164.60153359950482,-39.05687062278848,0.03333333333333333
164.02881239761714,-39.005912940614216,0.03333333333333333
165.20799175937734,-38.863584725152286,0.03333333333333333
164.23198115982962,-38.38090297554844,0.03333333333333333
154.01729776706262,-40.25268314415433,0.03333333333333333
152.9186202555645,-39.767155772916745,0.03333333333333333
152.67160150273,-39.76858884618539,0.03333333333333333
152.65893760466602,-39.831771363127686,0.03333333333333333
154.24595220693226,-41.062371742332886,0.03333333333333333
154.40485551535713,-40.100124991563966,0.03333333333333333
155.26520194671792,-39.764160057020256,0.03333333333333333
156.5687571817704,-40.789048227842315,0.03333333333333333
157.56818501888418,-40.537356619840686,0.03333333333333333
156.28569841216176,-40.48234179635609,0.03333333333333333
156.90163714717752,-40.345813820191346,0.03333333333333333
157.69563840174916,-40.17583636414145,0.03333333333333333
157.75073627506603,-40.17847373737768,0.03333333333333333
157.25296711210694,-40.08275785582687,0.03333333333333333
157.38261057018073,-39.843005804475595,0.03333333333333333
156.4321130749139,-39.773097149027095,0.03333333333333333
158.1960210670937,-41.1906061045641,0.03333333333333333
158.7438252590909,-40.91202846007671,0.03333333333333333
158.8639430164635,-39.984900341716674,0.03333333333333333
162.65716232137473,-41.187267548973885,0.03333333333333333
163.0398557136988,-41.04693359229285,0.03333333333333333
163.36852862652358,-40.87579361376496,0.03333333333333333
163.15298386425832,-40.62208611881985,0.03333333333333333
163.33732295900455,-39.861721986442,0.03333333333333333
163.5446065016192,-40.827450556706225,0.03333333333333333
163.74052386305362,-39.999614956190364,0.03333333333333333
