ra,dec,sep
161.7154186303783,-31.516944136587345,0.03333333333333333
161.87155795691157,-32.916391963890554,0.03333333333333333
162.21327246184802,-32.914750538855394,0.03333333333333333
162.92783819795875,-32.90632039270512,0.03333333333333333
163.07716268889197,-32.67545742913977,0.03333333333333333
162.10228765593868,-32.55665446750358,0.03333333333333333
163.2795801191923,-32.54880802099347,0.03333333333333333
161.65387715960557,-32.15034365442585,0.03333333333333333
163.33861144504078,-32.06210993189029,0.03333333333333333
162.8092871632443,-31.89207090029665,0.03333333333333333
162.21463126520658,-31.49967857580297,0.03333333333333333
162.4500391170669,-31.502781807735676,0.03333333333333333
162.39227151077645,-31.50254612435198,0.03333333333333333
161.9975524168808,-31.751129977176966,0.03333333333333333
164.8960651034348,-32.22389803990204,0.03333333333333333
164.67408513554884,-32.10665455740354,0.03333333333333333
164.0118077974202,-31.801522895685125,0.03333333333333333
150.44691278411008,-34.28758130555791,0.03333333333333333
150.8188479921272,-34.28556774606342,0.03333333333333333
150.62961626725956,-34.285977346120006,0.03333333333333333
150.72521428682796,-34.284523765372036,0.03333333333333333
151.03602800054531,-33.552023912203005,0.03333333333333333
151.00097267450388,-33.434716587194075,0.03333333333333333
150.26716934670048,-33.399976834561514,0.03333333333333333
149.51814455080824,-33.37987931268676,0.03333333333333333
150.19777758615282,-33.10848172586892,0.03333333333333333
151.0233860197905,-33.00909967354696,0.03333333333333333
150.00386049237875,-32.88112743203499,0.03333333333333333
151.85280483099615,-34.268702478326375,0.03333333333333333
152.5704100340669,-34.263203292260684,0.03333333333333333
151.3062351163563,-33.93521701637031,0.03333333333333333
151.7952780971929,-33.373764693024256,0.03333333333333333
152.32251282977938,-32.89640361365824,0.03333333333333333
152.84570584331718,-33.089990367929225,0.03333333333333333
151.56883775320102,-33.10764654698329,0.03333333333333333
154.09041836532208,-33.57016866286164,0.03333333333333333
153.4155921818928,-33.51742268165805,0.03333333333333333
153.47849554959015,-33.44080086436872,0.03333333333333333
154.16063969136022,-32.94604817734357,0.03333333333333333
154.496672335581,-33.01874917991787,0.03333333333333333
156.32406953484698,-33.77596558060885,0.03333333333333333
155.4823963905924,-33.68771240877096,0.03333333333333333
155.77874424785588,-33.47912888875888,0.03333333333333333
155.7646409332348,-32.95606987172852,0.03333333333333333
155.76816002663315,-32.9585581787026,0.03333333333333333
155.76849717138174,-32.95688012808808,0.03333333333333333
158.0236735972533,-34.08498876733627,0.03333333333333333
156.65723337640156,-33.64739943559996,0.03333333333333333
157.90010532781625,-33.5663934390017,0.03333333333333333
157.45945880511525,-32.89635030754754,0.03333333333333333
157.43864745251022,-32.896464314395644,0.03333333333333333
156.63284732614412,-32.902161152657,0.03333333333333333
157.33694934727276,-32.89716343680248,0.03333333333333333
159.71265062134626,-34.21132079758814,0.03333333333333333
158.8458249657373,-33.24428613528143,0.03333333333333333
161.13614869299101,-34.205538658721885,0.03333333333333333
160.84597568073838,-34.05378560626377,0.03333333333333333
160.78926494747182,-33.6946007356314,0.03333333333333333
159.90970250657284,-33.615369738254145,0.03333333333333333
159.94112989730274,-33.384669581625836,0.03333333333333333
160.52044648260116,-33.358736648545225,0.03333333333333333
159.75616281999618,-32.90793565241397,0.03333333333333333
162.08452810372563,-34.08655031968574,0.03333333333333333
161.39423005856654,-33.99339436443023,0.03333333333333333
162.37677374832631,-33.91964233961236,0.03333333333333333
163.115660885492,-33.70980882055366,0.03333333333333333
163.10205209958022,-33.08841549631723,0.03333333333333333
162.30990866221862,-32.90192596678933,0.03333333333333333
162.79818641175822,-32.89480133556277,0.03333333333333333
162.46527027184197,-32.95344500084104,0.03333333333333333
161.57335328284304,-32.933923876932866,0.03333333333333333
163.68363678401204,-33.74754421673303,0.03333333333333333
163.6840752235055,-33.709130579814115,0.03333333333333333
164.40553561866952,-33.36399171741372,0.03333333333333333
164.23811495219803,-33.161128537359296,0.03333333333333333
164.23855863676832,-33.16252131830889,0.03333333333333333
163.35807063888848,-33.06099015781514,0.03333333333333333
151.63078562212715,-35.65435130539076,0.03333333333333333
151.66148829771842,-35.65363085491878,0.03333333333333333
151.63025806457276,-35.22508960927047,0.03333333333333333
150.89245052326152,-34.64619121381974,0.03333333333333333
153.4094402373533,-35.574815465118945,0.03333333333333333
153.42029119331292,-35.22026548039886,0.03333333333333333
153.16057059856962,-34.73159099574694,0.03333333333333333
153.16581503636723,-34.725269126814325,0.03333333333333333
153.1521351846437,-34.724704008040675,0.03333333333333333
152.09443194188597,-34.27934059769447,0.03333333333333333
152.0709948213246,-34.27949647473719,0.03333333333333333
154.03891854728946,-35.41019604656515,0.03333333333333333
155.1345979787225,-35.189527367173525,0.03333333333333333
153.69248202747107,-34.55073163327019,0.03333333333333333
153.69035489472134,-34.54880261181455,0.03333333333333333
154.72285885729622,-34.53892099406186,0.03333333333333333
154.3841799678753,-34.27595971059043,0.03333333333333333
156.49784710699856,-35.61712031109553,0.03333333333333333
156.84020156737216,-34.87488158112282,0.03333333333333333
155.28926065383024,-34.27983027017416,0.03333333333333333
160.19955690541337,-35.57748302867005,0.03333333333333333
159.95215033368012,-35.22522539463642,0.03333333333333333
160.25671353835187,-34.567623694385205,0.03333333333333333
160.00511663250055,-34.274208839191395,0.03333333333333333
160.25314904944804,-34.42866251560912,0.03333333333333333
160.59971333831214,-35.33900181347481,0.03333333333333333
161.98372589077275,-34.982924925171105,0.03333333333333333
161.19007980530458,-34.713941231643766,0.03333333333333333
162.4873816040464,-35.556211598066604,0.03333333333333333
162.18830767973785,-35.407560682377095,0.03333333333333333
162.55835693116452,-35.38244434300276,0.03333333333333333
163.53480045069642,-35.23284765681521,0.03333333333333333
163.37546786937236,-35.18981432654354,0.03333333333333333
163.65910694556138,-35.08763858250603,0.03333333333333333
163.38341935084918,-34.55897990006505,0.03333333333333333
163.06330139100837,-34.25063220599018,0.03333333333333333
162.50658128446437,-34.26008989076529,0.03333333333333333
164.40217291905444,-35.5043965318927,0.03333333333333333
164.52371686946944,-34.991305053920215,0.03333333333333333
163.6813821975563,-34.60548505389595,0.03333333333333333
151.322228394637,-37.04561472255828,0.03333333333333333
152.11804611949768,-36.83170770795736,0.03333333333333333
151.96149698098412,-36.772860242297966,0.03333333333333333
150.33648105910424,-36.51715275050464,0.03333333333333333
150.33382101657003,-36.10116301744049,0.03333333333333333
150.7593731228423,-35.981778650175954,0.03333333333333333
150.33348428573174,-35.896610659876316,0.03333333333333333
150.7293139040232,-35.810949307666704,0.03333333333333333
153.75688579045973,-36.86636150917509,0.03333333333333333
152.7650519976964,-36.2599278252064,0.03333333333333333
153.12127725458646,-35.655745242525185,0.03333333333333333
152.6680536515004,-35.65768129099706,0.03333333333333333
152.86595003657098,-35.65662586984118,0.03333333333333333
154.5741166537925,-37.04066987957659,0.03333333333333333
155.63243299496602,-36.98343184714162,0.03333333333333333
155.62448128552006,-36.981393988886296,0.03333333333333333
155.62340115545766,-36.976073063888286,0.03333333333333333
155.6458861176631,-36.57795049194658,0.03333333333333333
155.64575036885887,-36.5730256467079,0.03333333333333333
155.55678241272884,-36.20383157542832,0.03333333333333333
154.49880286022164,-36.08717199216977,0.03333333333333333
155.5409129724025,-35.64627713242725,0.03333333333333333
155.5370846070588,-35.64641860158696,0.03333333333333333
155.06382143692542,-35.650360340478244,0.03333333333333333
157.39137222163055,-37.00524569497839,0.03333333333333333
155.62454691522856,-36.98143824847828,0.03333333333333333
155.6236105469606,-36.976048700859046,0.03333333333333333
155.63250822228844,-36.983024943733184,0.03333333333333333
156.87806034452822,-36.85541973954618,0.03333333333333333
156.12836649538534,-36.4313089939912,0.03333333333333333
157.14443243685827,-36.43800911509028,0.03333333333333333
157.3761036000454,-36.21625372337685,0.03333333333333333
157.14043097147862,-35.994714141940406,0.03333333333333333
156.1619534702217,-35.654078402018825,0.03333333333333333
157.1814163363485,-35.84914231288448,0.03333333333333333
155.96518910906656,-35.83305412560395,0.03333333333333333
159.1204183272491,-36.723385742927775,0.03333333333333333
158.30547555903215,-36.63009233541324,0.03333333333333333
159.11805035996582,-36.59876282039385,0.03333333333333333
158.11186875564474,-36.532504563382545,0.03333333333333333
158.69387067764652,-35.6515621816156,0.03333333333333333
157.4003144658799,-35.66003290883739,0.03333333333333333
160.21359670384868,-37.058408894993185,0.03333333333333333
160.86221780508208,-37.04294376946177,0.03333333333333333
160.06462366790782,-36.97441352206005,0.03333333333333333
159.3240133579444,-36.54161667196062,0.03333333333333333
160.24872315716118,-36.48852378690236,0.03333333333333333
160.72130562746534,-36.354018090708415,0.03333333333333333
160.3995485434736,-36.06934956551829,0.03333333333333333
159.35059138670812,-35.65857709657857,0.03333333333333333
161.3675682462291,-37.07694569144219,0.03333333333333333
160.86290384360908,-37.04321156892672,0.03333333333333333
161.99921847218755,-36.39800807103306,0.03333333333333333
161.91470930380612,-35.68854310458081,0.03333333333333333
162.5179982035498,-36.832899338621715,0.03333333333333333
162.51608086196484,-36.634514747080175,0.03333333333333333
164.2960343833747,-36.52700126837917,0.03333333333333333
150.3796642904637,-38.41960033456719,0.03333333333333333
150.8045383559092,-38.414679371171744,0.03333333333333333
150.55085646875025,-38.41402854975446,0.03333333333333333
149.76284495140752,-38.277899578412146,0.03333333333333333
149.76293884865487,-38.10250360474213,0.03333333333333333
149.75346329161715,-38.056454021853966,0.03333333333333333
149.76215179465476,-38.039617128121755,0.03333333333333333
151.3870376926458,-38.022459261392505,0.03333333333333333
150.70934345154822,-37.89274184794586,0.03333333333333333
149.76072958972978,-37.87026439093317,0.03333333333333333
150.89496404754723,-37.81455828882308,0.03333333333333333
149.76039874373282,-37.80629803215246,0.03333333333333333
149.7506178550441,-37.70338810912951,0.03333333333333333
151.22559446212617,-37.58238984493465,0.03333333333333333
151.04070907234862,-37.30583338873559,0.03333333333333333
151.05256539593745,-36.9985412878756,0.03333333333333333
150.69492852437725,-37.00606705618822,0.03333333333333333
151.01275519134427,-36.99824794526658,0.03333333333333333
151.42284618003984,-37.08553923899779,0.03333333333333333
150.39692850945025,-37.00512789297488,0.03333333333333333
152.7658877778915,-38.250885748082105,0.03333333333333333
153.39405569382274,-38.15240821996584,0.03333333333333333
153.3657755782045,-38.09927529731443,0.03333333333333333
151.61968385682414,-37.77847610166831,0.03333333333333333
152.44917088618442,-37.517800288715655,0.03333333333333333
152.2608162574466,-37.02708456194116,0.03333333333333333
152.64853245528695,-37.027382998704,0.03333333333333333
155.17137924845503,-38.371386636102734,0.03333333333333333
153.74104105249148,-37.764651703648155,0.03333333333333333
154.27814465368186,-37.31655925124487,0.03333333333333333
155.0512460071717,-37.019031627544365,0.03333333333333333
154.23102621901546,-37.02581161403909,0.03333333333333333
155.1428920930714,-37.13502247894441,0.03333333333333333
156.94014222188747,-38.37954704362385,0.03333333333333333
156.9266915323526,-37.70760776045081,0.03333333333333333
156.9261644241479,-37.682411356469395,0.03333333333333333
156.91521939722531,-37.66731591750819,0.03333333333333333
156.9122960796478,-37.159267082527215,0.03333333333333333
156.1942787765286,-37.02838346942207,0.03333333333333333
156.26774409826737,-37.027858927713865,0.03333333333333333
155.75740539996892,-37.03139920442752,0.03333333333333333
155.3550762372673,-37.03380650342209,0.03333333333333333
155.90579512751543,-37.03039657686347,0.03333333333333333
157.23913854071742,-37.77142066144557,0.03333333333333333
158.04504061524366,-37.63294522306785,0.03333333333333333
157.26592337891753,-37.38742101621453,0.03333333333333333
158.2008719605573,-37.02581146979736,0.03333333333333333
157.98112404353088,-37.02763154909203,0.03333333333333333
159.56384321813147,-38.09834547922173,0.03333333333333333
159.56615037594298,-38.095125679066136,0.03333333333333333
159.55988117082038,-38.090404209889435,0.03333333333333333
159.55355703244243,-38.089947446964544,0.03333333333333333
159.25632482601472,-37.57516481064777,0.03333333333333333
159.03434795188932,-37.24080393898293,0.03333333333333333
159.6786967224951,-37.029345549371406,0.03333333333333333
160.2538058952346,-37.024603843751784,0.03333333333333333
160.21357160598671,-37.05844819434992,0.03333333333333333
161.1933646337029,-38.33516512982923,0.03333333333333333
162.2499264031247,-37.929975938695,0.03333333333333333
162.24993734268818,-37.928466993587215,0.03333333333333333
160.86191750249017,-37.043281549300474,0.03333333333333333
162.23052867783917,-37.16181730516628,0.03333333333333333
161.8265729586634,-37.13916059369371,0.03333333333333333
160.54566181315727,-37.17188406003989,0.03333333333333333
162.14780264240218,-37.24420067975822,0.03333333333333333
161.174174815979,-37.25906073863417,0.03333333333333333
163.77323120623785,-38.44059534442991,0.03333333333333333
163.80836560816894,-38.43999074822499,0.03333333333333333
162.35765147240542,-38.41539729827,0.03333333333333333
164.0289268475837,-38.30391592139213,0.03333333333333333
163.30635883775474,-38.2103738237918,0.03333333333333333
162.3417248293894,-37.72301923629885,0.03333333333333333
163.79892949844015,-37.355743675617255,0.03333333333333333
163.78141944011537,-37.14258841144522,0.03333333333333333
162.5246280020547,-37.18332809863023,0.03333333333333333
162.5261780847184,-37.18257713512971,0.03333333333333333
164.69247920955272,-38.42332321064513,0.03333333333333333
164.69025067381372,-38.42326213724007,0.03333333333333333
163.94486830168097,-38.26859792633452,0.03333333333333333
165.00724476933848,-37.999593908995905,0.03333333333333333
163.94376091681568,-37.759748829085524,0.03333333333333333
164.4053241408824,-37.72551688043008,0.03333333333333333
149.28427736723782,-39.79444397823306,0.03333333333333333
149.62610267354304,-39.79386261648979,0.03333333333333333
150.4090931906573,-39.78581965017802,0.03333333333333333
150.25392210562987,-39.78486067185215,0.03333333333333333
150.2556336053925,-39.78308630221122,0.03333333333333333
149.76433092030658,-39.682478467461756,0.03333333333333333
149.74635437465446,-39.668561332278756,0.03333333333333333
149.71485348978834,-39.64551465790922,0.03333333333333333
149.70743445321494,-39.64005778468116,0.03333333333333333
149.88162302527627,-39.55946607643765,0.03333333333333333
150.27650782438542,-39.520311644150894,0.03333333333333333
149.34026591062715,-39.36308656170222,0.03333333333333333
149.29059890583738,-39.32535678022866,0.03333333333333333
149.28319563355288,-39.319788178364675,0.03333333333333333
149.18963238635553,-39.2483619133519,0.03333333333333333
149.1469979083332,-39.24507182110649,0.03333333333333333
150.93424165776338,-39.327685648552865,0.03333333333333333
149.14501276697325,-38.97733724383102,0.03333333333333333
149.14437934447295,-38.775286622742364,0.03333333333333333
149.14463895401462,-38.77128781128931,0.03333333333333333
149.1445548031385,-38.396956722162216,0.03333333333333333
149.88293685592137,-38.563178153244564,0.03333333333333333
151.09742686748538,-39.80226512833489,0.03333333333333333
151.41817644685713,-39.473293964281524,0.03333333333333333
152.85511850348047,-39.44057763020045,0.03333333333333333
152.4572588680791,-39.26011343591372,0.03333333333333333
151.78928216400945,-38.90336837305533,0.03333333333333333
152.46049660890685,-38.71270197067318,0.03333333333333333
152.8119917544651,-38.38915589084493,0.03333333333333333
152.467903622626,-38.44801672782853,0.03333333333333333
151.8774422081112,-38.397053575982106,0.03333333333333333
151.63366027754182,-38.39862907392458,0.03333333333333333
154.67133245918959,-39.758671055835926,0.03333333333333333
152.9056565828898,-39.64912136184622,0.03333333333333333
154.00550483945543,-39.52510317316516,0.03333333333333333
152.85690995577002,-39.22165635007936,0.03333333333333333
153.5565418900044,-39.29828693449477,0.03333333333333333
154.27517976357385,-39.061367588734115,0.03333333333333333
154.46481882685327,-39.05988998033556,0.03333333333333333
154.52290098269933,-38.88995536722908,0.03333333333333333
153.70602135945248,-38.86923109489439,0.03333333333333333
153.5729102651345,-38.84482156589361,0.03333333333333333
154.64773305795075,-38.73466926516544,0.03333333333333333
152.9445381382489,-38.52037224060597,0.03333333333333333
153.94422589430275,-38.39607207849171,0.03333333333333333
153.67702674530034,-38.397956535671426,0.03333333333333333
153.70257038694302,-38.39780394057407,0.03333333333333333
154.49603899247847,-38.39143888693909,0.03333333333333333
153.7587068873367,-38.397471679422075,0.03333333333333333
153.66137938073012,-38.398111412483004,0.03333333333333333
154.63907613585138,-38.441720902975995,0.03333333333333333
156.47527330147673,-39.570130251299695,0.03333333333333333
154.80945347498073,-39.294967240796375,0.03333333333333333
155.3081465795175,-38.92599054867613,0.03333333333333333
156.31324775142613,-38.846470034173606,0.03333333333333333
156.15425902160956,-38.72128122970785,0.03333333333333333
155.84590945114488,-38.45324270686989,0.03333333333333333
157.37882355580106,-39.81985788141154,0.03333333333333333
157.94111095053734,-39.75400215780811,0.03333333333333333
158.27924715397347,-39.54559232336067,0.03333333333333333
158.1075315870311,-39.22405852779767,0.03333333333333333
156.94997173096957,-39.122842304098036,0.03333333333333333
157.44349339350674,-39.10929059361072,0.03333333333333333
157.09409655899375,-38.97615385846858,0.03333333333333333
157.09382704157602,-38.975360338341396,0.03333333333333333
158.2628221065647,-38.97383132695622,0.03333333333333333
157.92042785557697,-38.95857288883803,0.03333333333333333
156.84887493002708,-38.77638002124268,0.03333333333333333
157.58428642747418,-38.54445436634949,0.03333333333333333
159.99381241308907,-39.586930629057534,0.03333333333333333
159.41813430189399,-39.417369671361904,0.03333333333333333
158.94627312233283,-39.18165791351428,0.03333333333333333
158.26281080961292,-38.97386613536341,0.03333333333333333
161.17416113062097,-39.818076037430906,0.03333333333333333
161.35774364381328,-39.816202658927295,0.03333333333333333
161.30925467179225,-39.81665704939228,0.03333333333333333
160.35911154455866,-39.812704411781,0.03333333333333333
161.8894000054353,-39.807783341093995,0.03333333333333333
161.10366851703586,-39.6454373321559,0.03333333333333333
161.71344011956185,-39.6297149631665,0.03333333333333333
161.63192206303077,-39.61852070101614,0.03333333333333333
160.08504527383982,-39.555773594773854,0.03333333333333333
160.83476010586028,-39.08305257266435,0.03333333333333333
161.87464675858985,-38.60013683444736,0.03333333333333333
161.91430662316205,-38.85647134767915,0.03333333333333333
164.3167578887599,-39.79486924339461,0.03333333333333333
164.34682863470474,-39.610359845783755,0.03333333333333333
164.46002292502502,-39.45986431052837,0.03333333333333333
164.46779829706878,-39.44519382340802,0.03333333333333333
164.47243641075184,-39.44810520788638,0.03333333333333333
164.4616177545449,-39.4276813119728,0.03333333333333333
164.46314997217019,-39.433756074256735,0.03333333333333333
163.6701579306735,-39.22193302241251,0.03333333333333333
163.63647243944794,-39.12709608831332,0.03333333333333333
165.4613824114345,-39.02085320617119,0.03333333333333333
164.6508958396947,-38.89073234348759,0.03333333333333333
164.9322770767685,-38.6251522607181,0.03333333333333333
165.44792952387644,-38.61523871074965,0.03333333333333333
153.89145147550326,-41.03935716883212,0.03333333333333333
154.14565787840448,-40.92115328132465,0.03333333333333333
154.14385694114938,-40.83573652520477,0.03333333333333333
153.50107383352474,-40.62588292845957,0.03333333333333333
152.85705594691382,-40.409825320387775,0.03333333333333333
154.13169699194108,-40.33651887738589,0.03333333333333333
154.03341374311276,-39.99199791104936,0.03333333333333333
153.50562428717228,-39.763013159744304,0.03333333333333333
153.06080028164413,-39.766304526273906,0.03333333333333333
153.5907705324532,-39.762433423023545,0.03333333333333333
153.9872588854827,-39.82500928833299,0.03333333333333333
153.32676169820573,-39.84174515802429,0.03333333333333333
154.24366130605534,-41.01008344375433,0.03333333333333333
155.99244966577726,-40.98527269522293,0.03333333333333333
155.99058014059906,-40.89179057347076,0.03333333333333333
155.9892590457165,-40.82734842411914,0.03333333333333333
155.98361025154801,-40.58311304466649,0.03333333333333333
154.96984499602067,-40.571758572958004,0.03333333333333333
155.98154812181974,-40.506629092555755,0.03333333333333333
155.1958878512521,-40.126182200728934,0.03333333333333333
155.3352111746318,-39.76354535495074,0.03333333333333333
155.16395068229392,-39.76466008555494,0.03333333333333333
155.33145742029336,-39.763233768602255,0.03333333333333333
155.50926414134003,-39.87941443605516,0.03333333333333333
157.20933057861822,-41.157343967462225,0.03333333333333333
157.8333875346391,-40.975270863508726,0.03333333333333333
157.8198490463062,-40.803591093242225,0.03333333333333333
156.38836876935196,-40.80186510452564,0.03333333333333333
157.50969879188875,-40.698011714471114,0.03333333333333333
156.22307846947996,-40.291007308249895,0.03333333333333333
157.69722258191558,-40.20181584795645,0.03333333333333333
156.8212977797044,-40.11057397102356,0.03333333333333333
157.25001705949006,-40.091113454459794,0.03333333333333333
156.78476171102525,-40.0698429684439,0.03333333333333333
157.34255073953707,-39.83738689968701,0.03333333333333333
156.14307428254762,-39.77440085329668,0.03333333333333333
157.2766131620409,-39.95996455768724,0.03333333333333333
157.27814864686056,-39.96011409058203,0.03333333333333333
159.23846244383958,-41.14442212071321,0.03333333333333333
159.67990437825532,-41.00048062719462,0.03333333333333333
159.11771220816877,-40.73110313729313,0.03333333333333333
159.67307176787668,-40.682553884797784,0.03333333333333333
159.40222876306896,-39.969576104004005,0.03333333333333333
162.4752855778235,-41.18897695119085,0.03333333333333333
163.14447743170422,-40.572884008981966,0.03333333333333333
163.35015107292318,-40.04889962923612,0.03333333333333333
163.80499985139113,-41.02739352361589,0.03333333333333333
163.58979203919046,-40.579887087057394,0.03333333333333333
165.20659140972882,-40.536133607158106,0.03333333333333333
150.15520206665408,-42.52858048999157,0.03333333333333333
150.57881772481286,-42.52610934699571,0.03333333333333333
151.07268723379744,-42.520115721224784,0.03333333333333333
151.63608745179926,-42.50931785679914,0.03333333333333333
151.67003787990498,-42.508711682718676,0.03333333333333333
149.74827001369016,-42.20810937757939,0.03333333333333333
151.30023662951837,-42.01109998882843,0.03333333333333333
151.305949627504,-41.99738416955361,0.03333333333333333
151.30584173479346,-41.996566515991795,0.03333333333333333
149.78861625060858,-41.939351775587824,0.03333333333333333
149.73661733830437,-41.92750117845527,0.03333333333333333
149.73614728837083,-41.80035112138685,0.03333333333333333
151.45411896896601,-41.71298525829492,0.03333333333333333
151.4516740219284,-41.71207695953476,0.03333333333333333
149.73542902108258,-41.39979430795785,0.03333333333333333
149.735140230054,-41.39817362427368,0.03333333333333333
151.11351877372613,-41.40734137739182,0.03333333333333333
151.23978862767333,-41.33872272724285,0.03333333333333333
150.59617677025813,-41.11753770403417,0.03333333333333333
150.91752798401146,-41.107943009551505,0.03333333333333333
150.4368244406521,-41.11444916860084,0.03333333333333333
150.3999499357383,-41.115806041472396,0.03333333333333333
151.4670561682049,-41.2741326510947,0.03333333333333333
149.96299334990331,-41.22462799221547,0.03333333333333333
150.58901003636473,-41.211949013802936,0.03333333333333333
153.6026575282909,-42.46423168887794,0.03333333333333333
153.6024993703233,-42.4590433063908,0.03333333333333333
152.11333166259143,-42.181973546796605,0.03333333333333333
152.49221843803542,-41.63448742919429,0.03333333333333333
152.63812843606541,-41.18575672869641,0.03333333333333333
155.49161435119294,-42.48219762873918,0.03333333333333333
155.4906680299255,-42.436291806199776,0.03333333333333333
155.48573574113925,-42.20851149772581,0.03333333333333333
155.25559892290448,-42.14807518247897,0.03333333333333333
153.7444220191137,-41.5716856730969,0.03333333333333333
155.46819476150668,-41.55099367310935,0.03333333333333333
153.76698078233187,-41.32676746591061,0.03333333333333333
154.3010813537922,-41.25778393661842,0.03333333333333333
154.35284268151727,-41.27132056453324,0.03333333333333333
154.9762250114526,-41.130134038983314,0.03333333333333333
154.26483184133798,-41.13507792086991,0.03333333333333333
153.72642994181587,-41.13766346513055,0.03333333333333333
157.04745082911498,-42.547305408039634,0.03333333333333333
155.6970649848251,-42.46772818550743,0.03333333333333333
155.50469627405622,-42.372306645892465,0.03333333333333333
155.5634583749728,-42.319605282243096,0.03333333333333333
156.3413131249369,-42.26192092331361,0.03333333333333333
157.2415467738381,-42.237367973163465,0.03333333333333333
155.7461654701636,-42.18675377815239,0.03333333333333333
157.36434050196485,-42.16844140493657,0.03333333333333333
155.73998611305814,-42.18722211057264,0.03333333333333333
155.45480394655408,-41.878119018561634,0.03333333333333333
155.4547996655019,-41.831122750857894,0.03333333333333333
156.18550099001826,-41.81812379390818,0.03333333333333333
157.352012376426,-41.72217018100349,0.03333333333333333
157.35154269842957,-41.695932896464015,0.03333333333333333
156.80069349100978,-41.69810753682771,0.03333333333333333
156.32251532141277,-41.6338130701476,0.03333333333333333
156.7272933474169,-41.57488355036873,0.03333333333333333
155.4568562051886,-41.40884631227087,0.03333333333333333
155.75264330372022,-41.3660569137541,0.03333333333333333
155.6553943564631,-41.408458236164776,0.03333333333333333
157.2990808731983,-41.319921864961145,0.03333333333333333
155.76132788317116,-41.13978092771149,0.03333333333333333
156.9592877372235,-41.13191381247421,0.03333333333333333
155.45793264327958,-41.25858949298856,0.03333333333333333
157.264521619031,-41.12904214606051,0.03333333333333333
155.7170133093288,-41.340760674697904,0.03333333333333333
158.97107780891025,-42.49748498897575,0.03333333333333333
158.9555318813896,-42.47408277117545,0.03333333333333333
159.2530374691907,-42.27638099694578,0.03333333333333333
158.1883283940989,-42.15989635745246,0.03333333333333333
159.24603512131486,-41.977855228056775,0.03333333333333333
157.5996545529949,-41.97150545128337,0.03333333333333333
157.98905881760817,-41.811411439802896,0.03333333333333333
157.96787698607113,-41.61618856066296,0.03333333333333333
159.00657045233692,-41.49577118369062,0.03333333333333333
159.22711619471858,-41.34126760622123,0.03333333333333333
159.22074412150857,-41.13402009133246,0.03333333333333333
157.7978670446733,-41.13958990511258,0.03333333333333333
157.35674222673555,-41.14136356945523,0.03333333333333333
157.89108581905114,-41.19075301839261,0.03333333333333333
161.13860530288642,-42.309389119362066,0.03333333333333333
159.9239934717483,-41.874929615146996,0.03333333333333333
160.74418684021646,-41.84809917240568,0.03333333333333333
159.40977580651818,-41.46984809918167,0.03333333333333333
159.39377280072625,-41.4687118559829,0.03333333333333333
159.3942364264839,-41.4709581073493,0.03333333333333333
159.38113416567273,-41.46673026997557,0.03333333333333333
159.3961275718296,-41.464953839297344,0.03333333333333333
159.4025074798997,-41.46695524393693,0.03333333333333333
159.38879768055136,-41.46988992731539,0.03333333333333333
159.39548175876044,-41.458441493042905,0.03333333333333333
159.88152882952622,-41.24586452108753,0.03333333333333333
160.3717701342691,-41.13522800541768,0.03333333333333333
159.51174559541818,-41.14012152473569,0.03333333333333333
160.39249617824103,-41.185563518557295,0.03333333333333333
161.89173407435655,-42.45776151181155,0.03333333333333333
163.02221260315918,-42.368050971592346,0.03333333333333333
161.40461372710794,-42.228472930462274,0.03333333333333333
161.55736681346298,-42.211939510778386,0.03333333333333333
162.9633980136389,-41.73798964457811,0.03333333333333333
163.00606041609424,-41.71286481884139,0.03333333333333333
161.2720075661048,-41.67405607050589,0.03333333333333333
161.38284994444564,-41.406034423483746,0.03333333333333333
162.39182117085355,-41.36247388586669,0.03333333333333333
162.47863918834483,-41.13377988070491,0.03333333333333333
161.61949287308383,-41.139262607829316,0.03333333333333333
164.93117085193668,-42.15130653146839,0.03333333333333333
164.92944372432277,-42.07521658117624,0.03333333333333333
163.4899458112759,-41.59711004311389,0.03333333333333333
164.16614998864432,-41.130297940235856,0.03333333333333333
164.12269725038144,-41.13335219070079,0.03333333333333333
164.90507168688953,-41.2082455905883,0.03333333333333333
164.9051471679245,-41.21320437733512,0.03333333333333333
163.76301008280615,-41.13298217075605,0.03333333333333333
164.04185604979392,-41.13655247880453,0.03333333333333333
151.17524744117102,-43.906666917556684,0.03333333333333333
151.11914979728869,-43.89433619367082,0.03333333333333333
152.9506932521503,-43.890302113735466,0.03333333333333333
152.81949566197284,-43.885933332182645,0.03333333333333333
152.77037475366396,-43.865412045390656,0.03333333333333333
151.40937291209644,-43.82591778557802,0.03333333333333333
151.08827266145354,-43.79338400434214,0.03333333333333333
151.08766992244912,-43.75758046046667,0.03333333333333333
152.75662567959094,-43.78589276391767,0.03333333333333333
152.35682792426542,-43.525560412852876,0.03333333333333333
152.3388977321178,-43.328016544110575,0.03333333333333333
153.02509389224338,-43.19618212622168,0.03333333333333333
151.6406250351438,-43.11899061663947,0.03333333333333333
152.19794924005208,-43.05604137553939,0.03333333333333333
152.19888812686344,-43.053325799479865,0.03333333333333333
152.35129854242618,-42.886022864065424,0.03333333333333333
152.1861078018587,-42.494743448618216,0.03333333333333333
152.3405872031565,-42.49351402650075,0.03333333333333333
151.37157745729604,-42.499255845677695,0.03333333333333333
152.06901109626915,-42.49540925690643,0.03333333333333333
154.96712459984084,-43.819651500631686,0.03333333333333333
153.5914779736975,-43.78733954903977,0.03333333333333333
154.9657668659776,-43.75685097806346,0.03333333333333333
154.5675145345617,-43.67920914630081,0.03333333333333333
153.24912185217119,-43.66627011629568,0.03333333333333333
153.69294402900982,-43.53193441984088,0.03333333333333333
153.0858527761292,-42.83441174450843,0.03333333333333333
154.8000981780774,-42.827993710353645,0.03333333333333333
154.93647449822043,-42.71335237795934,0.03333333333333333
154.2431884619474,-42.4942533686064,0.03333333333333333
153.12138568107054,-42.51238788011497,0.03333333333333333
153.047582386178,-42.563855196176355,0.03333333333333333
153.61854512257744,-42.49847872694409,0.03333333333333333
153.82853515231346,-42.497128105737865,0.03333333333333333
154.60493511994704,-42.491281111128934,0.03333333333333333
156.45101964453303,-43.748462857117396,0.03333333333333333
156.69913263898138,-43.45311015338165,0.03333333333333333
156.87752481186303,-43.43299396752878,0.03333333333333333
156.87524266752442,-43.32616546270376,0.03333333333333333
155.45877535013,-43.26514434547765,0.03333333333333333
156.8633600147888,-42.91882789485469,0.03333333333333333
156.86130239740416,-42.85692370712317,0.03333333333333333
156.8004043955106,-42.4918000208321,0.03333333333333333
156.0376998079823,-42.49819473619538,0.03333333333333333
155.4351272539671,-42.50184947033815,0.03333333333333333
155.30683400465838,-42.5024131795272,0.03333333333333333
155.36991961432813,-42.50218592842797,0.03333333333333333
158.45118020824287,-43.63394304876279,0.03333333333333333
158.22513747500818,-43.60690185302953,0.03333333333333333
158.80437162196213,-43.5261630422516,0.03333333333333333
157.9217198220052,-43.356246699814605,0.03333333333333333
157.7876709211596,-43.16975162723199,0.03333333333333333
158.78923479168898,-42.97225557487977,0.03333333333333333
157.71151248108757,-42.50104069843953,0.03333333333333333
156.9219910067061,-42.50466566962816,0.03333333333333333
160.33755035683208,-43.55108314654702,0.03333333333333333
159.3073791931442,-43.52267018956282,0.03333333333333333
158.9902144191605,-43.215306504196946,0.03333333333333333
160.5627058504994,-43.075318049268894,0.03333333333333333
160.7161484352936,-43.01051031328411,0.03333333333333333
160.71061072765804,-42.831132384496996,0.03333333333333333
159.3085871907681,-42.785441846553375,0.03333333333333333
158.84209571596625,-42.50411930793259,0.03333333333333333
160.01032574117295,-42.640277004693296,0.03333333333333333
160.4596542702517,-42.49428196406249,0.03333333333333333
159.7362861848018,-42.49989096877982,0.03333333333333333
161.69409082924008,-43.91741353245167,0.03333333333333333
161.84555676798763,-43.913593071865776,0.03333333333333333
162.16282646640437,-43.45575013111298,0.03333333333333333
162.62649266430262,-43.132022767134984,0.03333333333333333
162.6258858727802,-42.59041268457779,0.03333333333333333
163.34084549908994,-43.44319825313928,0.03333333333333333
164.42150501040368,-43.21136172287724,0.03333333333333333
163.25992769036168,-42.937615906310384,0.03333333333333333
163.03251140520808,-42.50203691861545,0.03333333333333333
163.25289674277934,-42.50116958243582,0.03333333333333333
164.32294709368378,-42.493484830154976,0.03333333333333333
154.41996037666482,-45.226446771161264,0.03333333333333333
153.13817024361686,-45.23391889640108,0.03333333333333333
153.1550218748335,-45.234189809427434,0.03333333333333333
152.50775032553403,-45.18690778728071,0.03333333333333333
152.65825843782878,-44.92154924818925,0.03333333333333333
154.28961422985208,-44.83855503953831,0.03333333333333333
154.40959595151918,-44.817215096573676,0.03333333333333333
152.48401796806968,-44.45314188835281,0.03333333333333333
153.86610060299014,-44.31335798395404,0.03333333333333333
154.39132799074903,-44.21802104531577,0.03333333333333333
154.27718116335933,-44.13729171016738,0.03333333333333333
154.38843016245406,-44.122910737924286,0.03333333333333333
152.73242187461688,-44.077561192535846,0.03333333333333333
153.84805668728225,-43.85381606520419,0.03333333333333333
153.9082391284951,-43.85314881401836,0.03333333333333333
152.5751130054943,-43.861105593254855,0.03333333333333333
154.96254339370662,-45.13777456323214,0.03333333333333333
156.3794317155141,-45.06578160065995,0.03333333333333333
155.59928957204747,-44.76517236132875,0.03333333333333333
155.6000496800014,-44.764789981373475,0.03333333333333333
155.0546232907456,-44.60330458518199,0.03333333333333333
155.2509791358511,-44.496073285050976,0.03333333333333333
155.07857440341968,-44.13594916386989,0.03333333333333333
155.68540924067037,-43.85918021149022,0.03333333333333333
154.9328600611452,-43.86402810420179,0.03333333333333333
158.3400840742851,-44.859870575930564,0.03333333333333333
158.2780778388728,-44.80947166455664,0.03333333333333333
156.75607214800868,-44.699281915498105,0.03333333333333333
157.26818582887202,-44.667302901672905,0.03333333333333333
157.23075625148542,-44.660889192519264,0.03333333333333333
157.23003497582252,-44.38496876460093,0.03333333333333333
158.2866766963434,-44.34419101427874,0.03333333333333333
157.04173370356813,-44.24897101056271,0.03333333333333333
158.19140745573955,-43.85422191677175,0.03333333333333333
160.29872719575428,-44.542457889127036,0.03333333333333333
158.95795026244681,-44.53969252757685,0.03333333333333333
158.67334173948618,-44.465033282625264,0.03333333333333333
158.77656407083606,-44.438493019220545,0.03333333333333333
158.5338066485635,-44.341089451553536,0.03333333333333333
158.39827189257082,-44.112131520513685,0.03333333333333333
158.8751131285734,-44.05729895157437,0.03333333333333333
160.19487824178998,-43.853610913188774,0.03333333333333333
160.2814063147048,-44.0127547910429,0.03333333333333333
159.00223203159456,-43.86277157001768,0.03333333333333333
158.79261664379308,-43.88193817377264,0.03333333333333333
159.8563324292359,-43.85683796596209,0.03333333333333333
162.2806628740181,-45.138710426509675,0.03333333333333333
161.0976880911411,-45.01996008245371,0.03333333333333333
162.21810304192513,-45.00476377222224,0.03333333333333333
162.05107191574444,-44.92051561377243,0.03333333333333333
160.82322169072805,-44.633721801861725,0.03333333333333333
161.83076839722887,-43.86789136731411,0.03333333333333333
161.20899239682703,-43.87224540672283,0.03333333333333333
162.46181987131814,-45.2793328023929,0.03333333333333333
162.67316501512425,-45.2798983801227,0.03333333333333333
163.12723847816432,-45.2790783004625,0.03333333333333333
163.34141748594425,-45.277738208369634,0.03333333333333333
163.4178672481952,-45.27714351765876,0.03333333333333333
163.4888325880403,-45.276564480262095,0.03333333333333333
163.54266845844273,-45.27597785189447,0.03333333333333333
163.23265760746452,-45.188512408426845,0.03333333333333333
162.79955786206293,-45.08843947099247,0.03333333333333333
163.22234765308463,-44.52046113785718,0.03333333333333333
164.1283304948789,-44.39494200736769,0.03333333333333333
163.10742035866988,-44.248351801172454,0.03333333333333333
163.10480325059748,-44.09886598845309,0.03333333333333333
163.97969130855938,-43.98143342848389,0.03333333333333333
152.25431309973533,-46.6343175824067,0.03333333333333333
153.84326719329658,-46.415212563127696,0.03333333333333333
153.838003156197,-46.20755249189093,0.03333333333333333
152.223208781015,-45.914332609590645,0.03333333333333333
153.09911030673175,-45.79633374628409,0.03333333333333333
153.8227007784095,-45.714538397348576,0.03333333333333333
152.91484456572522,-45.69843961531026,0.03333333333333333
153.42703684235946,-45.28249909713682,0.03333333333333333
155.00887169256652,-46.63347334580828,0.03333333333333333
154.32824775185725,-46.59201715381614,0.03333333333333333
155.4200731904796,-46.44628333996957,0.03333333333333333
155.5978252726078,-46.38640267955068,0.03333333333333333
154.80520916662726,-46.33408236759963,0.03333333333333333
154.92566971269412,-46.30752203929635,0.03333333333333333
155.28100340822803,-46.118670064955644,0.03333333333333333
155.27988996495824,-46.11456285338626,0.03333333333333333
155.69974497693968,-45.90238618713776,0.03333333333333333
154.8942158493001,-45.9001179787461,0.03333333333333333
155.35259285223094,-45.49643159700975,0.03333333333333333
155.81786856142404,-45.214936849250925,0.03333333333333333
155.8223945415065,-45.349138968740355,0.03333333333333333
154.87325647010158,-45.22016558223128,0.03333333333333333
157.21332218355892,-46.614885432832345,0.03333333333333333
155.94462606913075,-46.46416603702324,0.03333333333333333
155.97309427052602,-46.375773715879724,0.03333333333333333
156.40450936105194,-46.348862820110256,0.03333333333333333
157.86031817943862,-46.348263219466475,0.03333333333333333
156.49721440655316,-46.26141564816617,0.03333333333333333
157.85626981397306,-46.190662347629655,0.03333333333333333
157.42079442336276,-46.086467063316746,0.03333333333333333
157.8518071930701,-46.041100139633635,0.03333333333333333
157.84125963192258,-45.71283062651632,0.03333333333333333
156.34167357192405,-45.686501407843544,0.03333333333333333
157.837964218022,-45.61443312124238,0.03333333333333333
157.83743400998287,-45.601587364264496,0.03333333333333333
157.25975708128885,-45.21600495440614,0.03333333333333333
157.11590106016305,-45.21717672224523,0.03333333333333333
156.99491493876025,-45.218029768887824,0.03333333333333333
157.8244224831808,-45.24846247954473,0.03333333333333333
157.71009083955022,-45.21177847193035,0.03333333333333333
157.71265172602747,-45.2117484084576,0.03333333333333333
155.82950683316014,-45.22333408292671,0.03333333333333333
156.53383420826134,-45.22096629587969,0.03333333333333333
157.8249449810646,-45.26183683521799,0.03333333333333333
156.34939965443613,-45.31135035885554,0.03333333333333333
157.62246231293616,-45.21273995830853,0.03333333333333333
159.87758276927772,-46.606048036816254,0.03333333333333333
159.3715769981083,-46.57515320535094,0.03333333333333333
159.37983280806685,-46.52795728639817,0.03333333333333333
158.63151978679267,-46.356793744004705,0.03333333333333333
159.8692904600936,-46.28246501706417,0.03333333333333333
159.8681393292257,-46.233801799746026,0.03333333333333333
158.3644562583185,-46.23090331515317,0.03333333333333333
159.15313092042982,-46.229572882177656,0.03333333333333333
158.15856835747527,-46.119686887708006,0.03333333333333333
159.36495821273368,-45.8698610052873,0.03333333333333333
157.98405233671775,-45.689879828422725,0.03333333333333333
157.9814541753429,-45.67945256853185,0.03333333333333333
158.5761613984731,-45.46346534202392,0.03333333333333333
159.8377527229689,-45.31730540752138,0.03333333333333333
159.70019041648192,-45.244580390081005,0.03333333333333333
161.8503870471151,-46.48172582048418,0.03333333333333333
161.48054389080332,-45.8975291997291,0.03333333333333333
160.85030030723388,-45.837718762955944,0.03333333333333333
161.85276233861964,-45.38569766583175,0.03333333333333333
161.8523801723699,-45.37664580684447,0.03333333333333333
161.78482150466473,-45.21194021638353,0.03333333333333333
160.80961311086898,-45.2201904599276,0.03333333333333333
159.96148640575248,-45.22364076830634,0.03333333333333333
160.47550257838788,-45.22188115190907,0.03333333333333333
163.786279173185,-46.21563782722485,0.03333333333333333
161.96372160323918,-46.02077985912379,0.03333333333333333
163.06436737361568,-46.01886487238578,0.03333333333333333
162.5811954662186,-46.018236773710264,0.03333333333333333
162.58139583063112,-46.01606364584237,0.03333333333333333
163.73286997326392,-45.9951731411491,0.03333333333333333
163.32282672027563,-45.71980288971021,0.03333333333333333
162.12492398767318,-45.610434708818865,0.03333333333333333
163.62456149697505,-45.54035140768622,0.03333333333333333
162.435476997692,-45.221529223443525,0.03333333333333333
163.64598943822799,-45.213186302970435,0.03333333333333333
161.89676290377722,-45.223287623194075,0.03333333333333333
163.7632750166799,-45.258277486981754,0.03333333333333333
164.80064691495485,-46.63755826404337,0.03333333333333333
165.45143625699882,-46.63164756169194,0.03333333333333333
165.55709121793674,-46.63006525015939,0.03333333333333333
165.76325459557742,-46.6267484216226,0.03333333333333333
165.89965904017367,-46.180018150061294,0.03333333333333333
164.0895249361805,-46.070219932509616,0.03333333333333333
165.8834337775076,-45.66061693519683,0.03333333333333333
151.14592882434772,-47.980221919368155,0.03333333333333333
151.48086191488042,-47.93140411942325,0.03333333333333333
152.21005108677818,-47.890212072405404,0.03333333333333333
152.13497762357318,-47.78631844075834,0.03333333333333333
152.64473240150602,-47.78061235945527,0.03333333333333333
151.36496163328476,-47.69358970994344,0.03333333333333333
151.91210721807997,-47.64942777155289,0.03333333333333333
153.1982442378898,-47.564204532430274,0.03333333333333333
153.2412782383188,-47.548707339655216,0.03333333333333333
153.23592725409603,-47.377404205459264,0.03333333333333333
153.2334745207915,-47.30126840946072,0.03333333333333333
153.23171755709416,-47.25382306850396,0.03333333333333333
152.38992801237262,-47.15078273999126,0.03333333333333333
152.18730506323215,-46.97459791235613,0.03333333333333333
151.43483507016276,-46.945259637456616,0.03333333333333333
153.21798036789914,-46.86777506547573,0.03333333333333333
151.38714957225196,-46.84466853099729,0.03333333333333333
153.2147587137789,-46.789300052196296,0.03333333333333333
151.27669187380067,-46.574597689952405,0.03333333333333333
151.76182375828625,-46.573069984492854,0.03333333333333333
151.28529501367433,-46.57464509388063,0.03333333333333333
151.87049583420412,-46.57251129508154,0.03333333333333333
152.87437270830384,-46.56511636498768,0.03333333333333333
152.41401551866923,-46.569133987415704,0.03333333333333333
151.30605186602946,-46.574593054738465,0.03333333333333333
151.46557204443315,-46.574139307607965,0.03333333333333333
153.8615281713554,-47.92592746253567,0.03333333333333333
155.30800173233487,-47.860427833313494,0.03333333333333333
153.97327019357462,-47.76929661010501,0.03333333333333333
154.94863817293552,-47.71636107434685,0.03333333333333333
155.30336515334832,-47.697964193016475,0.03333333333333333
154.10896548186247,-47.5780758544694,0.03333333333333333
154.1240912147628,-47.556828823076465,0.03333333333333333
155.29918110117555,-47.55254772655685,0.03333333333333333
154.12611714327898,-47.55414643258218,0.03333333333333333
154.15948241434268,-47.50636371292661,0.03333333333333333
154.52574836083934,-47.489117613498365,0.03333333333333333
154.22082716942538,-47.41831880522616,0.03333333333333333
154.2685158121552,-47.35063786742181,0.03333333333333333
154.27724535667323,-47.33763639132634,0.03333333333333333
154.29663825225623,-47.31059657926321,0.03333333333333333
154.28815461265722,-47.322975227070245,0.03333333333333333
154.3106685257067,-47.28903435478514,0.03333333333333333
154.33882256920788,-47.249095024305646,0.03333333333333333
153.55489533408164,-47.22514128374935,0.03333333333333333
154.1972373892381,-47.197399927822545,0.03333333333333333
154.4467426851508,-47.0941686380605,0.03333333333333333
155.28318049966524,-47.07059576077618,0.03333333333333333
154.46461013946066,-47.06913645839956,0.03333333333333333
154.4810053621621,-47.045790680635434,0.03333333333333333
154.49602494952092,-47.02269005770572,0.03333333333333333
154.5227072557561,-46.98434546869166,0.03333333333333333
154.52354230365188,-46.984057990041286,0.03333333333333333
153.95090367162675,-46.905432923888995,0.03333333333333333
154.63834596657432,-46.8162770613049,0.03333333333333333
154.28812732066774,-46.85769542122586,0.03333333333333333
154.67544454793716,-46.762175400524036,0.03333333333333333
154.6765510816616,-46.76089818657297,0.03333333333333333
155.26813273625532,-46.67326067648914,0.03333333333333333
154.7588916556332,-46.6398905501006,0.03333333333333333
154.76030750935325,-46.63783024424689,0.03333333333333333
155.02716387060363,-46.66471489601969,0.03333333333333333
155.01198767419606,-46.5648314644641,0.03333333333333333
153.29616613269008,-46.575157438263005,0.03333333333333333
154.51312994539336,-46.56929436399528,0.03333333333333333
154.03287860156104,-46.57240417257746,0.03333333333333333
155.19436602545676,-46.56290950919307,0.03333333333333333
153.32702145908468,-46.575002203459775,0.03333333333333333
154.3398265754076,-46.57053217133323,0.03333333333333333
153.72808373316695,-46.573991933413794,0.03333333333333333
155.66847508708938,-47.78248146687997,0.03333333333333333
157.35242130447386,-47.61402751103381,0.03333333333333333
155.28819495170552,-47.49662730358229,0.03333333333333333
156.40205954556626,-47.38435766300764,0.03333333333333333
155.39924683710603,-47.31642766569878,0.03333333333333333
155.59739322429803,-47.28674618811731,0.03333333333333333
157.33418629199932,-47.05686850739606,0.03333333333333333
156.9408510734874,-46.91259279016511,0.03333333333333333
157.32431140699646,-46.794048014638356,0.03333333333333333
156.26902862985952,-46.63293710764972,0.03333333333333333
156.51255441075105,-46.573366010108394,0.03333333333333333
155.8244327871062,-46.577235643558254,0.03333333333333333
156.75002919550641,-46.57137109392004,0.03333333333333333
156.43915056992125,-46.573870383464154,0.03333333333333333
157.5054863819014,-47.98102700994344,0.03333333333333333
159.41836338488042,-47.90958735478752,0.03333333333333333
157.8374438830805,-47.855472311658545,0.03333333333333333
157.55559534808089,-47.678244794736536,0.03333333333333333
158.48477348271763,-47.58493873408955,0.03333333333333333
159.40547454414042,-47.45962193449933,0.03333333333333333
159.38891564675725,-46.96905038795787,0.03333333333333333
159.38290316333112,-46.81182734331328,0.03333333333333333
159.3757011661289,-46.62584311847064,0.03333333333333333
159.10367595351659,-46.568094885990845,0.03333333333333333
160.0032278932421,-47.9956775979304,0.03333333333333333
160.5451085313129,-47.9932795299669,0.03333333333333333
161.47302042219115,-47.75072134159341,0.03333333333333333
161.19630174198096,-47.66785320141755,0.03333333333333333
159.79165877352702,-47.529820503727656,0.03333333333333333
161.45762448641304,-47.24326482253396,0.03333333333333333
161.45486495564742,-47.16755557617589,0.03333333333333333
161.06465945328196,-47.16081646127571,0.03333333333333333
160.74301476877946,-47.09126522432469,0.03333333333333333
159.54009914378332,-46.92885645644437,0.03333333333333333
159.99622088328138,-46.91998680395454,0.03333333333333333
163.53036368157922,-47.873566068157395,0.03333333333333333
162.3331769631997,-47.855075825958316,0.03333333333333333
161.45187411348027,-47.70587838861866,0.03333333333333333
161.78356307713102,-47.514513307341566,0.03333333333333333
163.50929416693472,-47.17134614175293,0.03333333333333333
162.00237405126757,-47.010843837853,0.03333333333333333
161.4288157284935,-46.97409952659426,0.03333333333333333
162.29384526952185,-46.894170268072436,0.03333333333333333
163.22667287386577,-46.568722360988026,0.03333333333333333
164.6539502856872,-47.6357875081287,0.03333333333333333
163.9001232281867,-47.43463223766105,0.03333333333333333
165.2931875345448,-47.331653641597825,0.03333333333333333
164.79799859242416,-47.29538420860965,0.03333333333333333
165.1185460951362,-47.21157417190384,0.03333333333333333
163.7931895409128,-47.0609736108819,0.03333333333333333
165.3223923885119,-47.01183133002974,0.03333333333333333
165.3131776719938,-46.56811175613385,0.03333333333333333
164.82526811887897,-46.57234629425575,0.03333333333333333
164.47887745539794,-46.5746690636961,0.03333333333333333
359.5218549462989,-1.3649719892078715,0.03333333333333333
359.8610774554137,-0.41224943296434535,0.03333333333333333
359.9800405441622,0.00776724443938635,0.03333333333333333
359.44448653817045,0.20750174805719312,0.03333333333333333
0.7089964404282497,0.70069677460661,0.03333333333333333
0.3703484711218165,0.7090190748373504,0.03333333333333333
2.039138980381564,-0.06526990380981053,0.03333333333333333
0.6517380140108556,0.6264093887548798,0.03333333333333333
1.0708900385354485,1.1929934875144521,0.03333333333333333
1.38299784014316,1.4348367929757182,0.03333333333333333
0.8110091390543236,1.4341348810344052,0.03333333333333333
3.1154959905393738,-1.369282338567808,0.03333333333333333
3.4675427285073868,-0.8435413466733443,0.03333333333333333
2.1455947300407447,0.4523353123268255,0.03333333333333333
2.9054454484957546,1.2492186053066312,0.03333333333333333
4.380258459418438,-0.8164386494043362,0.03333333333333333
4.824481473312118,-0.8064838485772009,0.03333333333333333
3.6199743565125737,-0.7455029176005269,0.03333333333333333
3.6311929460156422,-0.7346025257001221,0.03333333333333333
3.6329687486066415,-0.7338370639397668,0.03333333333333333
4.439731538653367,-0.3396117188475825,0.03333333333333333
3.7333117402685474,0.3176892728434901,0.03333333333333333
