ra,dec,sep
164.98312894532125,-39.98797149250984,0.03333333333333333
165.01186982764162,-39.763062497139074,0.03333333333333333
150.24463899378188,-42.5282427810302,0.03333333333333333
150.52699701658727,-42.526461452106325,0.03333333333333333
150.819507969202,-42.52355343933627,0.03333333333333333
151.0467367873789,-42.52057017673915,0.03333333333333333
151.48278722259855,-42.51255669890517,0.03333333333333333
150.46362567361675,-42.49293634108244,0.03333333333333333
150.545069709637,-42.39671094839644,0.03333333333333333
149.7478475336096,-42.26769266946458,0.03333333333333333
149.74265674434176,-42.261132346189655,0.03333333333333333
149.74811205916276,-42.180574921570994,0.03333333333333333
149.73560289478962,-41.62260100139236,0.03333333333333333
149.73557155049252,-41.6114601452715,0.03333333333333333
151.10993215368325,-41.52984399488904,0.03333333333333333
151.09568174243253,-41.485982992573376,0.03333333333333333
150.66296491143777,-41.11425425676392,0.03333333333333333
150.41313252218617,-41.113113122873685,0.03333333333333333
152.88806402654282,-42.09687432852566,0.03333333333333333
152.70150983201833,-41.13658689532833,0.03333333333333333
152.17696527294078,-41.139776463654506,0.03333333333333333
155.16731586109242,-42.100442260849036,0.03333333333333333
154.50596878585208,-42.004918062815435,0.03333333333333333
154.03876114409366,-41.31879762309155,0.03333333333333333
154.84010202708643,-41.131094149188684,0.03333333333333333
154.57521967264367,-41.19374371797805,0.03333333333333333
155.45516089011645,-42.423388774653894,0.03333333333333333
155.45451240847922,-42.258588955094616,0.03333333333333333
155.45430275040545,-42.067072297103984,0.03333333333333333
156.99843446252984,-42.040173674734966,0.03333333333333333
156.60949561110598,-41.87883879553581,0.03333333333333333
156.1832589057776,-41.85151095206788,0.03333333333333333
155.45489165917363,-41.80726906672539,0.03333333333333333
155.45508799077146,-41.803158185485294,0.03333333333333333
156.730768747104,-41.610624953811175,0.03333333333333333
157.30017723755245,-41.321194171177524,0.03333333333333333
156.01151017442348,-41.138691700711405,0.03333333333333333
156.3684094019799,-41.13655953400053,0.03333333333333333
158.73321629680913,-41.86374198416132,0.03333333333333333
157.99092543337298,-41.651029582265245,0.03333333333333333
157.89103396413373,-41.19779496810856,0.03333333333333333
158.62232608831232,-41.13434274256442,0.03333333333333333
159.10563367584876,-41.16449796541304,0.03333333333333333
160.28639352699972,-42.199556362902186,0.03333333333333333
161.120431887043,-41.593649497478935,0.03333333333333333
159.3984119184912,-41.4592817859141,0.03333333333333333
159.35280138881097,-41.21351976856494,0.03333333333333333
159.789005334742,-41.138871970790866,0.03333333333333333
162.26090452462847,-42.31849303722903,0.03333333333333333
162.0989861793155,-41.9434128898354,0.03333333333333333
161.78076960936028,-41.84776330575957,0.03333333333333333
161.6479433464494,-41.139190976923736,0.03333333333333333
162.87050086532957,-41.130223476376116,0.03333333333333333
164.93892312846995,-42.527366683622304,0.03333333333333333
164.93807719325585,-42.48135186461489,0.03333333333333333
163.00745026863922,-41.892170553131315,0.03333333333333333
163.6440228514779,-41.135266286439396,0.03333333333333333
164.24278429552353,-41.13005709007711,0.03333333333333333
163.97635791641,-41.13418858862365,0.03333333333333333
164.09195663361194,-41.13508030931618,0.03333333333333333
164.74015477204242,-41.13743188792535,0.03333333333333333
163.75909115017234,-41.137611573631894,0.03333333333333333
163.1648582561849,-41.17694467158138,0.03333333333333333
163.22079280882892,-41.24394302668948,0.03333333333333333
152.9503519910544,-43.889143970658225,0.03333333333333333
151.67698910348983,-43.869338384779674,0.03333333333333333
151.29612573430762,-43.836529055077534,0.03333333333333333
153.04091067495997,-43.82949836809499,0.03333333333333333
151.33526050655806,-43.755367896796635,0.03333333333333333
151.0942134651743,-43.66716714815879,0.03333333333333333
151.52610032634286,-43.207431461369715,0.03333333333333333
152.93903649395236,-43.13927328471031,0.03333333333333333
152.30825568476504,-43.002823558222644,0.03333333333333333
152.30756133387325,-43.002503475393574,0.03333333333333333
153.01920252023518,-43.00291118144565,0.03333333333333333
151.71425795407222,-42.91844158076385,0.03333333333333333
151.5011442420624,-42.85727951649411,0.03333333333333333
151.32003499102169,-42.63333444202814,0.03333333333333333
153.73883190211902,-43.61921964149586,0.03333333333333333
153.70052546163592,-43.53042741275907,0.03333333333333333
153.67542319721846,-43.32746158359477,0.03333333333333333
153.15080873828938,-43.263968595644826,0.03333333333333333
154.93781480403348,-42.757680781101506,0.03333333333333333
153.51307754561745,-42.66806427920693,0.03333333333333333
153.78060280031704,-42.497595013852525,0.03333333333333333
153.54929754904242,-42.49885632552011,0.03333333333333333
153.95463111288618,-42.65280626052775,0.03333333333333333
156.77427199442948,-43.72812711312928,0.03333333333333333
156.86922718502774,-43.116750718567374,0.03333333333333333
155.74810048793466,-42.82746318744498,0.03333333333333333
156.70306937950437,-42.49283101008589,0.03333333333333333
156.50008046052181,-42.76733528414803,0.03333333333333333
156.85762487962054,-42.74180232138149,0.03333333333333333
155.6327693734257,-42.50100000597949,0.03333333333333333
156.9597791681585,-43.90576634134269,0.03333333333333333
157.81430944262675,-43.90432999222294,0.03333333333333333
156.9703863167105,-43.90311040224714,0.03333333333333333
157.43242972539596,-43.677405704045725,0.03333333333333333
158.8065775802616,-43.6122561149289,0.03333333333333333
157.273310382508,-43.849756969708785,0.03333333333333333
158.7676765432111,-43.05742277842085,0.03333333333333333
158.32248528920695,-43.07862690646628,0.03333333333333333
158.5816042255359,-42.66845852789671,0.03333333333333333
158.2338800356459,-42.497305307216884,0.03333333333333333
160.73762105707308,-43.845424379784326,0.03333333333333333
158.88882995433642,-43.62414513616379,0.03333333333333333
159.34327989187662,-43.529915263624886,0.03333333333333333
159.024964677871,-43.211831283806156,0.03333333333333333
160.67834117629215,-42.49202501738251,0.03333333333333333
160.6895368307621,-42.491904634678924,0.03333333333333333
162.52506428711843,-43.90736713738964,0.03333333333333333
162.19703938368446,-42.9984381559558,0.03333333333333333
161.33292346183788,-42.5921329690106,0.03333333333333333
163.010681611459,-43.533241337531976,0.03333333333333333
163.85386364181255,-43.2033894508443,0.03333333333333333
153.9255372072468,-45.258550363339005,0.03333333333333333
152.7536131814068,-45.15255771252225,0.03333333333333333
152.74469175173098,-45.14997898901386,0.03333333333333333
152.74667331102816,-45.14951265033661,0.03333333333333333
152.52806643607838,-45.100990418373144,0.03333333333333333
153.6739002429698,-44.85392470634676,0.03333333333333333
152.52869118446924,-44.569601000525935,0.03333333333333333
153.50251841602088,-44.36146208412676,0.03333333333333333
153.81096712359866,-44.460089222030476,0.03333333333333333
153.49225425740312,-44.122335432844665,0.03333333333333333
154.78184281011943,-44.57360016937662,0.03333333333333333
155.23321751169985,-44.03781026975956,0.03333333333333333
156.08946269809243,-43.91710833359765,0.03333333333333333
154.82193233208304,-43.86450046355278,0.03333333333333333
154.70964456248225,-43.864983815235846,0.03333333333333333
154.49235161313442,-43.8657613900565,0.03333333333333333
158.34839948262237,-45.214870774979886,0.03333333333333333
158.34763559273085,-45.168315959847405,0.03333333333333333
157.55338586562974,-44.220782470549366,0.03333333333333333
156.95987056162338,-43.90578498083468,0.03333333333333333
158.1409390238882,-43.85478826572368,0.03333333333333333
156.7075959264374,-43.86479686328156,0.03333333333333333
156.9636560357226,-43.899570063829536,0.03333333333333333
156.97034612111383,-43.90320661166486,0.03333333333333333
159.21220385146245,-44.7516924558277,0.03333333333333333
158.36186299361182,-44.5764715885525,0.03333333333333333
160.05976444634038,-43.85506460913865,0.03333333333333333
160.09329338574827,-43.854739603035775,0.03333333333333333
159.94976544865975,-43.85608257050219,0.03333333333333333
160.2766004509424,-43.876038454186336,0.03333333333333333
160.66830382184426,-45.097600082169656,0.03333333333333333
162.5068425167147,-45.27951062307257,0.03333333333333333
163.33157615329364,-44.2724839831108,0.03333333333333333
152.247424276544,-46.63422799119584,0.03333333333333333
152.1426297016536,-46.63415475968761,0.03333333333333333
153.2437253399439,-46.62876409597713,0.03333333333333333
151.98600037531241,-46.45429685517875,0.03333333333333333
152.48015009360026,-46.37643828069124,0.03333333333333333
153.83417752721542,-46.0925171178304,0.03333333333333333
153.2671267638966,-45.90878155872467,0.03333333333333333
152.67949352421385,-45.7334576161788,0.03333333333333333
155.85383652178382,-46.30743746187722,0.03333333333333333
155.70206412488218,-45.895482221220476,0.03333333333333333
155.8386931339736,-45.800442507116344,0.03333333333333333
154.94294184226726,-45.60205455843843,0.03333333333333333
155.5312258962914,-45.468703945888215,0.03333333333333333
154.79324072340762,-45.22082219037062,0.03333333333333333
154.58688418590438,-45.22326622874152,0.03333333333333333
154.84174253951844,-45.219687345256936,0.03333333333333333
155.02907181819916,-45.220230842908364,0.03333333333333333
154.94255297038652,-45.22009790295851,0.03333333333333333
157.86657605275502,-46.585769459689004,0.03333333333333333
156.5085972776564,-46.174344659094885,0.03333333333333333
156.41752761990838,-46.114937682829925,0.03333333333333333
156.72800971552653,-45.41054977416097,0.03333333333333333
155.9683079384965,-45.22313622396097,0.03333333333333333
157.82261823906518,-45.21203446196878,0.03333333333333333
157.82353800192126,-45.2287897997441,0.03333333333333333
156.43393158095066,-45.22169011711794,0.03333333333333333
155.92854491337582,-45.223255575370366,0.03333333333333333
155.94005314617326,-45.22329259918693,0.03333333333333333
158.2810611353463,-46.43150579424238,0.03333333333333333
159.85700219190608,-46.28634841043192,0.03333333333333333
158.20771610627227,-45.93087224488471,0.03333333333333333
158.49563165085831,-45.22086211022282,0.03333333333333333
157.97522735191743,-45.222769170402096,0.03333333333333333
160.2846198684614,-46.63741323754225,0.03333333333333333
160.40920664869228,-45.769599289618114,0.03333333333333333
160.07700881415946,-45.75487564926504,0.03333333333333333
160.79010572902766,-45.627030252782404,0.03333333333333333
160.0162349890936,-45.22360067839161,0.03333333333333333
161.18184411582286,-45.217473804696255,0.03333333333333333
159.93873076293008,-45.22392451258629,0.03333333333333333
162.27847137905408,-46.229426886207584,0.03333333333333333
163.13964267959759,-46.20886077718787,0.03333333333333333
162.47785346559255,-45.60018013743797,0.03333333333333333
163.8460003105372,-45.329162965725004,0.03333333333333333
162.30347979912347,-45.2221429096657,0.03333333333333333
162.43193839840322,-45.221572801783644,0.03333333333333333
165.39014582966334,-46.63230356380997,0.03333333333333333
165.62573435093393,-46.629022374532354,0.03333333333333333
165.86857918366096,-45.24284159644205,0.03333333333333333
165.86860885654724,-45.24386418337947,0.03333333333333333
164.3810778812339,-45.342612489357386,0.03333333333333333
153.2498498922228,-47.9264566318238,0.03333333333333333
151.90215708848592,-47.85904012642325,0.03333333333333333
151.63217916768284,-47.8528031264691,0.03333333333333333
152.92032373517978,-47.80379656559471,0.03333333333333333
153.01100267220252,-47.628782346066096,0.03333333333333333
152.374342201502,-47.466407070046046,0.03333333333333333
152.88533866453918,-47.36401728871338,0.03333333333333333
152.02845422102706,-47.07331541658125,0.03333333333333333
151.84545518037726,-46.8358096098729,0.03333333333333333
152.98067146379512,-46.56418420514555,0.03333333333333333
152.60029047219774,-46.56785121702358,0.03333333333333333
151.42266018705342,-46.57433584521637,0.03333333333333333
153.5144604164991,-47.95346497613839,0.03333333333333333
155.01702555915534,-47.949083597269684,0.03333333333333333
154.3012835497081,-47.93817054727786,0.03333333333333333
155.3065888203668,-47.812770094023925,0.03333333333333333
153.70617409116454,-47.70989982633297,0.03333333333333333
155.30345169352574,-47.70074921739714,0.03333333333333333
155.29313525433037,-47.452016982668475,0.03333333333333333
154.56578570463736,-47.25495067822403,0.03333333333333333
155.2890884054334,-47.239721749768584,0.03333333333333333
153.66028825278894,-47.2299662908468,0.03333333333333333
154.33901372604808,-46.83877316578565,0.03333333333333333
153.82938737866434,-46.57344569499138,0.03333333333333333
155.60861050776143,-47.865568956838,0.03333333333333333
157.22880372967452,-47.588750911827184,0.03333333333333333
156.49921196335015,-47.40401518787631,0.03333333333333333
156.94437780324915,-47.365282441579936,0.03333333333333333
155.67406603454114,-47.28647719375304,0.03333333333333333
157.34158959506001,-47.271756289678,0.03333333333333333
156.58811995669305,-46.81455775549377,0.03333333333333333
155.45659804168156,-46.57849567622907,0.03333333333333333
155.68801134684793,-46.57777190092195,0.03333333333333333
159.10127919248197,-47.71499001950672,0.03333333333333333
158.20054754776302,-47.48449312683582,0.03333333333333333
159.3801252686423,-46.739413183114074,0.03333333333333333
157.93094853809419,-46.57629012293575,0.03333333333333333
158.16434532473002,-46.57518039709879,0.03333333333333333
161.47736616660654,-47.91430045891178,0.03333333333333333
159.88289056813733,-47.68935630030928,0.03333333333333333
159.9998687263755,-47.02397174690933,0.03333333333333333
159.56653184269467,-46.92667259366434,0.03333333333333333
161.43392721466068,-46.61421817746343,0.03333333333333333
163.5315045063371,-47.92492768906696,0.03333333333333333
162.63656060974085,-47.28304969916816,0.03333333333333333
162.5655430742219,-47.28364149549883,0.03333333333333333
163.50104953328187,-46.954482229577465,0.03333333333333333
165.05421901070494,-47.641745715693816,0.03333333333333333
164.2860879142981,-47.593588288096505,0.03333333333333333
164.5156365942509,-47.115607748026584,0.03333333333333333
163.97557240180456,-46.576844524010724,0.03333333333333333
163.5849890572484,-46.57782531679217,0.03333333333333333
0.6279554824066291,0.8331230804411939,0.03333333333333333
1.4979374300684951,0.045679015913728666,0.03333333333333333
1.7916872717045043,0.8914261244525057,0.03333333333333333
2.78567290990953,-1.3722212907904303,0.03333333333333333
3.4710831009673875,-1.2289746123849108,0.03333333333333333
2.9605736760637034,0.028279739648879306,0.03333333333333333
3.3638162881857334,0.875614770300196,0.03333333333333333
4.153156257769357,-1.3755743741038997,0.03333333333333333
4.888154538574471,-1.0934866421398797,0.03333333333333333
3.79253884171062,-0.8465181163652914,0.03333333333333333
5.595936968033572,-1.3033310569696066,0.03333333333333333
6.333011956389121,0.5254799731760371,0.03333333333333333
6.9743180526975825,-0.9667199252402,0.03333333333333333
7.279954433866209,0.010357115280465951,0.03333333333333333
7.416749471161749,1.0913027872498264,0.03333333333333333
7.916972348060869,-0.5040753808569185,0.03333333333333333
7.723968507376355,-0.1963910382704195,0.03333333333333333
8.771881549064107,1.4100785307545798,0.03333333333333333
9.491795534942998,0.03032827594276985,0.03333333333333333
9.89493608957293,0.8602458369384121,0.03333333333333333
12.782410269218097,-1.3667163617841478,0.03333333333333333
12.778959905763788,-0.8656579957329904,0.03333333333333333
12.955915679701484,0.5649407893753414,0.03333333333333333
13.770715506666866,-0.8270647538429192,0.03333333333333333
13.40924275526158,-0.05070894576776173,0.03333333333333333
14.767074131559605,1.0011685238164214,0.03333333333333333
15.003239737402989,-0.5026619610066824,0.03333333333333333
15.392380102107225,0.02270858710220103,0.03333333333333333
15.562046771477473,0.030255531274372777,0.03333333333333333
15.632402188184084,1.3433615405781432,0.03333333333333333
17.256603326003162,1.3781935749384482,0.03333333333333333
18.890776996753218,-0.8587455347938298,0.03333333333333333
18.887732613726772,-0.8596562230501371,0.03333333333333333
17.904115425438217,0.03501853491476542,0.03333333333333333
17.701834278014918,-0.21226819906969807,0.03333333333333333
19.057140108424413,0.7623339779112968,0.03333333333333333
19.04862408374184,1.3180513654385642,0.03333333333333333
19.851900460450093,0.030644272703970132,0.03333333333333333
21.69378980441009,-0.6457451930656755,0.03333333333333333
20.609179383725586,-0.12488451775286075,0.03333333333333333
20.97812192371461,0.28234147700935985,0.03333333333333333
22.84976735652798,-1.3673467754485429,0.03333333333333333
22.360594720657517,-1.1997118023036937,0.03333333333333333
25.071099271009768,-0.8341590148622415,0.03333333333333333
25.284532033386736,-0.3097685866601709,0.03333333333333333
25.381300538855914,0.4023900510660047,0.03333333333333333
25.554735538983763,1.4346052829871407,0.03333333333333333
26.95252106508151,0.7240359113527638,0.03333333333333333
28.13011780454248,0.022372984409537017,0.03333333333333333
28.281325555486635,0.02560398536872277,0.03333333333333333
28.515026952602057,0.03226446380499447,0.03333333333333333
27.988396291922246,0.7276629624380171,0.03333333333333333
28.410999510895728,1.4334106758934433,0.03333333333333333
30.13604348540557,1.4489790336825397,0.03333333333333333
31.274077617669978,0.03930593746730051,0.03333333333333333
32.918679888560234,0.046217549378567084,0.03333333333333333
33.759066181002034,1.4309039151441791,0.03333333333333333
35.9847196058432,0.03502229703687268,0.03333333333333333
37.48751137869475,-1.0089856734353149,0.03333333333333333
36.49632603448252,-0.6626587405871224,0.03333333333333333
36.999658761596436,0.04409720927903631,0.03333333333333333
36.696028338790434,0.031140838072168525,0.03333333333333333
37.3928596959451,-0.10898277434681816,0.03333333333333333
36.61785108970139,1.1604400554801353,0.03333333333333333
38.03891271958179,-1.3861949894293877,0.03333333333333333
38.972603174842185,-0.14581991385294196,0.03333333333333333
39.68852506534099,-1.3705561161546969,0.03333333333333333
39.676741298285215,0.03377412751252814,0.03333333333333333
38.90731923323882,-0.06437842336988693,0.03333333333333333
41.60311859466317,-0.5045181639339942,0.03333333333333333
41.60593375574607,-0.5027112363938046,0.03333333333333333
41.61070793418089,-0.5000978872359795,0.03333333333333333
41.60538742277559,-0.4991950700734108,0.03333333333333333
41.17199234165061,0.04030241410285091,0.03333333333333333
41.600581255355934,-0.4980253582007757,0.03333333333333333
41.03365651597054,0.0567177444976993,0.03333333333333333
41.02787451513917,0.8469624920091511,0.03333333333333333
42.0711750052871,0.01876352067788797,0.03333333333333333
43.60887244004111,-0.6896473847720612,0.03333333333333333
43.98850261320957,0.6926401806012571,0.03333333333333333
46.051965175569315,-1.1927199888695097,0.03333333333333333
44.81624216849577,0.7255338986148461,0.03333333333333333
44.85558959760276,0.7273367471611171,0.03333333333333333
46.20769411378219,-0.13705075686612653,0.03333333333333333
46.32601371119922,-0.1594812724372882,0.03333333333333333
46.78761524902579,0.02727396970171839,0.03333333333333333
46.55298185202796,1.3659244829765935,0.03333333333333333
51.05927060133227,0.02864955158180127,0.03333333333333333
51.64982651661071,1.2057595472375822,0.03333333333333333
52.09930095469032,-0.0895228581092771,0.03333333333333333
53.15637348569088,0.13944302553720572,0.03333333333333333
54.19828326633864,0.5209728315571055,0.03333333333333333
53.80621035860359,1.0680466810289817,0.03333333333333333
54.607207384813,0.7251251799368191,0.03333333333333333
56.744347338512355,-1.3734608880748311,0.03333333333333333
56.155540329282246,-0.9710673644747512,0.03333333333333333
56.64666533147435,-0.9328211910844832,0.03333333333333333
57.31591204876585,-0.12598143694791686,0.03333333333333333
57.22792765104507,0.4687870759429623,0.03333333333333333
56.7538435115455,1.0054918060879778,0.03333333333333333
57.28697520415392,1.1628501269812663,0.03333333333333333
58.10556494884325,-0.5576003988414061,0.03333333333333333
57.8306476158525,0.5379309203257563,0.03333333333333333
57.687966351962395,1.4047518105949903,0.03333333333333333
59.494276836606595,-0.1905384007198533,0.03333333333333333
59.1984000448746,0.031439823737191286,0.03333333333333333
59.59081320531666,0.03541987519321845,0.03333333333333333
59.38443793683997,-0.013221092026597771,0.03333333333333333
58.876684875627404,0.03169368734911585,0.03333333333333333
59.046771633699414,0.01847013148592482,0.03333333333333333
59.68093427588539,0.026655048368198653,0.03333333333333333
59.365072486279715,0.0222321591001812,0.03333333333333333
59.766299332240436,1.359321839400579,0.03333333333333333
300.0347964976362,-1.3778859481759247,0.03333333333333333
300.4984816205385,-1.3719677327645283,0.03333333333333333
300.74041356727264,-1.3693524725367252,0.03333333333333333
300.65834559367727,-1.3691392333651888,0.03333333333333333
300.90438089291007,-1.3678192384090568,0.03333333333333333
300.64609539068914,-1.3677956788174113,0.03333333333333333
300.69881244774484,-1.3673740029099235,0.03333333333333333
300.9830598306453,-1.3665761940601346,0.03333333333333333
300.72134635275694,-1.3653170295999275,0.03333333333333333
300.43374320490943,-1.3678888354135397,0.03333333333333333
301.0940683965394,-1.3384244931430638,0.03333333333333333
299.6975355846927,-1.33853208763734,0.03333333333333333
300.9436362785298,-1.3172797604770057,0.03333333333333333
300.70138331782755,-1.3044706487451196,0.03333333333333333
300.6643171452758,-1.3058952358678295,0.03333333333333333
300.38329139982653,-1.2940007398722584,0.03333333333333333
300.72218425618365,-1.2698566627159018,0.03333333333333333
300.9360209316923,-1.2378267556143323,0.03333333333333333
300.8530591799692,-1.237835495134484,0.03333333333333333
300.45978049490583,-1.2284965414273985,0.03333333333333333
300.97333290727363,-1.1939686483323426,0.03333333333333333
300.6432006927517,-1.1561590128117811,0.03333333333333333
300.9512622106618,-1.1258616429156505,0.03333333333333333
299.7006279699223,-1.0879533199241245,0.03333333333333333
300.5496233274733,-1.0569052678192732,0.03333333333333333
300.7812933110342,-1.052689308736758,0.03333333333333333
300.70322175190046,-1.0462783586648234,0.03333333333333333
300.48939867727296,-1.009321724077933,0.03333333333333333
300.0946983193205,-1.0054768227713726,0.03333333333333333
300.698696263724,-0.9744605210146032,0.03333333333333333
300.07090264179976,-0.973263049875035,0.03333333333333333
300.54572447124536,-0.970878528758192,0.03333333333333333
300.55254628020015,-0.9618395861736696,0.03333333333333333
300.4843517864106,-0.9605527738020191,0.03333333333333333
301.0693654594666,-0.9289402070170212,0.03333333333333333
300.50021993434837,-0.9134712946129844,0.03333333333333333
299.8952545728456,-0.9132712142673124,0.03333333333333333
300.33908872332773,-0.9170154943571464,0.03333333333333333
300.429668506515,-0.8899186210742663,0.03333333333333333
300.430611505149,-0.8889423386209059,0.03333333333333333
300.9680266225941,-0.889586459321014,0.03333333333333333
300.6971277330252,-0.8729908683810733,0.03333333333333333
300.8000289680213,-0.8688914052258789,0.03333333333333333
300.06977974538904,-0.8669012824141373,0.03333333333333333
300.4421696843343,-0.8495435647943905,0.03333333333333333
301.1058893049261,-0.8333255253038052,0.03333333333333333
300.4527268412885,-0.8198195584791484,0.03333333333333333
300.8784793439882,-0.8070722656334419,0.03333333333333333
300.90088477429686,-0.8062115898444024,0.03333333333333333
300.0693489078372,-0.7901223612201175,0.03333333333333333
300.76625800319505,-0.6990917299287323,0.03333333333333333
300.04527813224405,-0.6751174045555544,0.03333333333333333
300.46885316045984,-0.6570290755132867,0.03333333333333333
299.95400770675684,-0.6501650472486168,0.03333333333333333
301.08198374498227,-0.5931708134981477,0.03333333333333333
301.10323503670656,-0.5875519381773737,0.03333333333333333
300.593214236535,-0.5822711197569487,0.03333333333333333
300.7536072636676,-0.5456660269419042,0.03333333333333333
300.8875477517788,-0.5208098541839705,0.03333333333333333
300.78432661630075,-0.5035852263368495,0.03333333333333333
300.58760240043654,-0.4866960349742643,0.03333333333333333
300.1152839825287,-0.4925714454842476,0.03333333333333333
300.7214319573012,-0.4645003898112926,0.03333333333333333
300.4350872072178,-0.43245534473674296,0.03333333333333333
300.71215409395637,-0.34042420857733,0.03333333333333333
300.11358799007047,-0.33553847226363404,0.03333333333333333
299.7630526396768,-0.28424720251111496,0.03333333333333333
300.11346967725945,-0.276695053256002,0.03333333333333333
300.6051648418602,-0.2735240984038084,0.03333333333333333
300.60074621896223,-0.2746714742589204,0.03333333333333333
300.965869059702,-0.2463873382712661,0.03333333333333333
300.613990977155,-0.2433825142254952,0.03333333333333333
300.6125883973374,-0.23317956304447704,0.03333333333333333
300.77873488507424,-0.15643999990089513,0.03333333333333333
300.77266755880316,-0.11690520951302355,0.03333333333333333
300.4680978279469,-0.09468774321727408,0.03333333333333333
300.1046762110068,0.03636519647269824,0.03333333333333333
300.66260964691884,0.008201861843355434,0.03333333333333333
300.61941645684465,-0.044735060532599784,0.03333333333333333
300.3660229865353,0.02264898289072275,0.03333333333333333
300.793100908558,0.027914210090440185,0.03333333333333333
301.0127072316293,0.031314715514774626,0.03333333333333333
299.9677291343539,0.4035179857175032,0.03333333333333333
300.82619357803384,0.6829776454195251,0.03333333333333333
299.9271891573818,0.7315445689760808,0.03333333333333333
301.0543095907878,0.7859780887366203,0.03333333333333333
300.4249683570248,1.103941736898962,0.03333333333333333
300.8084123576375,1.1632110808376566,0.03333333333333333
300.4738273119782,1.2397545732055764,0.03333333333333333
301.09643324450633,1.2548764297241994,0.03333333333333333
300.31873508556987,1.3872509204027472,0.03333333333333333
300.32085412116265,1.3568312978125805,0.03333333333333333
301.17538170913974,-1.3792325320323604,0.03333333333333333
301.3722445554671,-1.378058502330214,0.03333333333333333
302.27705051536185,-1.368009131225849,0.03333333333333333
301.7134936828583,-1.371926196696601,0.03333333333333333
302.38597939254015,-1.3662820996068203,0.03333333333333333
302.49947986702136,-1.3643649300746126,0.03333333333333333
301.32942951548785,-1.2449223726286704,0.03333333333333333
302.52401798670934,-0.9538553568397626,0.03333333333333333
301.65850864292753,-0.5945862652164844,0.03333333333333333
301.207076763688,-0.4407698694258352,0.03333333333333333
301.72018662236303,-0.28178067100849674,0.03333333333333333
301.49723327362125,0.03648224445850228,0.03333333333333333
302.0704854019898,0.043931997742280605,0.03333333333333333
302.1552414894595,0.04353061003989584,0.03333333333333333
302.0974672710796,0.04280695856240719,0.03333333333333333
301.60622228917265,0.03934241536604957,0.03333333333333333
302.02751508100687,0.04343421155821713,0.03333333333333333
301.6142053175421,0.0382857748219485,0.03333333333333333
301.7227341143485,0.02358936190502138,0.03333333333333333
301.7681733676344,0.026995936954786397,0.03333333333333333
301.9367785398698,0.026295505139248485,0.03333333333333333
301.9514451991064,0.027788310057994745,0.03333333333333333
301.89423645124464,0.029808262916090837,0.03333333333333333
302.34131590894003,0.6806386956343099,0.03333333333333333
301.67172895166783,0.8818992566068953,0.03333333333333333
302.09368087760123,1.4419496841234833,0.03333333333333333
301.574648655195,1.4348737360943202,0.03333333333333333
301.5753533270851,1.3815076619738171,0.03333333333333333
302.0667795828461,1.3666211483886828,0.03333333333333333
301.7636138209504,1.4328285180363554,0.03333333333333333
301.7006645514891,1.4331818129440248,0.03333333333333333
303.9444563106612,-1.2766101225527429,0.03333333333333333
303.93725062424056,-0.4901916846857312,0.03333333333333333
302.7008333786705,-0.2177414034676869,0.03333333333333333
302.61084763179,0.01978228451253816,0.03333333333333333
303.1880583145185,0.024448184786080573,0.03333333333333333
303.429698676061,0.027255099364225054,0.03333333333333333
302.5341523112629,0.02666177512030367,0.03333333333333333
303.73141171624405,0.03149163918460728,0.03333333333333333
303.10667721512834,0.20870897421460946,0.03333333333333333
303.4410909226381,0.3392565194041254,0.03333333333333333
303.5538654931659,0.5301865233938194,0.03333333333333333
303.0812397083715,0.6216760975683912,0.03333333333333333
302.5224801169115,0.8784348072507819,0.03333333333333333
302.5206400127177,1.0801444657229062,0.03333333333333333
302.99704320649766,1.4367870078446785,0.03333333333333333
302.96531031659663,1.4358351978612334,0.03333333333333333
302.94977085535265,1.4362755564651841,0.03333333333333333
303.36174828999674,1.4365750492129326,0.03333333333333333
304.71942709863475,-1.3731084437643073,0.03333333333333333
304.6766170246634,-1.3723317759836298,0.03333333333333333
304.9761049924022,-1.3687586928967772,0.03333333333333333
304.63821224345867,-1.3704189076995708,0.03333333333333333
305.0889387958757,-1.155759409481253,0.03333333333333333
304.3009589231707,-1.0540395960824516,0.03333333333333333
304.5508279614081,-0.7376125204994775,0.03333333333333333
304.5801640095471,-0.6712373668787615,0.03333333333333333
305.3512961309408,-0.4363024072933896,0.03333333333333333
305.3480376396162,-0.20121414132049906,0.03333333333333333
304.6459631705355,0.03481410475194585,0.03333333333333333
304.9156636406797,0.04661852396662895,0.03333333333333333
304.73103135967136,0.044876249894513255,0.03333333333333333
304.62592501605263,0.02754644722758488,0.03333333333333333
305.2182578550953,0.032030710949996155,0.03333333333333333
304.57571996087233,0.0237509769309614,0.03333333333333333
303.95105504190457,0.07559078127556522,0.03333333333333333
305.0586387154528,0.4299418474312592,0.03333333333333333
304.40525204370965,0.4617784533975571,0.03333333333333333
304.5926408681288,0.5037745164189201,0.03333333333333333
304.1718665942507,0.6129320546769252,0.03333333333333333
304.3934186710592,0.6233901159119156,0.03333333333333333
305.2567788884936,0.6632506130761946,0.03333333333333333
304.1323685385641,0.6635817417158628,0.03333333333333333
304.038632675975,0.6741003225994451,0.03333333333333333
304.2346549588158,0.6847007563105498,0.03333333333333333
304.7480518167437,0.6003618326190898,0.03333333333333333
304.26780219703875,0.740685235003889,0.03333333333333333
304.1222172116527,0.7432210443182365,0.03333333333333333
304.72114734401794,0.8821482210931447,0.03333333333333333
304.20000085926233,0.9027499090603184,0.03333333333333333
303.9399173823539,0.9097639218083434,0.03333333333333333
304.69447993338434,1.1082849347836363,0.03333333333333333
305.21509876470213,1.1142689935036032,0.03333333333333333
304.27101257330065,1.1551129496805783,0.03333333333333333
304.61690236018063,1.4340478223179918,0.03333333333333333
305.09652188994073,1.3318391047090141,0.03333333333333333
306.1524272627844,-1.3731192403005656,0.03333333333333333
306.5127362076308,-1.3695587247670116,0.03333333333333333
306.2230395645254,-1.369247910472,0.03333333333333333
306.7829661581642,-1.3121823383548263,0.03333333333333333
305.84006404302016,-1.2640965055569435,0.03333333333333333
306.78067183914504,-0.9809231553802156,0.03333333333333333
306.7782151293229,-0.7232264871817051,0.03333333333333333
305.6755357560082,-0.6705609994373294,0.03333333333333333
305.6479758852928,-0.6694194677482896,0.03333333333333333
305.4614450462297,-0.6255562873254699,0.03333333333333333
306.7762850600913,-0.5482101523503742,0.03333333333333333
305.65748205781847,-0.04736963567508763,0.03333333333333333
305.56401190449037,-0.011298102724972623,0.03333333333333333
306.3456027637094,-0.008092742927281966,0.03333333333333333
306.83802105427037,0.5948230338278132,0.03333333333333333
307.11192804403464,-0.7023645207516059,0.03333333333333333
308.12544896708806,-0.6958938309001096,0.03333333333333333
307.05008700522615,0.28840003171329903,0.03333333333333333
307.0258622770853,0.4912304017407279,0.03333333333333333
308.2626013293896,0.5699385534473999,0.03333333333333333
307.27721626479706,0.6875311667555164,0.03333333333333333
307.0959132078752,0.6963856637270184,0.03333333333333333
307.77514191905567,1.4096935622932274,0.03333333333333333
308.0103376435298,1.4104089893993736,0.03333333333333333
307.4624111965852,1.292200869766637,0.03333333333333333
309.35707813441417,-1.3676347107799238,0.03333333333333333
309.0342841053845,-1.3718539775820473,0.03333333333333333
309.11226024382256,-1.2192230941403257,0.03333333333333333
309.11086328428865,-1.0701731012828275,0.03333333333333333
309.2248384166809,-0.9957417607800014,0.03333333333333333
309.22367764454174,-0.8656777359883981,0.03333333333333333
309.10861992585563,-0.8467993549564149,0.03333333333333333
308.2008672534748,-0.6938471958214723,0.03333333333333333
309.6051617562323,-0.3015337110138605,0.03333333333333333
309.6028666491101,-0.14725792863064766,0.03333333333333333
308.68317796120635,0.03890690876237464,0.03333333333333333
308.86678515504553,0.03677214517285515,0.03333333333333333
309.68901646787623,0.311186200774596,0.03333333333333333
308.34268768970804,1.4026518613589134,0.03333333333333333
310.2656628970492,-1.3769420237628305,0.03333333333333333
310.43218798200263,-1.3730005612962328,0.03333333333333333
310.00762685584414,-0.4652045113750963,0.03333333333333333
309.6333972245642,-0.13985972847905942,0.03333333333333333
310.66042645053113,0.04197730485293847,0.03333333333333333
310.06015620865907,0.034652522555983264,0.03333333333333333
309.71627695900986,0.24531665106898856,0.03333333333333333
310.98668825749763,0.3157746549078051,0.03333333333333333
310.53068504104635,1.4087257515463203,0.03333333333333333
310.566690936177,1.40874836667189,0.03333333333333333
311.3790594827145,-0.17057146277989385,0.03333333333333333
312.4859068430339,-0.20047242424500933,0.03333333333333333
311.6341718700943,0.0071537371998108,0.03333333333333333
311.6087878150387,0.39382803431123975,0.03333333333333333
312.4846164282326,-1.1836664499138752,0.03333333333333333
313.3591709810448,-0.979880428546371,0.03333333333333333
313.0946898041548,-0.9644574842879524,0.03333333333333333
313.47340856840543,-0.9300397015320832,0.03333333333333333
313.180458560878,-0.9186343318918834,0.03333333333333333
313.86157917465795,-0.9204758955318992,0.03333333333333333
312.48592414481044,-0.20047764337369905,0.03333333333333333
312.82152469985664,0.03576704444004933,0.03333333333333333
313.84992303926236,-0.02151474770920461,0.03333333333333333
313.8460961616978,-0.09733288678347596,0.03333333333333333
313.08973587831935,1.4076094663176624,0.03333333333333333
314.69569894154256,-1.371818497484248,0.03333333333333333
314.71968694313244,-1.3673960523079352,0.03333333333333333
315.28226080937685,-1.1508224190588623,0.03333333333333333
314.58539737213067,-0.6655230815557508,0.03333333333333333
314.0710085411957,-0.37975951450136136,0.03333333333333333
314.9006973983312,-0.17597246223942978,0.03333333333333333
314.49810856857016,0.03424454687164648,0.03333333333333333
314.6880935834837,0.03621620159448726,0.03333333333333333
314.6918609522445,0.027328032750252317,0.03333333333333333
314.81972652068856,0.0765585477258264,0.03333333333333333
315.2805310119318,0.3977146337120728,0.03333333333333333
314.89187843353983,0.4682003946058222,0.03333333333333333
314.5964443727898,0.6812829290887306,0.03333333333333333
315.27714819382993,0.7525647513792965,0.03333333333333333
315.08115801348026,0.9944556812071981,0.03333333333333333
314.6172808440065,1.4353722653193612,0.03333333333333333
314.9019183071498,1.4428619273536938,0.03333333333333333
314.5674115917905,1.4353988936542068,0.03333333333333333
314.5320057403137,1.4360680374678052,0.03333333333333333
316.57981083001687,-1.3677692123596028,0.03333333333333333
316.03827780290385,-1.3722661313967794,0.03333333333333333
316.59812093991746,-1.3167490973054905,0.03333333333333333
316.67058841744665,-1.3406164788734574,0.03333333333333333
315.67477266115327,0.038548953623030256,0.03333333333333333
315.9221532820388,0.023646486902549887,0.03333333333333333
316.42301886815153,0.0300476758819332,0.03333333333333333
316.1002957796978,0.02948164895623448,0.03333333333333333
316.21456537450644,0.030796332365420058,0.03333333333333333
316.0489687056992,0.0307710800752748,0.03333333333333333
315.70141103891837,0.501245117729104,0.03333333333333333
316.5724684673423,0.6633851759782559,0.03333333333333333
316.4385409366072,0.7052745338764612,0.03333333333333333
316.56663352997225,0.7398753156667108,0.03333333333333333
318.00385158352736,-0.280345841969967,0.03333333333333333
318.19285578281495,0.22397087582386704,0.03333333333333333
318.1928271001017,0.2672796379657494,0.03333333333333333
318.97366343864985,-1.3668470567181408,0.03333333333333333
318.15241526688925,-1.2252113398376006,0.03333333333333333
319.53430849886036,-1.1785669713046207,0.03333333333333333
318.72118861253267,-0.9778373013834242,0.03333333333333333
318.498559367999,-0.7897319155314643,0.03333333333333333
318.5489950545225,0.02070897548191176,0.03333333333333333
318.79967124056543,0.026528418688467024,0.03333333333333333
318.6880097853304,0.613964086402102,0.03333333333333333
318.6275621547828,1.4355028249576756,0.03333333333333333
319.16452082595964,1.1075728789378,0.03333333333333333
318.6660507345589,1.4308219491825334,0.03333333333333333
320.4839194732607,-1.3713722735338398,0.03333333333333333
320.65448202273114,-1.3689759425447516,0.03333333333333333
320.2998337216187,-1.3704224928840516,0.03333333333333333
319.6952079206195,-0.984311712650534,0.03333333333333333
319.89008520611793,-0.955273551186144,0.03333333333333333
320.94995198709614,-0.8210511689570014,0.03333333333333333
319.8842136017888,-0.5137448486987811,0.03333333333333333
320.8353054096134,-0.5106973454718137,0.03333333333333333
319.6898600984929,-0.4081486795866685,0.03333333333333333
319.95913017840905,0.035139449262027056,0.03333333333333333
320.1270648995221,0.03380498062460767,0.03333333333333333
320.93940731615584,-0.038318769871037335,0.03333333333333333
319.8043058303129,-0.043982774336472616,0.03333333333333333
320.6089511878532,-0.08310975199305573,0.03333333333333333
320.39152906850984,0.027899934099572563,0.03333333333333333
320.15312811335497,0.02881027562839336,0.03333333333333333
320.6800152948239,0.029614967709788557,0.03333333333333333
319.75873296224705,0.020332914046774352,0.03333333333333333
319.91534083544093,0.3643402914623369,0.03333333333333333
320.848240564437,0.4660248191287461,0.03333333333333333
320.3516285022991,0.7882758420177369,0.03333333333333333
321.68226992784,-1.3645359156800825,0.03333333333333333
321.2821304811706,-0.7990561978721284,0.03333333333333333
321.59719096976727,-0.796352325756878,0.03333333333333333
321.683187814723,-0.7749244260795768,0.03333333333333333
322.36085598378895,-0.4564114018774548,0.03333333333333333
321.3034161330837,0.03258645469721884,0.03333333333333333
321.4958551744316,0.032441585732872126,0.03333333333333333
321.59140559502816,0.032813603378504835,0.03333333333333333
322.36876763525595,0.03530923890377628,0.03333333333333333
321.68212378138645,0.7220996674293169,0.03333333333333333
323.02873279422766,-0.8728568667914766,0.03333333333333333
323.05555294281896,0.007452974972510019,0.03333333333333333
323.2891788780693,1.4415580134285475,0.03333333333333333
323.17093971675564,1.436486679026696,0.03333333333333333
322.72383633366815,1.4343283385659649,0.03333333333333333
322.369447932402,1.2059147332458915,0.03333333333333333
324.7297174890892,-1.370483490851494,0.03333333333333333
325.20539263438116,-1.307714223747118,0.03333333333333333
324.43684472842807,-1.0726404192465504,0.03333333333333333
325.1960828429621,-0.3771927736748395,0.03333333333333333
324.80713634720706,0.0407405473525018,0.03333333333333333
324.5076667927806,0.03918616532278247,0.03333333333333333
324.71527237115004,0.0034360765115855787,0.03333333333333333
324.8205123322351,1.273401949889256,0.03333333333333333
325.27802698415235,0.8544193957200571,0.03333333333333333
325.2775547304693,1.04306306658923,0.03333333333333333
326.69332472976214,1.0901062928285628,0.03333333333333333
326.57690718421884,1.4116877151566378,0.03333333333333333
325.283074798825,1.318893210730037,0.03333333333333333
326.9090668701918,0.6399297122797342,0.03333333333333333
328.57500430647343,0.9422073085758816,0.03333333333333333
329.89152542432737,-1.1490018659515762,0.03333333333333333
329.8417816331468,-0.3786506103901121,0.03333333333333333
330.5673221367153,0.04711383140211879,0.03333333333333333
330.4260488940315,0.045912626654222216,0.03333333333333333
330.16705101141264,0.04318738804795315,0.03333333333333333
329.974941383292,0.0407928582498341,0.03333333333333333
329.46747935539275,0.3040220075233361,0.03333333333333333
330.81307116150913,1.2891533854468642,0.03333333333333333
329.52017286338656,1.0297930593367648,0.03333333333333333
331.149981099664,-0.7035661012866415,0.03333333333333333
331.44386951137386,-0.06500945735188646,0.03333333333333333
332.14216266483913,0.5118210562721623,0.03333333333333333
332.9485696644252,-1.3710452120642873,0.03333333333333333
333.44697758756575,-0.9280891804996422,0.03333333333333333
333.1241576362874,0.03583927859736755,0.03333333333333333
332.6090942638074,0.03695036926426546,0.03333333333333333
333.1370474381434,0.043662341743751824,0.03333333333333333
333.06239868067024,0.02512552957122793,0.03333333333333333
333.1889323269491,1.4426033493490462,0.03333333333333333
332.7589087253505,1.4384071740394426,0.03333333333333333
335.06302922305315,-0.8019291991958989,0.03333333333333333
334.61214172269854,0.00899054508602938,0.03333333333333333
333.7125637592416,0.5902334250919312,0.03333333333333333
334.3759356437347,0.6747777092242049,0.03333333333333333
335.11796770297025,0.9057042600124882,0.03333333333333333
333.96463410949275,1.164236132133241,0.03333333333333333
334.56262843755,1.254694273842988,0.03333333333333333
334.24904406247913,1.0436910782890718,0.03333333333333333
334.74373193070284,1.4447507397035342,0.03333333333333333
334.1782822995596,1.4231128820072017,0.03333333333333333
335.9032062685592,-1.3988220814386907,0.03333333333333333
335.53200473771415,0.023639660668940382,0.03333333333333333
335.90118352577167,0.8827755963681361,0.03333333333333333
335.62891419292185,1.4369615091086645,0.03333333333333333
339.2117236926289,-0.969237642663032,0.03333333333333333
338.3061798828739,-0.9200969942086774,0.03333333333333333
338.73736671468515,0.04399066326114391,0.03333333333333333
338.30509007658435,0.03445264221246744,0.03333333333333333
338.9491241391286,0.026714875417508072,0.03333333333333333
337.9655997240394,0.5255209151995528,0.03333333333333333
338.8702920351721,0.6252365268438301,0.03333333333333333
338.96133395813547,1.439148013516979,0.03333333333333333
339.59688919210015,-0.952268013442764,0.03333333333333333
339.92814739821137,0.09277210149875112,0.03333333333333333
342.21205313768866,-1.3010352654118098,0.03333333333333333
343.01871746324434,-0.7678136530372839,0.03333333333333333
342.8012792438485,0.024148220107120345,0.03333333333333333
342.8934169243966,0.03285794488141231,0.03333333333333333
342.7664541288646,0.5412481085159193,0.03333333333333333
344.23951085739924,-0.4178591489560449,0.03333333333333333
344.672536896105,0.7010042726315829,0.03333333333333333
344.42583347635485,1.4086539571170733,0.03333333333333333
345.5942464277996,0.437512646630118,0.03333333333333333
346.1327517692746,1.4103593021664464,0.03333333333333333
345.52747973641965,1.4062379267790344,0.03333333333333333
347.04492000641267,-1.299588506149179,0.03333333333333333
347.231188850614,0.6182549476788003,0.03333333333333333
346.99773847816675,1.352716401874542,0.03333333333333333
347.11031777315117,1.406685386046862,0.03333333333333333
349.4275212742128,0.093129280239253,0.03333333333333333
349.81163766649104,1.4372407061672272,0.03333333333333333
351.14657580501364,-0.03661227284552935,0.03333333333333333
351.62682431906035,1.4436698794082072,0.03333333333333333
351.48590060060155,1.4335415568237897,0.03333333333333333
354.43418892825895,1.4041849448426618,0.03333333333333333
356.9213089026478,0.0316959785007292,0.03333333333333333
356.91156953255427,1.4068551373666611,0.03333333333333333
358.799382150229,-1.1598544436075913,0.03333333333333333
359.2143208618444,-0.6254615078615741,0.03333333333333333
359.21428576197906,-0.616548131093218,0.03333333333333333
358.144735925576,0.03676197734545781,0.03333333333333333
358.31174450011133,-0.30570024639282817,0.03333333333333333
52.877670696850565,-30.214388032625184,0.03333333333333333
52.874549161274146,-30.215355217936448,0.03333333333333333
63.31107001314273,-31.603704533796066,0.03333333333333333
63.22209217387361,-31.30837649675762,0.03333333333333333
66.15310654980671,-30.190393271304263,0.03333333333333333
67.91485862835738,-30.25392017250568,0.03333333333333333
74.69437896885438,-31.017866022383146,0.03333333333333333
74.69326724400919,-30.963757200721076,0.03333333333333333
73.54708200710705,-30.19744139341208,0.03333333333333333
48.139082441531365,-32.387688729492424,0.03333333333333333
47.878850128066176,-31.880860044582445,0.03333333333333333
49.34426184095731,-31.52343596573832,0.03333333333333333
48.929133834773005,-31.526558827545987,0.03333333333333333
51.696629915890036,-31.51519590297988,0.03333333333333333
68.05701257992375,-32.92860400652713,0.03333333333333333
68.87440180005072,-31.79445630840177,0.03333333333333333
70.74099264978827,-32.56883258346706,0.03333333333333333
69.65353181033339,-31.51885280729857,0.03333333333333333
72.93930876091402,-32.66433283358605,0.03333333333333333
72.48374651241497,-31.973942662523168,0.03333333333333333
72.48637042589553,-31.966654101687546,0.03333333333333333
72.48812282421461,-31.962702300189424,0.03333333333333333
72.47954116834897,-31.965981349243986,0.03333333333333333
74.5909479330378,-32.94009733160587,0.03333333333333333
75.64319034577781,-31.90430366269339,0.03333333333333333
45.386442264828005,-34.25963713788414,0.03333333333333333
44.86076224366632,-33.46027156410539,0.03333333333333333
49.21108348383686,-33.30109956831036,0.03333333333333333
49.21104988541157,-33.301067522085425,0.03333333333333333
50.82144184651187,-32.838093362250994,0.03333333333333333
52.48187134567684,-33.3066592090478,0.03333333333333333
55.72845181463222,-34.03266268099177,0.03333333333333333
56.84143331660593,-32.851435640037344,0.03333333333333333
63.1913861763616,-33.93787859182847,0.03333333333333333
62.87714425416029,-33.89197020875841,0.03333333333333333
62.98927341346487,-32.90926393688288,0.03333333333333333
62.996541848110105,-32.90247595803799,0.03333333333333333
63.00296609900155,-32.89680208521691,0.03333333333333333
70.25948809877283,-34.22704098131671,0.03333333333333333
52.351113475711784,-35.24150696288027,0.03333333333333333
56.74243353142415,-35.218554939868994,0.03333333333333333
56.58711031310764,-34.950360964701765,0.03333333333333333
56.57186743413093,-34.93782079316491,0.03333333333333333
55.38460541024991,-34.89109788777535,0.03333333333333333
55.38562960618687,-34.88861116743838,0.03333333333333333
58.350972467722215,-35.16254310994215,0.03333333333333333
60.364753550347366,-35.52339290661089,0.03333333333333333
61.17143615831319,-34.96550088599031,0.03333333333333333
60.19197563815276,-34.40769068554132,0.03333333333333333
61.3910130275791,-34.15513263979405,0.03333333333333333
62.05262460002735,-34.63015941886716,0.03333333333333333
62.26587257000144,-34.16655872939923,0.03333333333333333
68.48107216715707,-34.876742852037964,0.03333333333333333
51.434255664956204,-36.26333289514362,0.03333333333333333
58.58469551653978,-36.591194753089425,0.03333333333333333
62.647044838645755,-35.48787388944698,0.03333333333333333
67.68115780726336,-36.19617786272116,0.03333333333333333
70.8574802372566,-36.463857847425906,0.03333333333333333
70.84459114792894,-35.93093018505584,0.03333333333333333
73.73061606777883,-35.86324536806955,0.03333333333333333
73.11434795846144,-35.48519426662053,0.03333333333333333
72.78164964636915,-35.83029342430823,0.03333333333333333
50.976431222487754,-37.511985357624205,0.03333333333333333
52.54123236268946,-37.25481431943697,0.03333333333333333
51.98875139192221,-37.14833273749018,0.03333333333333333
51.992392138090636,-37.14656137274093,0.03333333333333333
51.99268981843989,-37.148181703046134,0.03333333333333333
62.85540327584039,-37.571250805881284,0.03333333333333333
63.73356411708173,-36.8057217171748,0.03333333333333333
67.10172298525353,-37.97072238394591,0.03333333333333333
71.38132081258694,-36.80077007033112,0.03333333333333333
73.89565581570686,-38.15593344083599,0.03333333333333333
73.72191346289327,-37.320919676953736,0.03333333333333333
73.71975877176362,-37.32095899536728,0.03333333333333333
73.75077658898452,-37.25984603891258,0.03333333333333333
58.54573394495856,-39.39399150176758,0.03333333333333333
59.35520541970645,-39.098979018254255,0.03333333333333333
59.593283811290476,-39.31458996548164,0.03333333333333333
61.38420915574394,-38.12031184418112,0.03333333333333333
64.61014336567352,-39.521361490192454,0.03333333333333333
63.24997813266718,-38.32846190144912,0.03333333333333333
66.35582207247344,-38.7528920747947,0.03333333333333333
73.23885489650684,-39.44685846830969,0.03333333333333333
63.89625433226905,-40.387696960088185,0.03333333333333333
64.18705629002226,-40.19975164810155,0.03333333333333333
71.70785343333512,-40.06780621928153,0.03333333333333333
65.15362875784119,-40.840066609479955,0.03333333333333333
67.18930044161597,-41.79439670232181,0.03333333333333333
65.62909235548659,-41.452479078762295,0.03333333333333333
65.8762742366267,-40.917781080842,0.03333333333333333
68.98614654460762,-42.12001716090834,0.03333333333333333
68.9832908007483,-41.9912936313281,0.03333333333333333
69.5422898717455,-41.66281712778853,0.03333333333333333
72.38335961162555,-40.73405911417643,0.03333333333333333
63.50312977608104,-42.51105590589452,0.03333333333333333
63.50293386682446,-42.48062131565129,0.03333333333333333
63.50051084702133,-42.44401273152098,0.03333333333333333
63.50302890454854,-42.495911349816055,0.03333333333333333
63.50284323881547,-42.46680862834267,0.03333333333333333
66.49750313852422,-43.27294370064416,0.03333333333333333
66.68476952384738,-42.261434192503216,0.03333333333333333
67.11963551092221,-43.24142208891915,0.03333333333333333
66.92599861968759,-42.638987413573254,0.03333333333333333
68.52320520621397,-42.096469617351346,0.03333333333333333
69.86435708444397,-42.98661407860815,0.03333333333333333
68.83252077391391,-42.20328938270354,0.03333333333333333
71.42214656584187,-42.048987257472405,0.03333333333333333
73.42181436053697,-42.36668118822842,0.03333333333333333
66.94128644141539,-44.775518119476395,0.03333333333333333
66.81194172483022,-44.03128178414053,0.03333333333333333
69.52686376631496,-44.768224735793694,0.03333333333333333
69.98209799016382,-44.753905178089454,0.03333333333333333
69.3959956471664,-44.34132589285378,0.03333333333333333
73.67930313368083,-44.762648848988455,0.03333333333333333
69.14208871596554,-45.74744462567399,0.03333333333333333
68.97548219151089,-45.480992140275596,0.03333333333333333
71.90682027703893,-46.08139162673249,0.03333333333333333
72.09605095751637,-44.88268692292141,0.03333333333333333
72.9535675111532,-46.626882826403104,0.03333333333333333
72.42629373480152,-48.654953190188415,0.03333333333333333
71.3575729917889,-48.46616540421421,0.03333333333333333
70.90298400768219,-47.268484414942634,0.03333333333333333
73.67932821336544,-48.22227714319606,0.03333333333333333
