ra,dec,sep
334.4083960423969,-31.55555961458427,0.03333333333333333
334.16969990165353,-31.240107171328066,0.03333333333333333
334.8579955716732,-30.85212937701435,0.03333333333333333
336.4004548700646,-31.47516079020962,0.03333333333333333
337.2012427747528,-30.91100925411266,0.03333333333333333
337.2013982008354,-30.91087829716301,0.03333333333333333
341.9461064172778,-31.154638960557165,0.03333333333333333
340.4562435334129,-30.329015431975087,0.03333333333333333
346.77609063762566,-31.366282383298678,0.03333333333333333
347.2385497957576,-30.86865891289977,0.03333333333333333
348.4227967057168,-30.764218147088105,0.03333333333333333
351.3506996003241,-30.780275681762422,0.03333333333333333
352.9482978545619,-30.943936649066487,0.03333333333333333
351.35070381964175,-30.780245703127285,0.03333333333333333
353.22826977772627,-30.978836100206514,0.03333333333333333
354.0684171744178,-30.77215900508143,0.03333333333333333
9.160164736675396,-32.5790767643802,0.03333333333333333
10.110163421040324,-32.530308386218564,0.03333333333333333
9.950547039590456,-31.705481104622287,0.03333333333333333
11.305592314031381,-32.897082348937985,0.03333333333333333
10.512802455998427,-31.616427153945786,0.03333333333333333
15.147303875864544,-31.857794569695052,0.03333333333333333
21.49167129509434,-32.54562083000371,0.03333333333333333
21.39565731209289,-32.548764377733306,0.03333333333333333
22.861960440512696,-32.59617297263869,0.03333333333333333
27.906858215350734,-32.82002060727967,0.03333333333333333
26.62972433767516,-32.258277166345984,0.03333333333333333
26.226404042406426,-32.21883706549395,0.03333333333333333
27.98143684634839,-31.73523732387748,0.03333333333333333
29.70659864612988,-32.70672214884828,0.03333333333333333
9.895537647061902,-32.84350478617218,0.03333333333333333
13.586841416606017,-33.80727409930868,0.03333333333333333
18.395545963646885,-33.500640423737195,0.03333333333333333
20.135997329839498,-34.123866316751105,0.03333333333333333
19.68891354858012,-33.64369934845421,0.03333333333333333
20.135981683870327,-34.12382038039932,0.03333333333333333
21.82557400106737,-33.90339849054468,0.03333333333333333
23.062107414371372,-33.48842320935598,0.03333333333333333
22.61122609615545,-33.166681692890194,0.03333333333333333
24.978738474763688,-33.980153526316506,0.03333333333333333
25.02477373454108,-34.21642401585168,0.03333333333333333
28.47816437369347,-34.027866484311836,0.03333333333333333
31.289174577467552,-33.816460521433356,0.03333333333333333
32.82671592148975,-32.997416459268386,0.03333333333333333
33.10437995801359,-33.083042512325804,0.03333333333333333
12.658089163102474,-35.35572685431761,0.03333333333333333
15.605767775247777,-35.51449912404629,0.03333333333333333
16.026662544018016,-34.32456670434716,0.03333333333333333
22.224577262682523,-35.489179086131436,0.03333333333333333
22.04820684548682,-34.69725835389373,0.03333333333333333
22.207419429991887,-34.63243889066599,0.03333333333333333
37.486342613878534,-34.444749631760395,0.03333333333333333
38.632879375997945,-34.25596817418846,0.03333333333333333
40.717339002177006,-35.560244081552405,0.03333333333333333
315.7501267259039,-21.61305579619955,0.03333333333333333
315.6910899809913,-20.871067096090496,0.03333333333333333
314.2479585329425,-20.87946582806481,0.03333333333333333
316.35286756606115,-21.89545183995214,0.03333333333333333
316.0583726257595,-21.72858460934195,0.03333333333333333
316.2924089982441,-23.57796088238254,0.03333333333333333
318.3256881756701,-23.44265859427811,0.03333333333333333
316.3076782583544,-24.92476327045435,0.03333333333333333
316.53013147916295,-23.549051468341464,0.03333333333333333
317.89434588806216,-24.357036144687964,0.03333333333333333
319.0876844896513,-23.540709627356755,0.03333333333333333
318.14108032017594,-23.91760572044025,0.03333333333333333
317.76330166141116,-23.54824216886148,0.03333333333333333
315.0671836491818,-26.298796354711804,0.03333333333333333
315.9634882970612,-25.94416017724368,0.03333333333333333
315.80597840175363,-25.373267019941625,0.03333333333333333
315.064052832034,-24.989571061246945,0.03333333333333333
316.56793901645835,-25.873541052388585,0.03333333333333333
316.04845234175497,-25.41059116410889,0.03333333333333333
317.7237169810505,-26.276821591941825,0.03333333333333333
317.9425192482676,-24.9545376382368,0.03333333333333333
319.2529005317598,-25.713109374808283,0.03333333333333333
318.42517607716684,-26.483966247942337,0.03333333333333333
316.3733041988348,-28.554939941130645,0.03333333333333333
316.3518647054105,-28.31312944551249,0.03333333333333333
315.8509339539138,-27.77281625837973,0.03333333333333333
314.2276438968274,-29.79640195773539,0.03333333333333333
315.0288993669418,-29.578136247032003,0.03333333333333333
314.91092991748934,-28.870501871926265,0.03333333333333333
317.2314944191299,-29.37364832773725,0.03333333333333333
318.85570780610004,-29.344970813496946,0.03333333333333333
317.5776039761234,-28.928829578092365,0.03333333333333333
321.78040168144133,-29.933112302026462,0.03333333333333333
322.00640273905856,-29.780025963720163,0.03333333333333333
321.66402555366045,-29.032364018355217,0.03333333333333333
322.8971017999074,-30.282433016217013,0.03333333333333333
325.4997191855506,-30.00113386363681,0.03333333333333333
316.8031915622865,-31.34897938080234,0.03333333333333333
316.80299742558554,-31.327888307812994,0.03333333333333333
317.50268189725483,-30.315162914927345,0.03333333333333333
319.03326706292637,-31.57325931907103,0.03333333333333333
319.58073493731183,-30.684813385130898,0.03333333333333333
319.07345143105664,-30.197542585126392,0.03333333333333333
321.47035934863584,-30.492764032974172,0.03333333333333333
321.4732970953699,-30.492725143326698,0.03333333333333333
321.4619784567268,-30.492431391214765,0.03333333333333333
321.4592784288146,-30.492694726174488,0.03333333333333333
321.49341439551637,-30.187523618309523,0.03333333333333333
323.08576530505366,-31.31935656420177,0.03333333333333333
322.6211477447994,-30.54784602492876,0.03333333333333333
322.7661601724943,-30.31332416493668,0.03333333333333333
324.26170539165537,-30.98996134893385,0.03333333333333333
323.4838448751153,-30.51631346204062,0.03333333333333333
314.94413634016547,-32.766470294866,0.03333333333333333
316.21613688806764,-31.869617457827,0.03333333333333333
317.81182119486516,-32.073062183036484,0.03333333333333333
320.0915229224569,-32.12114252830888,0.03333333333333333
320.15848481256063,-31.87674249514021,0.03333333333333333
316.38813832845506,-32.840962075844146,0.03333333333333333
317.7822325244557,-33.62600193595436,0.03333333333333333
318.80593678152945,-32.840671779451796,0.03333333333333333
317.82352004162044,-32.846414267411745,0.03333333333333333
320.4393597364839,-34.20810640886192,0.03333333333333333
318.99278721205366,-32.848803558853675,0.03333333333333333
321.50232969954584,-32.996528844930054,0.03333333333333333
314.9318042952958,-35.45251741524869,0.03333333333333333
317.59583484114165,-35.51638758133772,0.03333333333333333
317.9464424106275,-35.25119659512769,0.03333333333333333
319.4177811391737,-35.03949048610714,0.03333333333333333
315.60793990000457,-35.780890815109345,0.03333333333333333
316.9019229355132,-36.90285533130202,0.03333333333333333
317.87193112232467,-35.48830763463932,0.03333333333333333
318.672331417036,-35.484175460247044,0.03333333333333333
318.33940000415436,-35.486170135919316,0.03333333333333333
315.1082488430468,-38.01347349339767,0.03333333333333333
316.63891717854364,-37.96952960414283,0.03333333333333333
316.5294268768792,-37.69425704459249,0.03333333333333333
317.10058648167575,-37.652054061432864,0.03333333333333333
316.8425992620433,-37.593705650424134,0.03333333333333333
317.57826081689166,-37.48427145618341,0.03333333333333333
317.71458871529086,-37.30464467888183,0.03333333333333333
320.1193871454847,-37.86372625377931,0.03333333333333333
318.7347880593207,-36.89401712134728,0.03333333333333333
315.8856378624373,-39.45669448568806,0.03333333333333333
318.79161307881583,-39.488614654543795,0.03333333333333333
318.37980218539843,-38.50434075902678,0.03333333333333333
318.79117544385457,-38.118092345646666,0.03333333333333333
315.88570560151817,-39.45696105902215,0.03333333333333333
314.4029040722877,-42.065509091011656,0.03333333333333333
314.72192345599035,-42.0173425407146,0.03333333333333333
317.92807789426274,-41.42135208295321,0.03333333333333333
318.62684382571973,-41.72740255327906,0.03333333333333333
318.0203370322052,-41.600877051372414,0.03333333333333333
318.98181220263285,-41.33885878040834,0.03333333333333333
318.63173288897764,-41.299381540459976,0.03333333333333333
317.8709653855931,-40.748824596470364,0.03333333333333333
318.98996430977564,-40.902222445055706,0.03333333333333333
318.9051829598159,-42.87656112345801,0.03333333333333333
317.1237197381657,-42.81481285640996,0.03333333333333333
317.2917660988646,-42.81479353619623,0.03333333333333333
317.9975343555965,-42.054593798754354,0.03333333333333333
315.9015843741747,-43.75141074807268,0.03333333333333333
316.4473878433203,-44.77894634581321,0.03333333333333333
316.8953931911177,-44.779181296143214,0.03333333333333333
317.7808144818415,-44.77195567668541,0.03333333333333333
316.2623082926752,-44.12672003523885,0.03333333333333333
318.0337379209052,-43.5114651986606,0.03333333333333333
315.3491312029318,-46.083082131865865,0.03333333333333333
316.13366168159,-46.069034531924295,0.03333333333333333
317.1629180123331,-45.65640516596746,0.03333333333333333
315.71171021660086,-45.56850979080618,0.03333333333333333
317.15182877492475,-45.10453438467925,0.03333333333333333
314.56069445814325,-47.385269930745146,0.03333333333333333
316.06321163758275,-47.38557866750043,0.03333333333333333
316.79341723906435,-47.38709466310068,0.03333333333333333
316.9017479955957,-47.38685332454917,0.03333333333333333
317.80669517401884,-46.80927280021528,0.03333333333333333
316.9408675160145,-46.41650404678462,0.03333333333333333
316.86693506100437,-50.85470069114165,0.03333333333333333
316.85442249627704,-50.46590602405254,0.03333333333333333
325.3825797166017,-1.194224448279542,0.03333333333333333
325.43138672385595,-0.8324262753638577,0.03333333333333333
327.80046341979573,-0.9439987481032384,0.03333333333333333
327.79688486997503,-0.9425391338431548,0.03333333333333333
327.99834421515817,-0.9303161215857976,0.03333333333333333
329.0843813923871,-1.1713852557219102,0.03333333333333333
329.45456330768263,-0.666971473955589,0.03333333333333333
330.47327383781584,-0.6522650299943646,0.03333333333333333
330.3062115555632,-0.6530721419725153,0.03333333333333333
331.84363005365736,-0.6515946830569461,0.03333333333333333
333.53817754884994,-1.6620520820258349,0.03333333333333333
334.29559690984865,-2.0657958631192868,0.03333333333333333
334.894937133879,-1.3265221398952318,0.03333333333333333
336.24504090174764,-2.031815505892915,0.03333333333333333
336.2451650102852,-2.0318396524982245,0.03333333333333333
337.61111366831034,-1.2170835618144944,0.03333333333333333
337.2652720546715,-0.9222820923669957,0.03333333333333333
339.0498381401107,-1.3718161110181408,0.03333333333333333
338.9294202112855,-0.9100982563435506,0.03333333333333333
340.3885682481925,-1.3982589348158114,0.03333333333333333
344.23930688425696,-1.694904850468815,0.03333333333333333
344.3256656545311,-1.0321032349769363,0.03333333333333333
350.62113227823716,-1.370084794327312,0.03333333333333333
349.9216764680053,-0.6585039135125068,0.03333333333333333
351.1644076279104,-2.0044682171264783,0.03333333333333333
351.17145978064485,-2.003178391747798,0.03333333333333333
354.9902089471029,-1.9443710856657963,0.03333333333333333
356.2363123756023,-1.7359348323771695,0.03333333333333333
355.5613054633502,-1.468309988647391,0.03333333333333333
325.3529855935398,-2.9207471638686333,0.03333333333333333
327.66110511128545,-2.849008293578051,0.03333333333333333
328.895740484121,-2.0108007515263604,0.03333333333333333
329.56481651599705,-3.054936279953913,0.03333333333333333
330.8190295846086,-2.769202482062424,0.03333333333333333
330.7264364356484,-2.154946445233364,0.03333333333333333
152.70345478225227,-6.04043970074298,0.03333333333333333
152.5944213327081,-5.14538550761665,0.03333333333333333
149.43739474269424,-7.072649972264515,0.03333333333333333
149.51854684909966,-7.041314850149852,0.03333333333333333
150.39096932749075,-6.524095914300612,0.03333333333333333
151.37459804290063,-7.178459449693508,0.03333333333333333
152.03460812328498,-6.9392732500739625,0.03333333333333333
152.5295994335143,-7.00448982516761,0.03333333333333333
152.7157747506974,-6.644207761225675,0.03333333333333333
150.16176096137656,-7.7677026767947375,0.03333333333333333
151.37688032661845,-7.434455500115111,0.03333333333333333
151.3176380118942,-8.951053591980699,0.03333333333333333
153.23265913741082,-9.785768097384716,0.03333333333333333
151.06040468453654,-11.19198848642,0.03333333333333333
150.01617019238043,-10.472435857335473,0.03333333333333333
151.27911208041525,-12.798605831997463,0.03333333333333333
150.4061980069312,-12.078887724896672,0.03333333333333333
149.8675037952429,-13.252131750691163,0.03333333333333333
150.68838588615768,-12.818730613123856,0.03333333333333333
149.72247202495694,-12.8262605745559,0.03333333333333333
152.79019465118571,-13.778949051643375,0.03333333333333333
153.0969895591601,-13.150220144703574,0.03333333333333333
151.2390393907094,-14.957419159180894,0.03333333333333333
152.00814875049088,-14.876872149460919,0.03333333333333333
152.001493442206,-14.414099525301552,0.03333333333333333
153.40750086316592,-14.863296735702171,0.03333333333333333
152.75994467904718,-14.676065655236403,0.03333333333333333
152.30305210039353,-14.60202667367204,0.03333333333333333
157.61503299287781,-15.47067141766815,0.03333333333333333
157.6048113297533,-14.528273286662353,0.03333333333333333
151.19810549332703,-16.29311761033172,0.03333333333333333
151.11288382333458,-15.609074529776466,0.03333333333333333
155.38428231351386,-15.507503805443024,0.03333333333333333
154.92335141228423,-15.51036396041149,0.03333333333333333
157.74681674344092,-16.52100453301177,0.03333333333333333
158.18610857967315,-15.626479162962765,0.03333333333333333
158.22059781127666,-15.768578577390072,0.03333333333333333
158.5878867593663,-16.413574703652426,0.03333333333333333
158.99506830450332,-15.630689547953155,0.03333333333333333
158.18612210483568,-15.626457856744793,0.03333333333333333
150.18083988837782,-18.050242877075085,0.03333333333333333
151.042432127172,-17.525651112456973,0.03333333333333333
152.8038651918844,-18.27574989258416,0.03333333333333333
153.80338755856002,-17.428729243440102,0.03333333333333333
155.22740991325506,-18.126471114678786,0.03333333333333333
153.7614951806636,-17.835607535485476,0.03333333333333333
153.8416934072019,-17.446367703037293,0.03333333333333333
153.7383205840951,-17.287847124511043,0.03333333333333333
154.88201650545776,-17.24275042210279,0.03333333333333333
156.63686859291477,-17.412300113877393,0.03333333333333333
156.28908784163585,-16.851638680148394,0.03333333333333333
155.7791037934109,-16.855419976348553,0.03333333333333333
156.71793655276988,-17.963510946899692,0.03333333333333333
158.15043406999143,-17.571000537524007,0.03333333333333333
158.16301470732466,-17.424732982478805,0.03333333333333333
158.80158072285616,-16.854887664253024,0.03333333333333333
158.7912945246491,-16.854708064044495,0.03333333333333333
159.43578001294202,-16.87813890945631,0.03333333333333333
161.34612054929977,-16.856556266899265,0.03333333333333333
162.298447095516,-16.919788640420887,0.03333333333333333
163.58291027483003,-18.19706909016155,0.03333333333333333
162.98802287525825,-18.183475071638977,0.03333333333333333
163.45486132564818,-17.79085293830976,0.03333333333333333
163.50257703055638,-17.271947698717526,0.03333333333333333
166.0253362019466,-17.96694336425043,0.03333333333333333
166.34511857650293,-17.609899785371113,0.03333333333333333
168.7762446733524,-16.85279005857314,0.03333333333333333
176.47849074112702,-17.390333757447618,0.03333333333333333
175.01201122096154,-17.306566954739875,0.03333333333333333
149.6220462889289,-19.481958553467425,0.03333333333333333
149.94509282349162,-19.46665636988552,0.03333333333333333
151.4741576803664,-19.58111305087112,0.03333333333333333
151.5697937767199,-19.044096880182128,0.03333333333333333
152.12487058213316,-18.8929744295893,0.03333333333333333
152.09163831253173,-18.856534953974155,0.03333333333333333
151.45629335981215,-18.240659242262,0.03333333333333333
154.43553199080782,-18.839157594301238,0.03333333333333333
154.321667616801,-18.66666993090812,0.03333333333333333
159.07371325369772,-19.6105071577813,0.03333333333333333
159.23493804204546,-19.058292771336685,0.03333333333333333
159.3017045645363,-18.405193823978504,0.03333333333333333
160.2091184355269,-19.11158775650142,0.03333333333333333
160.57920464550241,-19.052509046766804,0.03333333333333333
162.12809888054957,-19.45512561061161,0.03333333333333333
164.6047152164127,-19.149048768127575,0.03333333333333333
164.7057269117414,-18.604000170224285,0.03333333333333333
163.58913417177945,-18.20158306447326,0.03333333333333333
165.9565453013735,-19.48303098308718,0.03333333333333333
165.3851396596044,-19.456301553742094,0.03333333333333333
165.7194454732203,-18.276049204573795,0.03333333333333333
167.88622163874697,-19.493718633314145,0.03333333333333333
170.74373563159426,-19.580752409972614,0.03333333333333333
169.53594748820197,-18.724748059730533,0.03333333333333333
169.53554714028846,-18.724000077436774,0.03333333333333333
172.89437567103894,-18.208436773501376,0.03333333333333333
175.67341764277538,-18.287336558372235,0.03333333333333333
176.96928754133148,-18.199593460927137,0.03333333333333333
178.58083509286126,-18.985150680990387,0.03333333333333333
178.03043231878434,-18.247401600856346,0.03333333333333333
178.45157176153134,-18.19842578448841,0.03333333333333333
179.25167047994088,-19.47221791746624,0.03333333333333333
179.7984137884446,-19.39060444004455,0.03333333333333333
179.73840214610618,-19.03161755030888,0.03333333333333333
179.75185950578987,-19.022087682730177,0.03333333333333333
180.3757973073093,-18.76820776230477,0.03333333333333333
179.97117687936367,-18.719804598032454,0.03333333333333333
150.47446717998585,-20.88108094893095,0.03333333333333333
151.9051527398329,-20.76455499386475,0.03333333333333333
151.4741013857781,-19.58118024307849,0.03333333333333333
152.73657172421687,-19.77844578735269,0.03333333333333333
156.95119307477913,-19.537043922212643,0.03333333333333333
158.3644572133546,-20.48531124692267,0.03333333333333333
160.57855188455616,-19.857951947493657,0.03333333333333333
161.63917283008914,-20.235091486730603,0.03333333333333333
161.6407613915976,-20.2313341416312,0.03333333333333333
163.3949464906157,-19.5467969145705,0.03333333333333333
165.0198883039752,-20.164692680513586,0.03333333333333333
167.52802194108895,-20.602892167234394,0.03333333333333333
166.87905535645848,-20.50501828225936,0.03333333333333333
166.80052057504685,-19.82307480928596,0.03333333333333333
166.80330879871389,-19.823584270859584,0.03333333333333333
168.6611940544709,-20.00796068732735,0.03333333333333333
169.04406148315238,-19.85310909843212,0.03333333333333333
170.21590551248389,-20.35156473840706,0.03333333333333333
171.93563126819032,-20.168278674123567,0.03333333333333333
172.09434698477142,-19.5521735416618,0.03333333333333333
172.15282759145228,-20.19784793830745,0.03333333333333333
175.26374204210987,-20.886386537980187,0.03333333333333333
176.16450882972995,-20.818146821413194,0.03333333333333333
175.51024872921948,-20.506276960302305,0.03333333333333333
176.66363303346736,-20.745348579871603,0.03333333333333333
177.82103677552695,-19.532842425826036,0.03333333333333333
177.1791086611051,-19.685385840340494,0.03333333333333333
179.36057503374963,-20.61207584377428,0.03333333333333333
179.48410597781222,-20.56364544839506,0.03333333333333333
179.8715076720341,-19.538316493829328,0.03333333333333333
153.33643377048128,-21.63992319325056,0.03333333333333333
153.80538013557222,-20.87407074787566,0.03333333333333333
153.22339401153798,-20.878812650084072,0.03333333333333333
155.12839025567155,-22.289563398678627,0.03333333333333333
154.87146257618437,-21.861423346518393,0.03333333333333333
154.65293139335702,-21.036658544147294,0.03333333333333333
157.51734495289438,-21.234682857281953,0.03333333333333333
157.92616935881813,-22.252783865319852,0.03333333333333333
160.26316665542853,-22.135350949787355,0.03333333333333333
159.87746648964597,-21.71429086419384,0.03333333333333333
159.59819488703081,-20.874073693725293,0.03333333333333333
161.67720515678025,-21.3812637207676,0.03333333333333333
161.26240528604632,-21.30424834505905,0.03333333333333333
162.95077523890615,-21.891440849039878,0.03333333333333333
162.03177270020296,-21.1321465166448,0.03333333333333333
162.02938397696863,-21.129038647265702,0.03333333333333333
164.46370035100338,-22.19718736755472,0.03333333333333333
163.61980168248752,-21.57144854513921,0.03333333333333333
163.6822975468981,-21.062623479199658,0.03333333333333333
163.37076002762262,-20.959891736632045,0.03333333333333333
167.82327785292154,-22.226094545494565,0.03333333333333333
169.121842602245,-21.070447744047183,0.03333333333333333
168.5329048272189,-20.934276783763725,0.03333333333333333
170.59402041980542,-21.94931452415184,0.03333333333333333
171.905144648214,-22.1811845635112,0.03333333333333333
170.675457519316,-21.71829737070508,0.03333333333333333
171.016943670578,-21.026001908878055,0.03333333333333333
173.49182206340151,-21.997325117154503,0.03333333333333333
173.07921387013508,-21.661910741435747,0.03333333333333333
173.05272160812282,-21.559611465537248,0.03333333333333333
174.28328356502254,-21.145943644906975,0.03333333333333333
174.90111115708027,-22.14031978598003,0.03333333333333333
177.98561269335588,-22.27514521669004,0.03333333333333333
179.22367558185815,-21.73701569681797,0.03333333333333333
180.45153315387319,-22.228299145745662,0.03333333333333333
180.7565187423142,-21.91478372359134,0.03333333333333333
180.08481576152255,-21.11840772459296,0.03333333333333333
163.84188531447433,-23.625631051986552,0.03333333333333333
167.5289862791769,-23.468033101880497,0.03333333333333333
169.0521795232228,-23.08707684099208,0.03333333333333333
168.98963907251198,-22.66802170238133,0.03333333333333333
167.82329777489426,-22.22621264817457,0.03333333333333333
169.48840315998794,-22.696398250336557,0.03333333333333333
170.67039859182864,-23.601078987490663,0.03333333333333333
171.72969744006403,-23.11586352127421,0.03333333333333333
172.4012659293589,-23.626101412347783,0.03333333333333333
172.1982545988386,-23.08880404986585,0.03333333333333333
173.36208111614658,-22.85253163390482,0.03333333333333333
175.76331263574016,-23.43571207284672,0.03333333333333333
177.74232292112944,-23.02884897493152,0.03333333333333333
178.8797439756963,-23.40721731679732,0.03333333333333333
177.85339367722753,-23.20005808206361,0.03333333333333333
179.14150795006455,-22.566685202533165,0.03333333333333333
177.98555163591755,-22.275149469502416,0.03333333333333333
178.81077376858207,-22.39781016852838,0.03333333333333333
179.60723954201737,-22.453093720209328,0.03333333333333333
180.45155776975184,-22.22837051286129,0.03333333333333333
165.5741843821793,-24.94532477986271,0.03333333333333333
165.57479846826672,-24.948999207831932,0.03333333333333333
165.49894786718244,-24.87868511652496,0.03333333333333333
164.2089576944691,-24.27034039439673,0.03333333333333333
170.56119074567934,-23.93515826260089,0.03333333333333333
170.67045217488132,-23.601097713089576,0.03333333333333333
170.7360183573526,-23.85983492572361,0.03333333333333333
170.76581750859938,-23.8613902119218,0.03333333333333333
171.58319906758103,-24.4206123745921,0.03333333333333333
171.70698884706889,-23.799714600119657,0.03333333333333333
173.52066295619736,-23.547489957156767,0.03333333333333333
209.70191163998874,-1.8960296090127189,0.03333333333333333
209.67286668662445,-1.5210215591711298,0.03333333333333333
208.67676756186592,1.6937671289839065,0.03333333333333333
207.89854491435563,-2.554155873440916,0.03333333333333333
209.01163246851522,-2.4398085262225853,0.03333333333333333
205.8228301759017,-4.4900190248999765,0.03333333333333333
207.19940539397186,-4.2808094328048965,0.03333333333333333
206.9335663948835,-3.9160075213015566,0.03333333333333333
208.6842101612021,-4.244578826560527,0.03333333333333333
208.7571915794772,-3.951655269887553,0.03333333333333333
208.0432664671745,-6.052504594619036,0.03333333333333333
208.94085344353604,-6.008391394905707,0.03333333333333333
208.556135043652,-4.854302309467067,0.03333333333333333
203.88754494761943,-6.5563872946092046,0.03333333333333333
204.87609990273808,-7.33874752336916,0.03333333333333333
204.191057205105,-6.971848834142692,0.03333333333333333
205.25070006924915,-6.480614301862706,0.03333333333333333
206.61567722322982,-6.677258995219527,0.03333333333333333
206.83223599323483,-7.482583193348143,0.03333333333333333
208.58562203544412,-7.089010380508107,0.03333333333333333
209.173428408482,-6.530605719343147,0.03333333333333333
208.05416562331862,-6.186187871311318,0.03333333333333333
209.86849135056892,-6.4484300936619405,0.03333333333333333
202.32553225417567,-8.149133272632941,0.03333333333333333
202.3176371160437,-7.69188525667539,0.03333333333333333
206.0344451632925,-8.442445342833658,0.03333333333333333
207.4046967325532,-8.498847292193942,0.03333333333333333
206.83223452891806,-7.482660450258438,0.03333333333333333
208.4951138104668,-8.842015352180777,0.03333333333333333
208.7719079302913,-8.503259268717619,0.03333333333333333
207.45226290620758,-8.285201917338481,0.03333333333333333
205.0960617466171,-10.193829983924081,0.03333333333333333
205.3910318871218,-10.014753254018236,0.03333333333333333
204.53232941381336,-9.792307361257908,0.03333333333333333
205.39107280194744,-10.014734214535656,0.03333333333333333
206.43522571147344,-9.544421772276412,0.03333333333333333
205.89931892909905,-9.201404540896222,0.03333333333333333
206.3049384557494,-8.914962953664569,0.03333333333333333
199.33801098206825,-11.320333394241786,0.03333333333333333
199.4775168236049,-11.023922589370557,0.03333333333333333
199.4743441584781,-10.132177179724726,0.03333333333333333
199.744814352126,-10.541256108726056,0.03333333333333333
200.5438467556701,-10.547049496389855,0.03333333333333333
203.47697496685302,-11.429809645560848,0.03333333333333333
202.6753465270884,-11.111284007115328,0.03333333333333333
204.74805781304957,-10.9994305875609,0.03333333333333333
204.32600495742082,-10.967423922908447,0.03333333333333333
206.6021703108786,-10.236862579131273,0.03333333333333333
206.2551131988453,-10.154341668323234,0.03333333333333333
210.2257843015612,-11.53856848773056,0.03333333333333333
210.37586331477144,-11.22191975756085,0.03333333333333333
197.1478769067509,-11.933113268265341,0.03333333333333333
197.5939301597144,-12.750693005966001,0.03333333333333333
198.5143258035405,-11.93240713572166,0.03333333333333333
199.42874185985642,-12.025030913458464,0.03333333333333333
199.19886268806306,-11.638920700504649,0.03333333333333333
203.87347134929772,-12.891733265473945,0.03333333333333333
206.989290408048,-11.472288058628163,0.03333333333333333
205.64931924664123,-11.480995637039143,0.03333333333333333
208.32107067035088,-11.963038002209627,0.03333333333333333
208.6345802174493,-12.447489057351724,0.03333333333333333
209.30057277426482,-11.794725145041781,0.03333333333333333
185.19171690419708,-13.810458037004599,0.03333333333333333
184.99042618566693,-13.042669964805956,0.03333333333333333
187.40092405572892,-14.112818215612116,0.03333333333333333
188.35699412181702,-12.940988088843564,0.03333333333333333
189.0763641035297,-13.944795984132785,0.03333333333333333
189.4760819743164,-13.750270585053187,0.03333333333333333
189.7520987156987,-13.198738476497494,0.03333333333333333
195.2093729170781,-13.432671842513509,0.03333333333333333
194.15061851576888,-13.346326569517473,0.03333333333333333
195.48755680293496,-13.898547625884245,0.03333333333333333
196.6230885386803,-13.56557538151286,0.03333333333333333
196.6811195096688,-12.818714602812207,0.03333333333333333
196.9955105821368,-13.369373244968447,0.03333333333333333
202.1948647735572,-12.821254114312415,0.03333333333333333
202.64861352061686,-13.73251549219285,0.03333333333333333
202.7799914139377,-13.60398128039088,0.03333333333333333
203.08097257639812,-12.880056603392573,0.03333333333333333
204.78391862317343,-14.083637782677894,0.03333333333333333
204.09659642565185,-12.820454907950873,0.03333333333333333
205.74238916730968,-14.170498070538375,0.03333333333333333
205.70014079066868,-14.002766572939015,0.03333333333333333
205.66307750813505,-12.824345549470866,0.03333333333333333
209.88345995080869,-12.95408646922485,0.03333333333333333
182.8825796214016,-14.480291490504134,0.03333333333333333
185.13662051281207,-15.170152172262332,0.03333333333333333
185.39336391937871,-14.964030135530912,0.03333333333333333
185.66389783419785,-15.486697903533098,0.03333333333333333
187.15269029596504,-14.574987744714058,0.03333333333333333
189.8355321257829,-15.239748698730516,0.03333333333333333
190.1523222461129,-14.510253500268414,0.03333333333333333
189.95868300358418,-14.173685407295348,0.03333333333333333
189.99201865953603,-14.260290731665867,0.03333333333333333
192.25034688033082,-15.459671241003626,0.03333333333333333
191.41432866376218,-14.514816676379509,0.03333333333333333
191.686554088989,-14.211246315152485,0.03333333333333333
193.99799493203255,-15.571085811916694,0.03333333333333333
193.892705292957,-14.90826486406424,0.03333333333333333
193.4212633331295,-14.16853229236728,0.03333333333333333
193.99729836166043,-15.572354109682289,0.03333333333333333
193.9979941178869,-15.571207201459654,0.03333333333333333
195.32158970651568,-15.192416423337653,0.03333333333333333
194.72270810516116,-14.66271029252126,0.03333333333333333
195.5686844757027,-14.969908843525007,0.03333333333333333
195.5416421164844,-14.973191498483,0.03333333333333333
195.56400997572268,-14.96339260816254,0.03333333333333333
195.85333723019667,-14.76644080603961,0.03333333333333333
196.6466421428041,-14.473600173739152,0.03333333333333333
198.1924813314323,-15.406150885289586,0.03333333333333333
198.19429800858435,-15.40595913751879,0.03333333333333333
198.05583852721443,-15.291428579616928,0.03333333333333333
197.5139572956644,-14.170440865284958,0.03333333333333333
200.8316323283313,-15.462145344401884,0.03333333333333333
200.87998383098991,-15.455597416525107,0.03333333333333333
200.57939316231992,-14.162638499172795,0.03333333333333333
200.0535434624967,-14.46709533284837,0.03333333333333333
200.05218992634445,-14.45526746672607,0.03333333333333333
202.37332970289842,-14.597137277641584,0.03333333333333333
204.56595777658657,-14.857268203593428,0.03333333333333333
205.2369011940116,-14.92561790503021,0.03333333333333333
205.63767347987275,-14.898980352819967,0.03333333333333333
205.78731560163826,-14.775432502497699,0.03333333333333333
206.98619963362881,-15.408730689564235,0.03333333333333333
206.63320954649743,-15.134050209495651,0.03333333333333333
177.1264169458681,0.18253968260703474,0.03333333333333333
177.3843142260389,-0.15751952597361907,0.03333333333333333
177.24768599779912,0.33234014671616624,0.03333333333333333
178.67322725776737,-0.59271513643276,0.03333333333333333
180.3987550704176,-0.4780807550549769,0.03333333333333333
180.20197606458413,-0.020707609207965258,0.03333333333333333
179.97037367971978,0.08498445325433326,0.03333333333333333
180.04964913683185,0.513624665677162,0.03333333333333333
182.0887856179724,0.7058916632038807,0.03333333333333333
185.1262278328599,-0.4489898505732815,0.03333333333333333
185.12660572308948,-0.4508268628498345,0.03333333333333333
184.4877288491,0.43149972304631695,0.03333333333333333
184.48006768876843,0.4368237306852771,0.03333333333333333
184.47930613768293,0.4367014816826146,0.03333333333333333
184.50022576059246,0.4326907734274653,0.03333333333333333
185.84330648828225,-0.1338075560321897,0.03333333333333333
186.8141880928043,0.15584201715578785,0.03333333333333333
185.49072949790425,0.5742717203631171,0.03333333333333333
188.1152920351363,0.3660769505747708,0.03333333333333333
188.10837917764545,0.3676430039720532,0.03333333333333333
188.01126587842555,0.5235179491769296,0.03333333333333333
174.59025821079038,-1.3370177736683355,0.03333333333333333
177.19833480341046,-2.044027900855873,0.03333333333333333
176.7679222613706,-1.0878474129223663,0.03333333333333333
178.3392649203582,-1.8362177667532065,0.03333333333333333
177.40073726168652,-1.1606598062384448,0.03333333333333333
178.99803654512482,-1.679350943523542,0.03333333333333333
179.47609913312542,-1.6377672684560611,0.03333333333333333
179.49931802065598,-1.14049283959382,0.03333333333333333
178.76008765608566,-0.7759232519423958,0.03333333333333333
182.4475182969625,-1.3754679323419996,0.03333333333333333
182.7368795948417,-0.9700093079815006,0.03333333333333333
182.545072752764,-0.6527062334835679,0.03333333333333333
183.64690968274581,-1.9901146185603482,0.03333333333333333
185.4599676890501,-1.8149296906385728,0.03333333333333333
184.16239910990882,-1.4526209658683276,0.03333333333333333
186.44742270960487,-1.3349274091067191,0.03333333333333333
186.59384613500987,-1.2569055014116812,0.03333333333333333
185.93716574082802,-0.8016495630623021,0.03333333333333333
174.59006737468826,0.643323651445049,0.03333333333333333
177.13139827212044,1.10500314832877,0.03333333333333333
177.68005895516342,1.5639333373575617,0.03333333333333333
178.91282098935562,1.2302771429461987,0.03333333333333333
178.62304893571041,1.2832683348659155,0.03333333333333333
179.15985893145302,2.0646544730332854,0.03333333333333333
180.48966805483826,1.8887944123425169,0.03333333333333333
181.37832967673543,1.8768505577947328,0.03333333333333333
182.3486376178128,1.3135535481982723,0.03333333333333333
182.83768185060063,1.4848971036096612,0.03333333333333333
182.7678838768784,2.002049627914684,0.03333333333333333
186.9228019236885,1.2964498055872018,0.03333333333333333
175.30916826726002,-3.2069874388750614,0.03333333333333333
176.80174518656943,-2.985298711331437,0.03333333333333333
177.19810975920194,-2.0440237538394057,0.03333333333333333
177.5200852684589,-2.911894275883496,0.03333333333333333
178.09598627654674,-2.8818300946608453,0.03333333333333333
178.35131621619198,-2.008627878957361,0.03333333333333333
179.93407288047914,-2.806737839991691,0.03333333333333333
179.7877614808292,-2.591781885048308,0.03333333333333333
180.0906960738449,-2.7252583588563697,0.03333333333333333
180.1799592540194,-2.518273874227197,0.03333333333333333
181.37721208372898,-2.2010144046694458,0.03333333333333333
182.63951456726508,-2.90032522790155,0.03333333333333333
182.63850309440232,-2.301332668522112,0.03333333333333333
183.4341583094412,-3.0591089411962344,0.03333333333333333
183.15455047449902,-2.745099638315873,0.03333333333333333
184.0225075610324,-2.549090956408892,0.03333333333333333
183.34526733455525,-2.5259673297154777,0.03333333333333333
185.4516548301256,-3.1012526534206675,0.03333333333333333
184.4456466664788,-3.0238585889744214,0.03333333333333333
185.45860298395263,-2.98379523168796,0.03333333333333333
185.4516971829028,-3.101275023758129,0.03333333333333333
186.81268735201184,-2.2946324077978537,0.03333333333333333
185.51267878286706,-2.3256219511253864,0.03333333333333333
348.08138382562515,-16.292385542490305,0.03333333333333333
347.53881569616584,-15.54556933667791,0.03333333333333333
326.6398257609015,-22.025778657096296,0.03333333333333333
325.93507236685474,-21.477605888195143,0.03333333333333333
326.63146594072936,-21.227231727389785,0.03333333333333333
326.923436863409,-21.013377356796166,0.03333333333333333
325.4362596831305,-22.613603641857228,0.03333333333333333
324.15098073023955,-22.21269133135709,0.03333333333333333
347.5069624267177,-37.33536728038352,0.03333333333333333
38.39632155014071,-39.42456808269996,0.03333333333333333
37.21374885903872,-38.678289488634135,0.03333333333333333
38.56970226818897,-38.387107418083865,0.03333333333333333
340.8266769453542,-39.88153919426973,0.03333333333333333
340.79108424966216,-39.868282636952586,0.03333333333333333
340.8230226407988,-39.8481566819464,0.03333333333333333
38.08372994629839,-41.85108570930628,0.03333333333333333
8.900522814670014,-42.17692738168283,0.03333333333333333
323.37611541579497,-45.91131548074016,0.03333333333333333
324.7631865623809,-45.09400331744874,0.03333333333333333
32.08402499975504,-46.49026491131399,0.03333333333333333
326.3914899139542,-48.6809838600817,0.03333333333333333
325.3529973960878,-48.4640237099505,0.03333333333333333
324.96054076595533,-48.146786327897175,0.03333333333333333
324.92921534975085,-47.68237431113992,0.03333333333333333
325.78837543141566,-47.56372482919096,0.03333333333333333
334.43515363843835,-49.26792613812878,0.03333333333333333
40.19763559343848,-50.82695817074366,0.03333333333333333
40.59258570565698,-50.30657723896384,0.03333333333333333
40.74448818380811,-49.846113279018546,0.03333333333333333
47.32743558717323,-55.6407918615861,0.03333333333333333
46.897677010754755,-55.436128581040705,0.03333333333333333
48.527775906437384,-55.069057495464065,0.03333333333333333
50.249625902043114,-56.2809649466106,0.03333333333333333
344.48685296969137,-56.41463371420607,0.03333333333333333
346.98335231139555,-55.73627674024532,0.03333333333333333
318.19065126379746,-58.655885087217186,0.03333333333333333
316.8101771911592,-57.616941857338716,0.03333333333333333
200.57128349131926,-0.5484394981488907,0.03333333333333333
200.91283985043617,0.7058211363504435,0.03333333333333333
200.23284585275445,-1.3291108599015216,0.03333333333333333
199.42515329349274,-1.0019758725258776,0.03333333333333333
200.889603689056,-1.5667941259179499,0.03333333333333333
151.32151571856605,1.637645602009373,0.03333333333333333
151.32213147773072,1.6393635497201318,0.03333333333333333
216.6710135987116,4.989098728201217,0.03333333333333333
216.10124456446832,5.673599436062903,0.03333333333333333
221.48341064393642,5.216440826783575,0.03333333333333333
173.0264646630278,-12.089933686394243,0.03333333333333333
223.23329751195897,-21.774161303019856,0.03333333333333333
223.23595474505584,-21.766959650501427,0.03333333333333333
223.24791012968913,-21.697929504841234,0.03333333333333333
224.30871094638428,-21.6564578668719,0.03333333333333333
224.67306772646302,-23.58628271619267,0.03333333333333333
224.45441865979308,-23.21537711013404,0.03333333333333333
214.2963656975592,-25.84654891285376,0.03333333333333333
213.4127929359369,-25.77227072212356,0.03333333333333333
214.48322037410503,-24.881469680307397,0.03333333333333333
215.11065163603348,-25.841742411435924,0.03333333333333333
222.99692988440086,-25.976183365763845,0.03333333333333333
222.21538525372463,-25.98655507012069,0.03333333333333333
157.70006664284858,-35.34591193808601,0.03333333333333333
157.77288290757386,-35.14851984066215,0.03333333333333333
157.87422625968134,-33.910473698964914,0.03333333333333333
158.37974341536992,-33.98462419823268,0.03333333333333333
158.58768043375457,-33.89990288787711,0.03333333333333333
157.97675939618054,-33.90777975282369,0.03333333333333333
155.96548955567525,-35.233286241029575,0.03333333333333333
155.8988630274436,-34.69047991116402,0.03333333333333333
156.8640891357641,-34.668406703567015,0.03333333333333333
156.6977580241751,-34.59774301980781,0.03333333333333333
156.94361195334665,-34.53172662914311,0.03333333333333333
157.50153297911473,-34.35048904176749,0.03333333333333333
156.58899328879244,-33.92762774910217,0.03333333333333333
157.3971692477397,-36.00622930172137,0.03333333333333333
159.09524802868154,-35.762052476555645,0.03333333333333333
158.65774651557683,-35.27004980179736,0.03333333333333333
158.2291159200138,-35.2725694778633,0.03333333333333333
156.49177000280312,-36.717373357357786,0.03333333333333333
157.20322669293225,-36.71063485435493,0.03333333333333333
157.44529450832587,-36.70671406553807,0.03333333333333333
150.34305416196275,-24.184322408374857,0.03333333333333333
149.91103748507453,-23.62741008473537,0.03333333333333333
149.91000493732764,-23.468815024009018,0.03333333333333333
152.2596636585077,-24.436836397196856,0.03333333333333333
152.83825399463385,-24.154939696753683,0.03333333333333333
153.26899216941945,-24.545298028773534,0.03333333333333333
154.53340717810798,-23.670620157332753,0.03333333333333333
157.54459177334178,-23.998623039232555,0.03333333333333333
159.20821041013255,-24.201106622353826,0.03333333333333333
158.32358694758375,-23.201886933700923,0.03333333333333333
161.95085158545024,-24.5460024772192,0.03333333333333333
165.18969529648908,-23.304987758203968,0.03333333333333333
151.3179587345389,-25.977186843497247,0.03333333333333333
151.0074583643396,-25.85141318643711,0.03333333333333333
151.1224700663634,-25.579996803664308,0.03333333333333333
151.566360351783,-25.45157957609768,0.03333333333333333
151.73005944562598,-25.289189525035106,0.03333333333333333
150.7329564868359,-24.731613920871958,0.03333333333333333
151.99957510864044,-25.748810088947412,0.03333333333333333
153.50326611128324,-25.442788542471927,0.03333333333333333
152.6612336175394,-25.058554576797377,0.03333333333333333
153.5777524194859,-26.009217227569238,0.03333333333333333
154.4673756421138,-25.814782533448657,0.03333333333333333
154.81827450535948,-25.71026742635925,0.03333333333333333
154.22700305553408,-24.858838548716232,0.03333333333333333
156.14868589546455,-25.85091399397265,0.03333333333333333
158.11997546227613,-25.707753298000075,0.03333333333333333
157.79034509678925,-25.4409982829208,0.03333333333333333
160.85799549741682,-25.31154104325955,0.03333333333333333
161.2858224291866,-25.29171668216025,0.03333333333333333
160.20394512908697,-24.66275570173994,0.03333333333333333
159.7854437230743,-24.59879041964261,0.03333333333333333
161.36622601819104,-26.009856034594755,0.03333333333333333
162.85892688322753,-25.972967456978463,0.03333333333333333
161.62622945141047,-25.55448612586964,0.03333333333333333
161.55407091141424,-25.303623544990426,0.03333333333333333
162.8496151702992,-25.238655650776273,0.03333333333333333
161.989010506074,-25.06337000427916,0.03333333333333333
162.66988515336791,-25.00492437261817,0.03333333333333333
163.17756392811572,-25.481896204891893,0.03333333333333333
149.89418599033513,-26.918566592410198,0.03333333333333333
150.78331086427787,-26.91268233949749,0.03333333333333333
150.78473754529296,-26.845014482849606,0.03333333333333333
149.2574961092886,-26.498212521354088,0.03333333333333333
150.11758000744018,-26.3797722411351,0.03333333333333333
149.76992877768387,-26.066064856041212,0.03333333333333333
150.71199009345463,-27.353237987418556,0.03333333333333333
150.94816239603253,-27.236338666065752,0.03333333333333333
150.70203804318982,-26.39899013432089,0.03333333333333333
151.77263345725763,-26.047635911710234,0.03333333333333333
153.57179078521926,-27.245733918096967,0.03333333333333333
152.6392489719536,-27.029203798810617,0.03333333333333333
153.66340400513081,-26.735922311385018,0.03333333333333333
153.9408089525361,-26.714007420701428,0.03333333333333333
153.89793402785162,-26.41149006010564,0.03333333333333333
154.0931093862218,-27.183615840659012,0.03333333333333333
155.52151749375437,-26.86701949726949,0.03333333333333333
154.23145013758057,-26.13318854680364,0.03333333333333333
156.81282339636053,-26.749655874970045,0.03333333333333333
156.37824684235528,-26.48347428271964,0.03333333333333333
157.08217964557096,-26.00276014593937,0.03333333333333333
157.08165146420797,-26.00407430736703,0.03333333333333333
157.39006410897431,-27.37453386242568,0.03333333333333333
160.21135109297208,-27.347931272048626,0.03333333333333333
159.0341674807089,-26.20643406861966,0.03333333333333333
161.368242609511,-26.20451723228529,0.03333333333333333
162.9999037749788,-27.356432157354263,0.03333333333333333
162.99978887850372,-27.358573340323915,0.03333333333333333
162.87127810823122,-26.305011050598626,0.03333333333333333
163.72821773452662,-27.37447357525716,0.03333333333333333
164.95424100960574,-27.015797976421318,0.03333333333333333
164.6813310308703,-26.964846597471734,0.03333333333333333
163.95788107770687,-26.571857600868693,0.03333333333333333
151.92635729368226,-28.43482923868401,0.03333333333333333
151.75281728947218,-27.660711636867447,0.03333333333333333
152.43590377024802,-27.77330526238996,0.03333333333333333
152.85904039402863,-27.34723827455802,0.03333333333333333
152.02948896508883,-27.38707958008377,0.03333333333333333
153.80221963090688,-28.33951687715795,0.03333333333333333
154.98840616798753,-28.270186538006755,0.03333333333333333
154.6438465662969,-27.95688786920493,0.03333333333333333
155.2707795552036,-27.361131223533178,0.03333333333333333
156.35854446705386,-28.240733273065356,0.03333333333333333
157.4141223876572,-28.759785159922018,0.03333333333333333
156.81865420416904,-28.583679104801952,0.03333333333333333
158.38943596481604,-28.50940685287291,0.03333333333333333
159.19290010130297,-28.16681211344082,0.03333333333333333
158.61565294594385,-28.022726834725017,0.03333333333333333
159.9292635847895,-27.410955873066488,0.03333333333333333
159.76483326877332,-27.40832805496039,0.03333333333333333
161.6707044036129,-27.37010966768181,0.03333333333333333
163.25574097111888,-27.539842060748573,0.03333333333333333
161.96702615481252,-27.368260694857998,0.03333333333333333
163.19286373794668,-27.714404792548265,0.03333333333333333
150.85158941339466,-29.73755268639337,0.03333333333333333
149.45806692705852,-29.67819287858416,0.03333333333333333
150.86176996070773,-29.555801586026732,0.03333333333333333
150.85891655746332,-29.61128437953959,0.03333333333333333
153.4352848153376,-29.609793935850558,0.03333333333333333
154.16011407145083,-29.341401674749807,0.03333333333333333
154.90729574080206,-29.520483606091066,0.03333333333333333
154.94671487846094,-29.452356522512392,0.03333333333333333
155.72208826133675,-29.38336205845597,0.03333333333333333
154.0752205484775,-29.015668344932,0.03333333333333333
154.60010913680694,-28.856871320879442,0.03333333333333333
156.0346724416525,-29.81416006678577,0.03333333333333333
156.8586014408011,-29.299656754702024,0.03333333333333333
155.76578689009742,-29.155568396802217,0.03333333333333333
156.29977281904402,-28.75811468443908,0.03333333333333333
159.0163455998869,-30.14463928838277,0.03333333333333333
158.78234946202738,-30.068786156744128,0.03333333333333333
158.01748645076626,-28.759233494425715,0.03333333333333333
159.20294920493453,-30.01727876648776,0.03333333333333333
160.12293918849986,-29.910005145565638,0.03333333333333333
158.92625509114868,-29.690908452365928,0.03333333333333333
159.85259878756278,-29.58911816745205,0.03333333333333333
159.841112306133,-29.57817054424914,0.03333333333333333
159.19285750574088,-29.545724343609052,0.03333333333333333
159.64706189911243,-29.518846884078307,0.03333333333333333
159.99349975809068,-29.413392943563718,0.03333333333333333
160.00876866878124,-29.412361197826208,0.03333333333333333
161.69245393878543,-30.14083344499886,0.03333333333333333
160.80061165829295,-30.055677106500397,0.03333333333333333
160.99728813946874,-29.55311967512661,0.03333333333333333
160.56031287429897,-29.439392705551573,0.03333333333333333
161.89663625749827,-29.04605120872825,0.03333333333333333
160.532669379779,-28.913491841756304,0.03333333333333333
165.33503426015264,-29.457293031318912,0.03333333333333333
164.89668275591532,-29.39632073171125,0.03333333333333333
164.81056626791715,-28.75578331867721,0.03333333333333333
163.9241549536269,-28.756477742545123,0.03333333333333333
164.29566846912718,-28.8773089100146,0.03333333333333333
150.57128340182126,-31.55355876845452,0.03333333333333333
151.36049959766277,-31.20561966094712,0.03333333333333333
150.90358134273538,-31.139185572990336,0.03333333333333333
151.47690564874628,-31.00748357203853,0.03333333333333333
151.6271829322532,-30.84914738921871,0.03333333333333333
152.89200273853422,-30.266360058920835,0.03333333333333333
152.28107723651763,-30.139272301244286,0.03333333333333333
152.9027704541347,-30.50292806322173,0.03333333333333333
153.71315634755922,-30.13595499792233,0.03333333333333333
155.5052467818298,-30.82055129863441,0.03333333333333333
154.61601213335462,-30.75982343631852,0.03333333333333333
155.5087432438913,-30.29347115369337,0.03333333333333333
154.68737648129232,-30.171031531931433,0.03333333333333333
154.7013777746896,-30.31895589383317,0.03333333333333333
157.90694283656268,-31.016865152685828,0.03333333333333333
157.83419374162492,-30.13049855842423,0.03333333333333333
157.48383721916295,-30.13321824129386,0.03333333333333333
157.81953500367175,-31.24377439322205,0.03333333333333333
157.816992231496,-30.958858929367967,0.03333333333333333
159.2071166217255,-30.63650240114313,0.03333333333333333
157.81428876267657,-30.612990151880368,0.03333333333333333
157.8135810747673,-30.338381842467452,0.03333333333333333
159.78753242434487,-31.556838919173256,0.03333333333333333
160.17366095621608,-31.556125402820683,0.03333333333333333
161.18285803293296,-31.45070889901741,0.03333333333333333
160.28680841408104,-30.429158897072643,0.03333333333333333
162.80215653958152,-31.224903763423306,0.03333333333333333
162.80795142011655,-31.224668980897736,0.03333333333333333
162.79953393508626,-31.22496562693877,0.03333333333333333
162.49581666027623,-30.921749388892827,0.03333333333333333
162.64167869914473,-30.62243515131707,0.03333333333333333
164.4266725209304,-31.131155121830076,0.03333333333333333
162.92591056497548,-30.797754836452533,0.03333333333333333
163.3387261450395,-30.60438126905889,0.03333333333333333
163.080872630256,-30.45517299090979,0.03333333333333333
164.32574745962543,-30.33090327445634,0.03333333333333333
151.21217409588346,-32.93417655504929,0.03333333333333333
151.04596496724682,-32.8619337309773,0.03333333333333333
151.58230865284452,-32.61237398870871,0.03333333333333333
150.16116992155384,-32.37385244852329,0.03333333333333333
150.15726792260526,-32.36029233270433,0.03333333333333333
151.64118108104026,-32.280635279448056,0.03333333333333333
151.36331690027652,-32.13468209525603,0.03333333333333333
151.78324163907806,-31.986333493801673,0.03333333333333333
151.77746399475353,-31.737114286333146,0.03333333333333333
151.70413588905157,-32.53396716928042,0.03333333333333333
151.86996054518812,-32.05568513443712,0.03333333333333333
154.92486420992373,-32.901711072727736,0.03333333333333333
154.87970792078104,-32.63463877680336,0.03333333333333333
153.80602608370717,-32.50892740009746,0.03333333333333333
156.04884828089322,-32.43284253210725,0.03333333333333333
155.8473437068966,-32.22034027346049,0.03333333333333333
155.986786867308,-31.7458940582948,0.03333333333333333
158.18281221504668,-32.45240377850734,0.03333333333333333
157.64253067573634,-32.336012250547405,0.03333333333333333
157.37405019891546,-32.246328799315485,0.03333333333333333
158.3311285719504,-31.97012101207473,0.03333333333333333
158.1256987115821,-31.65909041223617,0.03333333333333333
158.05072173217238,-31.87480535390553,0.03333333333333333
160.07483560554664,-32.060787476356914,0.03333333333333333
161.5883611243652,-32.40028351710733,0.03333333333333333
161.73069082118909,-32.01444536232166,0.03333333333333333
160.35579055425598,-31.777835292799324,0.03333333333333333
161.2167295664585,-31.52056155447368,0.03333333333333333
160.38523424005862,-31.547475093945174,0.03333333333333333
160.37511402741254,-31.526608057873425,0.03333333333333333
160.57398257649737,-31.52505436068447,0.03333333333333333
160.65787355058174,-31.52456335217737,0.03333333333333333
162.1934337445165,-32.91498510291754,0.03333333333333333
163.2076497429504,-32.900581238603486,0.03333333333333333
162.1725081493669,-31.50034844618026,0.03333333333333333
162.97911531916515,-31.562291738528337,0.03333333333333333
163.87726267803382,-32.85089840543282,0.03333333333333333
163.4332592430037,-31.58885048689153,0.03333333333333333
149.57254087521866,-33.42112953280578,0.03333333333333333
150.72519696615564,-32.87443058433166,0.03333333333333333
