ra,dec,sep
319.0383829498463,-27.553897012682718,0.03333333333333333
319.4102155757048,-27.14764178742471,0.03333333333333333
319.88104077308395,-26.91278204689929,0.03333333333333333
319.9346910494714,-26.62120037592414,0.03333333333333333
320.18130857444663,-26.965293907457642,0.03333333333333333
321.44690679663347,-26.580963486822448,0.03333333333333333
320.83482642190074,-26.520505417148822,0.03333333333333333
320.573680772826,-26.212534727254024,0.03333333333333333
321.4409354133587,-26.25854610774063,0.03333333333333333
315.91873353822336,-28.943073302136032,0.03333333333333333
314.86579199217005,-28.873363180986058,0.03333333333333333
315.5963124785495,-27.661747638534685,0.03333333333333333
315.704902887625,-27.540842734282478,0.03333333333333333
315.41577373980624,-27.54201267821511,0.03333333333333333
320.6156879752978,-28.93704166700356,0.03333333333333333
319.4110101401402,-28.60815007975335,0.03333333333333333
314.5268677152485,-30.138358200406397,0.03333333333333333
314.96027848044474,-29.944649577015944,0.03333333333333333
315.01335385865264,-29.141239045170146,0.03333333333333333
317.36153771617836,-30.184324278662572,0.03333333333333333
316.9161518640111,-29.734952737184702,0.03333333333333333
318.91383254289815,-30.166902817932037,0.03333333333333333
318.17058526103995,-28.987260306049386,0.03333333333333333
320.9410151834386,-30.288418608008442,0.03333333333333333
321.9205912073736,-30.27963618327748,0.03333333333333333
320.5258853418618,-29.50446673464981,0.03333333333333333
321.62810938930744,-29.462946068764573,0.03333333333333333
321.9996228642165,-29.344124666022488,0.03333333333333333
320.7617323963712,-29.251115062981185,0.03333333333333333
320.6157158766625,-28.937084003383927,0.03333333333333333
322.81405383133506,-30.07842699203731,0.03333333333333333
323.52735018097474,-29.95069090447679,0.03333333333333333
322.7698758073587,-28.8689371099838,0.03333333333333333
323.87550435516465,-29.742210395557837,0.03333333333333333
325.37371839045903,-30.179061032553392,0.03333333333333333
326.67125879653673,-30.04637995985139,0.03333333333333333
326.0956022427804,-29.91639450734865,0.03333333333333333
325.5010498941462,-29.501938517390407,0.03333333333333333
325.5747911662511,-29.303997354091354,0.03333333333333333
325.87275414338814,-28.870662288808283,0.03333333333333333
325.29457189990393,-28.95767622104273,0.03333333333333333
315.9776244338263,-31.552786197585462,0.03333333333333333
315.65606438787444,-31.51203879793005,0.03333333333333333
316.4255926418445,-31.140370656734056,0.03333333333333333
316.79459897394355,-31.0592394775392,0.03333333333333333
315.96241044222353,-30.198800204398733,0.03333333333333333
317.8556989827336,-31.348675516354565,0.03333333333333333
317.7537503457998,-30.624791132570486,0.03333333333333333
318.2868069271067,-30.19201428891169,0.03333333333333333
317.8339557719118,-30.46690378383676,0.03333333333333333
318.3533507076204,-30.46971852762071,0.03333333333333333
318.34845124071325,-30.2425325256203,0.03333333333333333
318.3550835110012,-30.55904463814881,0.03333333333333333
319.9485302672677,-31.58738493449951,0.03333333333333333
319.226414587211,-30.921338043199054,0.03333333333333333
319.17763600668536,-30.719785594189318,0.03333333333333333
321.5177350662765,-31.55067829787469,0.03333333333333333
320.2603552541732,-30.60690365044569,0.03333333333333333
319.88833189263335,-30.422059736928247,0.03333333333333333
319.86251244537783,-30.394999364882285,0.03333333333333333
321.45488795373564,-30.492897512271266,0.03333333333333333
322.73355190169264,-31.61063321072057,0.03333333333333333
322.85937801871717,-31.231583886430656,0.03333333333333333
323.0386711689434,-30.72108314621725,0.03333333333333333
323.3478417382624,-30.951103731482053,0.03333333333333333
323.038711764038,-30.721086554063426,0.03333333333333333
326.07769966028593,-31.26962782094481,0.03333333333333333
326.2178942529219,-30.64496461190209,0.03333333333333333
326.2152436218392,-30.51162853754392,0.03333333333333333
325.82082816685767,-30.1941593483152,0.03333333333333333
315.6737967478414,-32.87890999401036,0.03333333333333333
315.34080582205775,-31.76219927044185,0.03333333333333333
314.78101509717663,-31.52167960707778,0.03333333333333333
315.9775995347905,-31.552848288689795,0.03333333333333333
317.1226460249528,-31.52014709994809,0.03333333333333333
317.8027813858503,-31.62483119874969,0.03333333333333333
317.85231158015125,-32.36162718273768,0.03333333333333333
318.35279868989363,-32.099957416887214,0.03333333333333333
317.84216442776074,-31.521846800414576,0.03333333333333333
321.0048988366978,-32.87972636148975,0.03333333333333333
320.99793411004083,-32.34282268975957,0.03333333333333333
320.72770186534626,-31.64915682047052,0.03333333333333333
316.47166602052016,-33.70284811048292,0.03333333333333333
315.7660694633489,-33.037669534341944,0.03333333333333333
316.3478246163348,-32.84518851306384,0.03333333333333333
316.1942029373568,-32.84718047090613,0.03333333333333333
315.67381555407934,-32.87898718209263,0.03333333333333333
316.9552627237551,-32.913057990030545,0.03333333333333333
318.54738341338805,-34.06140496509469,0.03333333333333333
317.87982193990035,-33.630947873959194,0.03333333333333333
317.7992486374726,-33.58706409421448,0.03333333333333333
318.21989261752407,-32.844332584573486,0.03333333333333333
318.47202829863517,-32.84278728428331,0.03333333333333333
320.47279017798735,-33.754863540113156,0.03333333333333333
319.3950581212116,-33.31344959756803,0.03333333333333333
319.91087188862224,-33.02252574229768,0.03333333333333333
320.4547314944895,-32.84882806390176,0.03333333333333333
321.99733228486815,-33.878821910818985,0.03333333333333333
321.8205608316052,-33.8371802054873,0.03333333333333333
321.57195769036406,-33.73018738567683,0.03333333333333333
322.08793298993567,-33.68667879449545,0.03333333333333333
321.70082633926825,-32.90924757393808,0.03333333333333333
316.1830554298178,-35.57813083890855,0.03333333333333333
315.6675921251022,-35.12294936851356,0.03333333333333333
315.18959999208334,-34.932090710127376,0.03333333333333333
316.4566189180974,-34.88609799720563,0.03333333333333333
315.4539863365386,-34.873135336746465,0.03333333333333333
316.4440385021013,-34.28058015372717,0.03333333333333333
316.44458568516035,-34.31026589745873,0.03333333333333333
318.06310182447135,-34.98430271474667,0.03333333333333333
318.1023505885553,-34.9748376034758,0.03333333333333333
316.7187097689716,-34.167903173552084,0.03333333333333333
316.80325474426564,-34.20967674980494,0.03333333333333333
315.1720253163502,-36.82271186807869,0.03333333333333333
315.8670629020108,-36.63918429559623,0.03333333333333333
314.7903222167498,-36.236376236495424,0.03333333333333333
315.85395123872814,-35.92074485060294,0.03333333333333333
315.1661574360684,-35.502762904631545,0.03333333333333333
315.16618272165266,-35.499499172223345,0.03333333333333333
317.44087391436864,-36.72051158457744,0.03333333333333333
316.3392060789807,-35.927188666811084,0.03333333333333333
318.3568466389008,-35.486297412974174,0.03333333333333333
315.2919019848565,-38.01707393876805,0.03333333333333333
316.2627995587262,-37.829319957012906,0.03333333333333333
316.1571346513698,-37.69873378689466,0.03333333333333333
316.72042849290364,-37.36639073339693,0.03333333333333333
314.96374594606993,-37.2885224497666,0.03333333333333333
315.4640152706948,-36.82063564094381,0.03333333333333333
315.87551298519963,-36.80313657820447,0.03333333333333333
315.1720280165527,-36.822756687004755,0.03333333333333333
315.46331534228693,-36.84081383105639,0.03333333333333333
318.5809310731818,-38.02118669767646,0.03333333333333333
318.3614384178209,-38.00222821841757,0.03333333333333333
319.32343791139414,-37.8680141922775,0.03333333333333333
320.1024315448749,-37.035562171048795,0.03333333333333333
315.88818084388294,-39.45007297485115,0.03333333333333333
315.89297780762496,-39.44494034689478,0.03333333333333333
315.8983807017819,-39.45134240623796,0.03333333333333333
315.89284509512765,-39.44199110978775,0.03333333333333333
315.00224406561176,-38.69330279296604,0.03333333333333333
315.27084965732564,-38.11970331647268,0.03333333333333333
314.2869128881888,-38.16957066398854,0.03333333333333333
319.0880422091422,-39.319076542096674,0.03333333333333333
318.9665677166064,-39.1959196796927,0.03333333333333333
319.54148615999696,-38.649967639126004,0.03333333333333333
318.7899558942107,-38.118151127339075,0.03333333333333333
315.19173400434465,-40.846601942030894,0.03333333333333333
316.90733897290426,-40.83860097310526,0.03333333333333333
316.26578841504465,-40.64241205653643,0.03333333333333333
315.15423087896596,-40.52306227658028,0.03333333333333333
315.89875506796983,-39.43909982647373,0.03333333333333333
315.89834771214765,-39.45131430460044,0.03333333333333333
318.74793777300215,-40.493902681933776,0.03333333333333333
318.25457675650637,-39.44647175232291,0.03333333333333333
315.9344084493842,-42.05919951316381,0.03333333333333333
315.0172676682276,-41.808202400538775,0.03333333333333333
314.3624225293812,-41.672721641114265,0.03333333333333333
314.4410181420806,-40.74278945124551,0.03333333333333333
317.09401958956494,-41.62732827945077,0.03333333333333333
316.9733693961258,-41.1879219950486,0.03333333333333333
317.08348559880346,-40.88686674514615,0.03333333333333333
317.8230715081768,-40.73974412362085,0.03333333333333333
316.28360849224515,-41.03521273243341,0.03333333333333333
318.0898586278488,-41.45675283578885,0.03333333333333333
315.9851071124732,-43.021315495833406,0.03333333333333333
316.0916821478288,-42.05305371567728,0.03333333333333333
317.0658123186708,-42.41286991129068,0.03333333333333333
315.186613833002,-42.055724533277186,0.03333333333333333
317.74757162629766,-43.289938771572466,0.03333333333333333
318.44897898426575,-42.78865626508082,0.03333333333333333
318.4638311108039,-42.58803783800722,0.03333333333333333
317.41259494153974,-42.05669553882783,0.03333333333333333
315.1725261375609,-44.2382181308424,0.03333333333333333
315.750687676928,-44.089256526232326,0.03333333333333333
314.638800830282,-44.067428456533136,0.03333333333333333
314.87367633170436,-44.05549493073384,0.03333333333333333
315.90590365612917,-43.74164443880423,0.03333333333333333
314.7154814470657,-43.358458247399824,0.03333333333333333
315.3304769804991,-43.356115416402254,0.03333333333333333
317.56277968849605,-44.77469865698296,0.03333333333333333
317.7826402523998,-44.771927850737676,0.03333333333333333
318.0648945051363,-44.75456755895428,0.03333333333333333
318.0639714771457,-44.70517926712015,0.03333333333333333
316.77256542766173,-44.352664802683506,0.03333333333333333
316.3817004892407,-44.07511469758562,0.03333333333333333
316.6405802952633,-44.02605965191331,0.03333333333333333
318.0228889436883,-43.6346339165043,0.03333333333333333
317.24222284976395,-43.492414164741355,0.03333333333333333
317.1542757922202,-45.20233102715808,0.03333333333333333
316.359669825894,-45.20704003831543,0.03333333333333333
315.7361782981233,-44.86027856310014,0.03333333333333333
315.9758951368578,-47.17491634746403,0.03333333333333333
315.9985978970052,-46.950621675940035,0.03333333333333333
314.65620567673665,-46.94224217658335,0.03333333333333333
315.99056810906916,-46.64510160039478,0.03333333333333333
315.78701871778685,-46.409725015494026,0.03333333333333333
316.5563302801796,-47.38731451337305,0.03333333333333333
317.3621389048602,-47.376707545300036,0.03333333333333333
317.95777370588934,-46.979680386641036,0.03333333333333333
317.2135416359352,-46.595958226567575,0.03333333333333333
316.0616664283596,-46.508851800053606,0.03333333333333333
315.4456593982232,-48.68576076474717,0.03333333333333333
316.6889004897931,-48.66722847479449,0.03333333333333333
315.7806865384471,-48.451164085300256,0.03333333333333333
316.76378694945447,-47.47787138103171,0.03333333333333333
316.8019022806613,-47.560796168884,0.03333333333333333
315.0761634280594,-50.5294868571765,0.03333333333333333
314.7854521333128,-49.899199604363396,0.03333333333333333
325.3843818889173,-1.474619762130009,0.03333333333333333
324.77017492947164,-1.2493736557234674,0.03333333333333333
325.38271807833814,-1.2097404972705148,0.03333333333333333
324.41866847069355,-1.2062860137535971,0.03333333333333333
326.48956659463306,-1.3605941168194513,0.03333333333333333
325.479329853818,-1.2928497915409929,0.03333333333333333
326.7388600442066,-0.8153970539177531,0.03333333333333333
327.82790186608014,-2.0681732681132843,0.03333333333333333
328.10403268764026,-1.9110891759780249,0.03333333333333333
326.9366482609148,-1.3653357855630872,0.03333333333333333
329.4628682772214,-1.6599065088916485,0.03333333333333333
329.07824797092604,-1.176540974144881,0.03333333333333333
329.08245077543467,-1.1676749952103018,0.03333333333333333
328.36612195816866,-1.14302518522675,0.03333333333333333
328.43632869735393,-0.6570447173807985,0.03333333333333333
329.7283478766166,-1.9901434082854768,0.03333333333333333
330.82050271028106,-1.8955394070150395,0.03333333333333333
332.4773666618215,-1.454892271729591,0.03333333333333333
332.86783207920587,-0.8097558714544225,0.03333333333333333
333.9455025519527,-1.9851614639867508,0.03333333333333333
334.59740992937526,-1.573235522113904,0.03333333333333333
333.7990995552052,-1.3649909399360378,0.03333333333333333
334.69475415064494,-1.1885577406117744,0.03333333333333333
334.89283243504946,-1.071376767124696,0.03333333333333333
334.71939499895126,-1.0529142510236456,0.03333333333333333
334.0132368641796,-1.0365025085104511,0.03333333333333333
334.86293277168653,-2.073846476854021,0.03333333333333333
336.0072318358404,-1.4306387867425359,0.03333333333333333
335.88681821013813,-1.1041220425179499,0.03333333333333333
337.5429836702038,-2.01121699118249,0.03333333333333333
336.82064234756064,-1.2654154773408464,0.03333333333333333
338.3383541095235,-2.019315208340299,0.03333333333333333
338.9293323812792,-0.9101766325827358,0.03333333333333333
338.60940408851775,-0.6515815124547547,0.03333333333333333
339.8233367905393,-1.701872695486173,0.03333333333333333
339.37441686283785,-1.09702098520342,0.03333333333333333
339.5190366559067,-0.6806727983117217,0.03333333333333333
341.22463678206327,-1.6440053022050565,0.03333333333333333
341.37998241130435,-0.7526108924743485,0.03333333333333333
344.17533555184923,-2.068056447736371,0.03333333333333333
343.564887211426,-1.9350799840955808,0.03333333333333333
344.2890099755485,-1.675088883413493,0.03333333333333333
343.06059028011316,-1.6201088014688316,0.03333333333333333
344.7790771743666,-1.3651979532980736,0.03333333333333333
345.7630185962061,-1.2930814916809783,0.03333333333333333
345.76241960035486,-1.2153053167382355,0.03333333333333333
349.36005332540765,-1.901282742560439,0.03333333333333333
351.93327234310095,-2.015071907255248,0.03333333333333333
351.9344821850358,-2.0137466046979555,0.03333333333333333
351.1656371347482,-2.0054469617950543,0.03333333333333333
351.4472022920426,-1.7474691544639525,0.03333333333333333
352.05116868258074,-1.062164596706186,0.03333333333333333
353.3219479437301,-0.6527425486865257,0.03333333333333333
355.9063320810334,-1.398563516868201,0.03333333333333333
356.0369048587005,-1.162027705747087,0.03333333333333333
357.09994798845537,-1.7919613357037034,0.03333333333333333
357.9861908018782,-1.097512586614984,0.03333333333333333
358.73694289595164,-2.01533193384662,0.03333333333333333
358.3854207704838,-1.4188047261890393,0.03333333333333333
358.07410716678254,-1.3818482424000276,0.03333333333333333
324.469678643108,-3.2950425957190133,0.03333333333333333
325.3889979526399,-3.2406378430303344,0.03333333333333333
324.2065811814271,-2.8950208260172703,0.03333333333333333
324.28444292799537,-2.4338047133492187,0.03333333333333333
324.34790807598097,-2.3382793356599354,0.03333333333333333
324.4654829744874,-2.0131894216364605,0.03333333333333333
324.41982361770533,-2.01362690140663,0.03333333333333333
328.09919472307837,-3.3291259113115785,0.03333333333333333
328.0981210650086,-2.3302222731946864,0.03333333333333333
327.3502213143184,-2.1456712798952187,0.03333333333333333
330.8215447492453,-3.410370809650957,0.03333333333333333
330.8214285207603,-3.380658637716158,0.03333333333333333
330.79916667200337,-3.1574136891214297,0.03333333333333333
329.5703496288852,-3.0542783834702725,0.03333333333333333
329.5635857761504,-3.0521235913638574,0.03333333333333333
330.3889139292395,-2.461972774498184,0.03333333333333333
329.91722920173606,-2.035294689896845,0.03333333333333333
330.7217056086304,-2.154861292290068,0.03333333333333333
150.69532980786036,-5.917147081536486,0.03333333333333333
149.5292089654252,-5.544739539553507,0.03333333333333333
150.12790958164987,-4.732772229762261,0.03333333333333333
149.85328146089626,-4.7245664439816935,0.03333333333333333
151.40106080075319,-5.7496889998343175,0.03333333333333333
150.66904327121975,-5.339130259517758,0.03333333333333333
151.9777560415044,-4.718466450534088,0.03333333333333333
151.67459410329718,-4.720028765202357,0.03333333333333333
150.95742879210232,-4.725848077255992,0.03333333333333333
150.68079292365587,-4.7292270560990906,0.03333333333333333
153.43504580611804,-5.7353327070963696,0.03333333333333333
149.34776368562885,-7.214281786532718,0.03333333333333333
149.73038848195878,-6.740834738804157,0.03333333333333333
149.99423454403194,-6.6660830113615255,0.03333333333333333
150.3906742834029,-6.525571388919753,0.03333333333333333
150.37284082402925,-6.073799310045932,0.03333333333333333
149.48177009366947,-6.196610440858217,0.03333333333333333
152.07495411885648,-7.20593857135924,0.03333333333333333
151.51873859815822,-6.883402613524509,0.03333333333333333
151.9705689130764,-6.655952827896737,0.03333333333333333
151.8952309395377,-6.521307070009872,0.03333333333333333
151.26717433571534,-6.078383816546111,0.03333333333333333
151.46279693331252,-6.484298645481856,0.03333333333333333
152.88292009707868,-7.261936696507069,0.03333333333333333
152.17320455497682,-7.0191250667998375,0.03333333333333333
152.73090372338746,-6.91498972096757,0.03333333333333333
152.84197615122403,-6.25359526432248,0.03333333333333333
151.2828667190093,-8.512947035164839,0.03333333333333333
150.2973041330792,-8.350083762409115,0.03333333333333333
150.1112892085978,-8.239691761530343,0.03333333333333333
151.27591835567253,-7.814422054962372,0.03333333333333333
151.5433147016713,-8.088686774431086,0.03333333333333333
152.40314645958358,-7.926777784648503,0.03333333333333333
151.28177755454738,-7.926886396363691,0.03333333333333333
151.71160029192848,-7.504802484693968,0.03333333333333333
151.6598951508982,-7.431482850184812,0.03333333333333333
153.441946178926,-8.155644028289629,0.03333333333333333
153.4324104855713,-8.153933441219575,0.03333333333333333
153.42908969950506,-8.02731148871996,0.03333333333333333
152.74241219000763,-7.99559298143105,0.03333333333333333
154.01509911911546,-7.966627441111081,0.03333333333333333
153.96297142560738,-7.867862749657379,0.03333333333333333
154.00985170033982,-7.571687789175117,0.03333333333333333
151.2367140771794,-10.159438711697543,0.03333333333333333
150.637536823578,-10.09402684742205,0.03333333333333333
150.55927817023243,-9.89776777324149,0.03333333333333333
151.46852161393002,-9.63867612068284,0.03333333333333333
151.84815461449742,-8.817910957853368,0.03333333333333333
152.47425720149695,-10.199444158976426,0.03333333333333333
152.28202446279914,-9.642940454369674,0.03333333333333333
154.2276977657096,-9.711458729143246,0.03333333333333333
153.67008734934524,-9.60170688500259,0.03333333333333333
153.50959931319085,-9.379405451052683,0.03333333333333333
154.51496244692612,-9.126632307493287,0.03333333333333333
149.68597787577102,-11.329938639989145,0.03333333333333333
149.85370352032567,-10.838072892989096,0.03333333333333333
150.61525356091042,-10.604399909568171,0.03333333333333333
150.5717415853351,-10.125695114030613,0.03333333333333333
149.91915830871147,-10.131113133563122,0.03333333333333333
149.90503376566497,-10.131474962737608,0.03333333333333333
150.31315575739885,-12.816402568198972,0.03333333333333333
150.94953950168238,-12.17781505685629,0.03333333333333333
150.58994296358924,-11.917917912102489,0.03333333333333333
151.44010785086098,-11.86972093295442,0.03333333333333333
151.38150455523987,-11.471480788237152,0.03333333333333333
151.6286353124765,-11.505616345015055,0.03333333333333333
150.53354921380998,-14.22969714399168,0.03333333333333333
150.20269129836038,-13.751218920823488,0.03333333333333333
149.63280545887733,-13.716156228272672,0.03333333333333333
149.8629315444316,-13.502083261662724,0.03333333333333333
150.51920444796372,-13.398214666505911,0.03333333333333333
151.19508606362982,-13.648124631300687,0.03333333333333333
151.19012470809136,-13.647882559405279,0.03333333333333333
151.19508897588338,-13.652201417506078,0.03333333333333333
151.32846957458418,-12.931375834087724,0.03333333333333333
152.67459553820134,-14.078912097833722,0.03333333333333333
152.37999126457728,-13.859305236394992,0.03333333333333333
152.78783118095131,-13.785955151244421,0.03333333333333333
152.78838296070828,-13.780167876412813,0.03333333333333333
152.7788065299696,-13.792336850338442,0.03333333333333333
152.78760079527692,-13.775264641130967,0.03333333333333333
150.83145861861394,-14.943348503587899,0.03333333333333333
150.6103732508296,-14.73119155584004,0.03333333333333333
152.0007443340736,-14.36920892567375,0.03333333333333333
156.76445754882351,-15.205350622053015,0.03333333333333333
151.20358622290718,-16.87691122315836,0.03333333333333333
150.14700191568883,-16.495252039386752,0.03333333333333333
150.31774435221544,-16.230285309678916,0.03333333333333333
150.95569159922397,-15.50892003072731,0.03333333333333333
151.50298579722073,-16.127477452533682,0.03333333333333333
151.50244198155744,-16.123042934017047,0.03333333333333333
152.59234990248183,-15.517517400791045,0.03333333333333333
153.0591473673322,-16.579447202902465,0.03333333333333333
153.65833235702445,-16.430811854800048,0.03333333333333333
152.80791521346242,-15.604331400226481,0.03333333333333333
153.52337074889064,-15.510115748194512,0.03333333333333333
155.42092207372562,-16.737509537070316,0.03333333333333333
154.13947842888382,-16.699281735997225,0.03333333333333333
154.9226279341181,-16.524175478197993,0.03333333333333333
154.21417585149138,-16.22496721234333,0.03333333333333333
154.05739674374954,-15.811705473891394,0.03333333333333333
155.5322672735139,-16.856414042878214,0.03333333333333333
155.38029455076844,-16.809992110992347,0.03333333333333333
156.00684499621315,-16.72049921879153,0.03333333333333333
156.32984475676017,-16.45355727822426,0.03333333333333333
156.52737224226874,-16.352773882343904,0.03333333333333333
157.56731339452827,-16.929737321771647,0.03333333333333333
158.16680978739453,-16.92199505949771,0.03333333333333333
158.33844599846074,-16.932210919156283,0.03333333333333333
159.29801966933115,-16.92545412904294,0.03333333333333333
159.33414173536008,-16.925025206677073,0.03333333333333333
158.52840956441412,-16.892213111608427,0.03333333333333333
159.0277111937031,-16.235093825639115,0.03333333333333333
159.45971350634673,-16.118604045645558,0.03333333333333333
159.4385221976632,-15.631119152052785,0.03333333333333333
150.97316828686007,-18.10153357432296,0.03333333333333333
150.43479849009555,-18.04073726354145,0.03333333333333333
150.97496265509233,-18.027654159514515,0.03333333333333333
150.41674528489406,-17.68549264382648,0.03333333333333333
150.41584486145618,-17.68528860711934,0.03333333333333333
150.96736295251975,-17.37053684722413,0.03333333333333333
149.85459168014108,-17.120945189418475,0.03333333333333333
150.96395692162002,-17.150617465968892,0.03333333333333333
151.60761233641128,-18.273925463582696,0.03333333333333333
152.12219210596183,-18.27008848814159,0.03333333333333333
152.38963955642538,-17.74138665576919,0.03333333333333333
150.99822578410868,-17.515036409409028,0.03333333333333333
151.04010913157202,-17.524856890868264,0.03333333333333333
152.12782200210702,-16.85355426959665,0.03333333333333333
153.203205700323,-18.25830183879852,0.03333333333333333
153.81070791180105,-18.072658351724318,0.03333333333333333
153.74373809490604,-17.979538873806007,0.03333333333333333
153.7382770242617,-17.28792888938099,0.03333333333333333
154.65991788289577,-17.976074920682603,0.03333333333333333
154.64249300523355,-17.961153606778176,0.03333333333333333
154.65650017043154,-17.973378231781734,0.03333333333333333
156.31350892860826,-18.21292027071904,0.03333333333333333
156.5902086070429,-18.105643535346815,0.03333333333333333
155.62634675316752,-17.975017038388096,0.03333333333333333
155.35138973078116,-17.35180452632072,0.03333333333333333
155.46942772125428,-17.134394137468966,0.03333333333333333
156.631961345584,-17.102452772524327,0.03333333333333333
157.67619719768442,-18.186403338933342,0.03333333333333333
156.9850799887099,-17.75766366028359,0.03333333333333333
158.0555672387327,-17.496428920804757,0.03333333333333333
158.94461395196518,-18.210643563896905,0.03333333333333333
158.57124908130154,-18.20564785486966,0.03333333333333333
159.47840036248488,-18.039568905703664,0.03333333333333333
159.4777667501584,-17.965243760269747,0.03333333333333333
159.19430856874573,-17.153339314034152,0.03333333333333333
158.52844022099433,-16.89226685415695,0.03333333333333333
162.31174940962734,-17.8553091966638,0.03333333333333333
161.48465602778938,-17.39226964637358,0.03333333333333333
161.085887061873,-17.342586928370352,0.03333333333333333
163.58501359321767,-18.199151332483822,0.03333333333333333
162.98508399021807,-18.184561685154268,0.03333333333333333
163.61693210104718,-17.747334332016926,0.03333333333333333
162.81012321468324,-17.593367819844204,0.03333333333333333
162.63183880165855,-17.216216376176234,0.03333333333333333
163.34222487510743,-17.195127777593566,0.03333333333333333
166.56394839802226,-18.19354796180649,0.03333333333333333
165.80725295456986,-17.867426482741216,0.03333333333333333
165.2138246567312,-17.698128557372137,0.03333333333333333
166.50775479004727,-17.675494281299716,0.03333333333333333
165.27888860421888,-17.401104716560578,0.03333333333333333
165.1739537678379,-16.911241638743647,0.03333333333333333
169.39803780151604,-18.139146400575363,0.03333333333333333
169.2239539783103,-17.887245591993786,0.03333333333333333
168.5015336849691,-16.855014745991213,0.03333333333333333
169.67241462741518,-18.046768047739125,0.03333333333333333
169.4909785667385,-17.88535699740229,0.03333333333333333
169.56389316560708,-17.50122874410629,0.03333333333333333
170.19696655328286,-17.285069032070588,0.03333333333333333
175.97616777156068,-18.10578010813701,0.03333333333333333
176.23234742536548,-17.94427333871937,0.03333333333333333
175.07321964909653,-17.796445289670302,0.03333333333333333
176.47797547986409,-17.365624918455467,0.03333333333333333
179.3008976902566,-18.20293518724695,0.03333333333333333
180.67188639675442,-17.93140177784671,0.03333333333333333
179.90608628205487,-16.902743947434818,0.03333333333333333
179.30895372978162,-17.15680210325376,0.03333333333333333
150.11823199114463,-19.61378222828052,0.03333333333333333
150.54887788731043,-19.426983577758755,0.03333333333333333
149.27756719714128,-19.11835403915,0.03333333333333333
149.27928387268258,-19.119220273320643,0.03333333333333333
149.47392226443614,-19.062647191641236,0.03333333333333333
149.69617563151115,-18.541394462344826,0.03333333333333333
150.25043904923382,-18.435045150382173,0.03333333333333333
150.36285277325032,-18.43476678477065,0.03333333333333333
151.42961577029868,-19.615059912819017,0.03333333333333333
151.6544126801344,-19.23581548801037,0.03333333333333333
151.6534553320199,-19.23061965398961,0.03333333333333333
151.66857188156308,-19.236484951246084,0.03333333333333333
151.65320875750626,-19.22447123376561,0.03333333333333333
152.09244557889758,-18.855645526199307,0.03333333333333333
152.15719557802572,-18.278289507625686,0.03333333333333333
152.64185519824775,-18.595160992891824,0.03333333333333333
152.27707971910212,-18.261307110082832,0.03333333333333333
153.8487771132447,-19.534637163093134,0.03333333333333333
155.00034350349478,-19.051318432541308,0.03333333333333333
154.37187532553952,-18.97230568524968,0.03333333333333333
154.34947558819619,-18.9110522610824,0.03333333333333333
155.3276227312144,-18.75498201550805,0.03333333333333333
156.20384214855756,-18.276841821925267,0.03333333333333333
156.95900356252415,-19.6172498057079,0.03333333333333333
157.43395691320464,-19.613172065456144,0.03333333333333333
156.60342802203198,-19.176920436035296,0.03333333333333333
156.60711503439958,-18.65735447952775,0.03333333333333333
158.01831813571727,-19.618481051795886,0.03333333333333333
158.11030428886517,-19.61828103992332,0.03333333333333333
158.42289004830695,-19.61712573343971,0.03333333333333333
158.3147006299276,-19.545260583549265,0.03333333333333333
159.24328123398752,-18.571695258222352,0.03333333333333333
158.57125488451416,-18.205678768367413,0.03333333333333333
159.0731849522392,-18.53764392102379,0.03333333333333333
160.71623792814762,-19.056797239093747,0.03333333333333333
162.13416145508023,-18.691442601192016,0.03333333333333333
161.25056399987122,-18.201914764334678,0.03333333333333333
162.260635928824,-19.463725943265857,0.03333333333333333
163.00793674005013,-18.993225906637843,0.03333333333333333
162.79348906364402,-18.882909637176482,0.03333333333333333
163.59203203386832,-18.642918506534453,0.03333333333333333
163.58423881546315,-18.19854454260664,0.03333333333333333
164.6030824517187,-19.154903583707664,0.03333333333333333
163.72174615346069,-18.87155963962539,0.03333333333333333
164.23753562062313,-18.652020476668735,0.03333333333333333
163.77553843227528,-18.331130749550503,0.03333333333333333
163.7771009130249,-18.332156285645322,0.03333333333333333
165.99964435188508,-18.786030672741386,0.03333333333333333
166.00075435733694,-18.775579743653342,0.03333333333333333
166.10408887652838,-18.195348174889407,0.03333333333333333
165.7003216795992,-18.19813211907402,0.03333333333333333
165.76963715200606,-18.287519439833645,0.03333333333333333
167.61074439604607,-18.915577164872264,0.03333333333333333
168.8943804798426,-19.563281387572168,0.03333333333333333
168.11416919443977,-19.27894395824916,0.03333333333333333
169.25893704524705,-19.215139908237933,0.03333333333333333
169.22461525601054,-19.1868951895109,0.03333333333333333
169.31254592914237,-18.973439165695304,0.03333333333333333
169.0776942498406,-18.888671870849787,0.03333333333333333
169.62583373289723,-19.46006592802043,0.03333333333333333
169.40864397643026,-18.2891551962115,0.03333333333333333
171.97660861310572,-19.354150375956184,0.03333333333333333
171.93965572559188,-18.803554833634838,0.03333333333333333
171.55375030915775,-18.19630418262605,0.03333333333333333
171.43830036943947,-18.488201340276905,0.03333333333333333
173.58696134629105,-18.303601320047786,0.03333333333333333
172.19874876421756,-18.396711042384545,0.03333333333333333
174.12068360627626,-19.41389514476072,0.03333333333333333
174.38505967012242,-19.164624739428927,0.03333333333333333
174.75887019537282,-18.434187629947342,0.03333333333333333
174.28066558146733,-18.487195096862653,0.03333333333333333
175.217888959621,-19.462553305173703,0.03333333333333333
175.71153443778687,-19.07187447312332,0.03333333333333333
175.71333602263968,-19.06385596352972,0.03333333333333333
177.11377272791938,-18.80372025141356,0.03333333333333333
177.31568445065474,-18.61818062872182,0.03333333333333333
177.1112012432587,-18.506289404365827,0.03333333333333333
176.8802978123074,-18.200262549609526,0.03333333333333333
179.18714985352517,-19.518859913955684,0.03333333333333333
179.30902969077323,-18.828401514219003,0.03333333333333333
178.7775274416123,-18.797325631822986,0.03333333333333333
177.94247921441837,-18.202778974503246,0.03333333333333333
180.60436238623558,-19.391419192454592,0.03333333333333333
179.58574664529,-19.221428828858468,0.03333333333333333
180.28888691799781,-19.075854044870233,0.03333333333333333
180.73050096465653,-18.41335600551149,0.03333333333333333
180.55786553902598,-18.462065088744094,0.03333333333333333
180.22806586236825,-18.194585299344496,0.03333333333333333
179.39182827582027,-18.20096618013665,0.03333333333333333
180.7287920072884,-18.30763422051568,0.03333333333333333
150.47445404449272,-20.882984339424524,0.03333333333333333
151.94928539090162,-20.638921851605037,0.03333333333333333
151.81251528134305,-20.62451388430754,0.03333333333333333
150.45857330900256,-19.94248088033612,0.03333333333333333
154.8253943337507,-20.4097693939109,0.03333333333333333
154.20845284984978,-19.999310354969143,0.03333333333333333
154.81369200409955,-19.66294727299014,0.03333333333333333
153.89386647822315,-19.813490126656774,0.03333333333333333
154.87410506305636,-20.958289259319674,0.03333333333333333
155.18046602174618,-20.798507707460985,0.03333333333333333
156.05276619488762,-20.36206619763856,0.03333333333333333
155.5017006350443,-19.88351394811737,0.03333333333333333
156.73364283092252,-20.75633353993383,0.03333333333333333
157.24734727850398,-20.090926184012,0.03333333333333333
157.69918021469127,-19.963602613916247,0.03333333333333333
158.6802427980715,-20.907170305788394,0.03333333333333333
159.14529064535841,-20.30863674725202,0.03333333333333333
157.92061552747592,-20.25018737805685,0.03333333333333333
158.9029477474436,-19.60869959790035,0.03333333333333333
159.13691939003598,-19.756735605841587,0.03333333333333333
157.6394861749144,-19.855967801329975,0.03333333333333333
159.565056934695,-20.352368117575843,0.03333333333333333
160.57871275247538,-19.872376232410108,0.03333333333333333
159.52312345967246,-19.800946060390576,0.03333333333333333
162.00811768176476,-20.83476786765255,0.03333333333333333
162.00777283447442,-20.83484883314581,0.03333333333333333
162.02694777139843,-20.843535390650853,0.03333333333333333
162.68990266976851,-20.31530504068329,0.03333333333333333
162.2167536466516,-19.690863755390172,0.03333333333333333
162.20583883694832,-19.683504496591848,0.03333333333333333
162.20649131410806,-19.682495855661713,0.03333333333333333
162.8439448432489,-19.87759752470845,0.03333333333333333
162.85585313924932,-19.90143727984707,0.03333333333333333
164.06909184877406,-20.95634583127638,0.03333333333333333
164.06275493842202,-20.856001185732847,0.03333333333333333
164.06001024695038,-20.854422328729857,0.03333333333333333
164.37077624759482,-20.74591684133152,0.03333333333333333
164.90823379364934,-20.61102919684325,0.03333333333333333
164.16190482936378,-20.60731642237112,0.03333333333333333
164.89864692065544,-19.89598082864617,0.03333333333333333
164.14889358711974,-19.65930816542182,0.03333333333333333
163.72084931288686,-19.709002247718445,0.03333333333333333
166.34556379871103,-20.47620754479956,0.03333333333333333
165.357054803146,-19.591142737349244,0.03333333333333333
166.2163292592462,-19.628559156174614,0.03333333333333333
167.319962835837,-20.94930675719433,0.03333333333333333
167.72338566707148,-20.52804373755565,0.03333333333333333
167.42442952133004,-20.009725570489973,0.03333333333333333
166.80125694489269,-19.817467075217035,0.03333333333333333
168.3452551902819,-20.88402302010073,0.03333333333333333
167.72337656977837,-20.528029771637094,0.03333333333333333
168.08644002361018,-20.361365510179304,0.03333333333333333
168.63672511602908,-20.13121708480183,0.03333333333333333
168.39425526045827,-19.930534204353023,0.03333333333333333
168.93145739788338,-19.53407040322005,0.03333333333333333
169.79537739703355,-20.82979953198557,0.03333333333333333
169.91472630812552,-19.629510356382536,0.03333333333333333
171.0598519574047,-20.810041393594407,0.03333333333333333
170.94431168477513,-20.09170704371888,0.03333333333333333
172.1026201494105,-20.03071315120004,0.03333333333333333
170.95229589621655,-19.807767604658398,0.03333333333333333
170.63809408987004,-19.543440870506878,0.03333333333333333
170.63892636243492,-19.54346005026948,0.03333333333333333
173.54914835448494,-20.583155442900452,0.03333333333333333
173.5404144076501,-19.920788194933394,0.03333333333333333
173.53469443895509,-19.58885868061088,0.03333333333333333
174.24911109061853,-20.04991974938025,0.03333333333333333
175.24836633213997,-20.504842532561604,0.03333333333333333
176.42605106436568,-20.419851988463712,0.03333333333333333
175.76670036200798,-20.087653161402095,0.03333333333333333
175.25253345220216,-19.546791342134632,0.03333333333333333
176.51301286536614,-20.957353290477247,0.03333333333333333
177.71291097678392,-20.94869818109192,0.03333333333333333
177.87053969242638,-20.866591586681324,0.03333333333333333
176.66301757777978,-20.744293576245987,0.03333333333333333
177.80112956227524,-20.599194918340483,0.03333333333333333
177.79574163218368,-20.598083740202338,0.03333333333333333
178.77012459429858,-20.75121375126923,0.03333333333333333
177.80116054634857,-20.59918075230415,0.03333333333333333
178.51026830814513,-20.569208528493725,0.03333333333333333
178.49046584712616,-20.567751572027415,0.03333333333333333
178.48637684370465,-20.577486629090547,0.03333333333333333
178.50636543229615,-20.558696857299687,0.03333333333333333
178.7576630528262,-20.281395246120656,0.03333333333333333
178.486055722832,-20.136632607889226,0.03333333333333333
179.21221965636295,-20.10163794033516,0.03333333333333333
180.08253579679277,-20.802092442909533,0.03333333333333333
180.47796834837104,-20.68048892847049,0.03333333333333333
179.48620454609028,-20.565663973239875,0.03333333333333333
179.7142405925609,-20.41972327820616,0.03333333333333333
179.36839702995442,-19.623686460581904,0.03333333333333333
151.68718535621358,-21.870607297549896,0.03333333333333333
150.3362799915188,-21.865092201182822,0.03333333333333333
150.7858455684635,-21.440884622598727,0.03333333333333333
151.71614831690124,-21.432345056182694,0.03333333333333333
150.82200480098675,-21.42756401974749,0.03333333333333333
150.98485005243558,-21.317843369426388,0.03333333333333333
150.47435435934153,-20.881187845331503,0.03333333333333333
151.6673643927034,-22.293766340788792,0.03333333333333333
151.68720550396534,-21.870570833184267,0.03333333333333333
152.50483272666682,-21.804380716176748,0.03333333333333333
151.8708726412487,-21.7250381049027,0.03333333333333333
152.66125731803388,-21.521188411913887,0.03333333333333333
152.94020876206912,-21.11578796981607,0.03333333333333333
154.39253249639685,-22.190933043432,0.03333333333333333
154.61937842699786,-21.628047954465078,0.03333333333333333
154.16461035415685,-21.33259864039145,0.03333333333333333
153.6681188144025,-21.010138537797648,0.03333333333333333
153.6803704029704,-21.10536532284392,0.03333333333333333
154.11940702065374,-20.871484929812592,0.03333333333333333
153.87483776194705,-20.873572074610482,0.03333333333333333
154.99457779907559,-21.583174864466173,0.03333333333333333
156.14659851072594,-22.29372138976797,0.03333333333333333
156.2175328452964,-22.293868696717038,0.03333333333333333
156.3956623588949,-21.833687724271325,0.03333333333333333
156.12563635192342,-21.795850703010792,0.03333333333333333
156.6849681733341,-21.58492634938335,0.03333333333333333
157.52100332069162,-21.4700782978423,0.03333333333333333
157.16115936549258,-21.002073295796045,0.03333333333333333
158.47334613313194,-22.290467717320123,0.03333333333333333
158.91140707762258,-22.284224334837347,0.03333333333333333
157.99794447012798,-22.279454922607602,0.03333333333333333
157.63889201882088,-22.049143962136608,0.03333333333333333
158.5240230495818,-21.34788738599182,0.03333333333333333
160.35326115164727,-22.28328236344826,0.03333333333333333
160.39839645936684,-22.28263535149933,0.03333333333333333
159.8168735944034,-21.172158036932345,0.03333333333333333
160.2006340808899,-20.869541251995848,0.03333333333333333
159.54739969663785,-20.87434494942378,0.03333333333333333
160.52757582075228,-22.10558254624455,0.03333333333333333
161.5582032134979,-21.795900668657165,0.03333333333333333
160.55579825107122,-21.715276481147505,0.03333333333333333
160.953650573103,-21.195944749355704,0.03333333333333333
162.11898235447526,-21.631823058369502,0.03333333333333333
163.32744593349233,-21.460066061155995,0.03333333333333333
163.3405287867705,-21.885485300788265,0.03333333333333333
163.4708937868044,-21.81780569853672,0.03333333333333333
163.6524283825314,-21.057912080647455,0.03333333333333333
163.65372143645152,-21.069825539423693,0.03333333333333333
163.65324223330538,-21.06710914567015,0.03333333333333333
163.6766647458089,-21.06013213119693,0.03333333333333333
163.67050283012932,-21.057942435177203,0.03333333333333333
163.65565911463963,-21.062478290870413,0.03333333333333333
163.66915375421672,-21.075535762133644,0.03333333333333333
165.41728517387432,-22.11574125158247,0.03333333333333333
166.10494892868547,-21.901575504168406,0.03333333333333333
166.23535494368005,-21.860010139566583,0.03333333333333333
166.1406338019032,-21.850554034071735,0.03333333333333333
164.9414344639529,-21.27958630553681,0.03333333333333333
167.26236948608656,-21.975426616610488,0.03333333333333333
167.67527337667298,-20.901911108847283,0.03333333333333333
167.4975277601921,-21.151066463357754,0.03333333333333333
168.69284635460434,-22.2451100015078,0.03333333333333333
167.7153237534556,-21.970577146494197,0.03333333333333333
167.73465673234222,-21.94839016611901,0.03333333333333333
168.3303149194381,-21.97483099729879,0.03333333333333333
167.78088318950856,-21.05004517757182,0.03333333333333333
168.34527809273374,-20.884094176276804,0.03333333333333333
170.45164098335798,-21.419394388536748,0.03333333333333333
172.24869587261153,-22.29499309459496,0.03333333333333333
172.87562148164682,-22.2920759927458,0.03333333333333333
172.92249802651966,-22.29153367607385,0.03333333333333333
173.46304990621326,-22.28430091318907,0.03333333333333333
172.8731943895169,-21.59543723539648,0.03333333333333333
173.48810056168034,-21.28543153258033,0.03333333333333333
174.94789071139556,-21.955696720076112,0.03333333333333333
173.6300494688725,-20.879678419205558,0.03333333333333333
176.16809948770532,-20.87127452446002,0.03333333333333333
177.5226855829622,-21.690206163618736,0.03333333333333333
177.8504133534737,-21.64697297323252,0.03333333333333333
177.9056436743523,-21.717352625038647,0.03333333333333333
178.29745789180652,-21.428111507442857,0.03333333333333333
179.07749794453525,-21.36309257353395,0.03333333333333333
163.85395334949249,-23.625539975645214,0.03333333333333333
164.01742247849464,-23.62418989372497,0.03333333333333333
164.65972094875323,-22.666517340494966,0.03333333333333333
166.1286251176159,-23.380515154778266,0.03333333333333333
167.01043041263156,-23.353330346749054,0.03333333333333333
166.22397935690412,-23.132615212352754,0.03333333333333333
166.2258365941316,-23.132657123849764,0.03333333333333333
166.96331890656236,-23.04854649322237,0.03333333333333333
167.33812765570684,-22.87998745953893,0.03333333333333333
167.45328951146843,-22.466077902269763,0.03333333333333333
167.51240110895432,-22.502117440902204,0.03333333333333333
168.36375168246784,-23.146333947306466,0.03333333333333333
168.69291341675873,-22.2452278007782,0.03333333333333333
167.71149480466815,-22.47390631930921,0.03333333333333333
168.0736494548782,-22.405164247346978,0.03333333333333333
167.5123141311762,-22.50210604111885,0.03333333333333333
169.5848919616506,-22.814767571640353,0.03333333333333333
168.9896423064551,-22.66796212998373,0.03333333333333333
169.400456175904,-22.66085991659639,0.03333333333333333
171.9819247085376,-23.365522100367013,0.03333333333333333
170.58894793448204,-23.16180898659509,0.03333333333333333
173.07772432163443,-23.620628979133482,0.03333333333333333
172.7358243917991,-23.57698410442963,0.03333333333333333
173.4491056100882,-23.57249549055714,0.03333333333333333
173.44708705543903,-23.35051250424597,0.03333333333333333
172.23256772902823,-23.18693789782795,0.03333333333333333
172.2247108562397,-23.053959125988545,0.03333333333333333
172.4474918611031,-22.6333010378468,0.03333333333333333
173.5348605501967,-22.21551232136744,0.03333333333333333
176.06757544770468,-23.491949064694914,0.03333333333333333
176.13150998327862,-23.48198097554204,0.03333333333333333
176.22292706441215,-22.63850790714172,0.03333333333333333
175.53081522149284,-22.449131060674468,0.03333333333333333
177.83946979103592,-23.603915530402396,0.03333333333333333
176.94232477494825,-22.67221506046424,0.03333333333333333
177.95218916041512,-22.782812436924466,0.03333333333333333
178.10029865745514,-22.45500123385704,0.03333333333333333
180.312529155415,-23.621972887650838,0.03333333333333333
180.44827641113258,-23.620330247992,0.03333333333333333
180.37297607596062,-23.31468297822936,0.03333333333333333
180.3707198428767,-23.312907747291952,0.03333333333333333
180.37697993674772,-23.31854795335849,0.03333333333333333
180.03679956161395,-22.915376388299922,0.03333333333333333
179.6707461819597,-22.82727533192148,0.03333333333333333
179.61047979383514,-22.448743877884183,0.03333333333333333
165.57341115173452,-24.94534889595449,0.03333333333333333
165.58114659243975,-24.943541375907262,0.03333333333333333
165.57723042865695,-24.942911123990026,0.03333333333333333
164.25184149386763,-24.798683830436467,0.03333333333333333
165.49154204855077,-23.79092366640139,0.03333333333333333
165.65657130825616,-23.54142024912177,0.03333333333333333
168.15565032202275,-24.95076471413227,0.03333333333333333
167.82352527343312,-24.18521382018564,0.03333333333333333
168.33730242900205,-23.898175451630486,0.03333333333333333
167.26785132453347,-23.55079445202372,0.03333333333333333
167.4568681796363,-23.71853666971445,0.03333333333333333
169.8571757229031,-24.066539021930442,0.03333333333333333
169.83124268458158,-24.031255079305204,0.03333333333333333
168.6331845705896,-23.75911537402833,0.03333333333333333
169.2422592171568,-23.68411169329205,0.03333333333333333
171.58767923538338,-23.997164657127552,0.03333333333333333
170.56118682477117,-23.936435155202442,0.03333333333333333
172.0201157160875,-24.93627212606232,0.03333333333333333
172.39240723207385,-24.777518733865605,0.03333333333333333
172.19563399598306,-24.57104045654253,0.03333333333333333
172.7358716810738,-23.577013313702327,0.03333333333333333
173.38352938161083,-24.343015588127564,0.03333333333333333
174.07274181938567,-24.15161458853064,0.03333333333333333
209.91005901269574,1.6747110616239904,0.03333333333333333
208.553612766472,1.816309749136056,0.03333333333333333
208.72609838140025,1.7570726036312008,0.03333333333333333
207.42583046986286,-2.199743232705236,0.03333333333333333
208.0162602836453,-2.122849268399833,0.03333333333333333
208.0176716348379,-2.1302616063806163,0.03333333333333333
209.3753056578172,-2.719382887125445,0.03333333333333333
209.22284977849117,-2.647844687664313,0.03333333333333333
208.88961858470063,-2.485404525733912,0.03333333333333333
209.90571774859032,-2.0527375074581635,0.03333333333333333
205.623631694558,-4.618809234432572,0.03333333333333333
204.5142167578825,-4.542983526725718,0.03333333333333333
204.4234885087912,-4.215697341199003,0.03333333333333333
207.15061016390962,-3.8060120107644337,0.03333333333333333
207.14187274720803,-4.785838995099712,0.03333333333333333
207.95660184745404,-4.749047848537462,0.03333333333333333
207.92816165505369,-4.737935337452452,0.03333333333333333
207.7554788076968,-4.389821903551168,0.03333333333333333
209.5342017641191,-4.697505376010192,0.03333333333333333
209.3601250761056,-3.4817456603410424,0.03333333333333333
209.91020108630082,-3.7862047422475062,0.03333333333333333
207.36644073476063,-6.088572633540756,0.03333333333333333
207.98214745053195,-6.069530916925492,0.03333333333333333
207.92815255042453,-4.738042994094761,0.03333333333333333
207.97110798587545,-4.725318881113823,0.03333333333333333
208.59029881175945,-6.139928337268149,0.03333333333333333
208.87938229500114,-6.137803320764282,0.03333333333333333
208.01770404191532,-6.065461031771168,0.03333333333333333
209.26799076523255,-6.019099453280302,0.03333333333333333
208.9444963798053,-6.011323983078443,0.03333333333333333
208.9430082821584,-6.010615316628543,0.03333333333333333
208.9378070712293,-5.998135919595174,0.03333333333333333
208.93831665584045,-5.995720123682302,0.03333333333333333
208.93941167819,-6.0044269690496535,0.03333333333333333
208.89159973272297,-5.971399339776447,0.03333333333333333
208.67049847974582,-5.637732928678055,0.03333333333333333
209.32397828598442,-5.515851722394692,0.03333333333333333
207.92823879653716,-4.7380332280730215,0.03333333333333333
208.431493784819,-4.787717898752359,0.03333333333333333
210.7146324973245,-6.103536990697267,0.03333333333333333
210.6888577089241,-6.0873363149140935,0.03333333333333333
209.3240001489177,-5.515808811066939,0.03333333333333333
210.70794581325802,-5.117068779749916,0.03333333333333333
210.10047212140182,-4.9299291028932535,0.03333333333333333
203.89298010026508,-7.4180529234641694,0.03333333333333333
203.51434179012745,-6.9179054473118935,0.03333333333333333
203.28849122087243,-6.8987532472705215,0.03333333333333333
203.7898668254591,-6.8779114506621575,0.03333333333333333
203.88517666247714,-6.351780451312772,0.03333333333333333
203.88525541697712,-6.340551372734046,0.03333333333333333
206.6200973445815,-7.464502625806648,0.03333333333333333
205.2707900815086,-7.018268794365892,0.03333333333333333
207.48806069431092,-6.803381365444545,0.03333333333333333
207.97796379090144,-6.549481101548543,0.03333333333333333
207.9735607188505,-6.1742256348331415,0.03333333333333333
207.2145635029708,-6.340651549169843,0.03333333333333333
208.6401787411925,-6.484629213872986,0.03333333333333333
207.92597049846958,-6.278840811158812,0.03333333333333333
210.56661529462542,-7.4888338291945065,0.03333333333333333
209.86729156576249,-6.4495204194426226,0.03333333333333333
210.6888536278368,-6.0874388745998775,0.03333333333333333
201.9293794003032,-8.653288121291096,0.03333333333333333
201.56363333305438,-8.330754801221937,0.03333333333333333
201.16360171355046,-8.264535710737151,0.03333333333333333
200.5873594362175,-8.241089054139934,0.03333333333333333
202.99741269263657,-8.833321628210976,0.03333333333333333
202.2777698052908,-8.76586384728883,0.03333333333333333
204.5387871620715,-7.426120376140027,0.03333333333333333
206.00285320579854,-8.29970223379064,0.03333333333333333
205.8897186019539,-8.242503312912612,0.03333333333333333
207.3412168342179,-7.426782277660759,0.03333333333333333
208.42507932884112,-8.84272077176926,0.03333333333333333
207.65320205112133,-8.630211675960405,0.03333333333333333
208.49274243777592,-7.938592035541721,0.03333333333333333
208.15080566492625,-7.8845279067286675,0.03333333333333333
208.79114603868092,-8.52279498289425,0.03333333333333333
209.12644743906003,-7.714601999767432,0.03333333333333333
208.98636437751,-7.484169668205747,0.03333333333333333
209.60385029804507,-7.6939155613819326,0.03333333333333333
200.33657523401703,-10.073723106097312,0.03333333333333333
200.1598915735296,-9.877917311450274,0.03333333333333333
200.6505061724764,-9.809287972883546,0.03333333333333333
200.82688391872128,-9.6465372208916,0.03333333333333333
200.17597671370288,-9.49135534610824,0.03333333333333333
200.5002879359172,-9.292240300921328,0.03333333333333333
201.32062533349202,-9.260333063493476,0.03333333333333333
200.52501472859188,-8.779836440107228,0.03333333333333333
199.91077842617105,-8.785349643767757,0.03333333333333333
202.5754308237648,-10.058336673982279,0.03333333333333333
202.5761123783064,-10.052743371829793,0.03333333333333333
202.700078033224,-9.862630284331392,0.03333333333333333
201.8111287143153,-9.406047415131619,0.03333333333333333
202.6964481492004,-9.404781810879022,0.03333333333333333
202.4239576499793,-8.77853420596282,0.03333333333333333
203.9807835874916,-9.997010668570802,0.03333333333333333
203.8032860856454,-9.445093119789565,0.03333333333333333
203.75028004840956,-8.776318499832712,0.03333333333333333
204.55322885348232,-9.803488387773859,0.03333333333333333
204.53387275998298,-9.795342616397779,0.03333333333333333
204.5439608298069,-9.791411028707943,0.03333333333333333
206.65349154506416,-9.859981774886217,0.03333333333333333
205.41215287082662,-9.293634932913118,0.03333333333333333
