ra,dec,sep
3.898110576074378,0.8989176411595012,0.03333333333333333
4.718999055532112,0.9031088008100095,0.03333333333333333
4.2683319279752165,0.9346328006428696,0.03333333333333333
4.36555053346315,1.0491831700513166,0.03333333333333333
4.117681731557023,1.1338942388667368,0.03333333333333333
4.917646791908225,-0.9099503373848068,0.03333333333333333
5.785272569549828,0.04433301190956599,0.03333333333333333
6.102109919225931,0.3116896078359163,0.03333333333333333
6.961422444760045,-1.203471768586968,0.03333333333333333
6.960771573048032,-1.2010433855462228,0.03333333333333333
6.953745947450254,-1.1993357917239371,0.03333333333333333
6.806877344755183,-1.1714110199115697,0.03333333333333333
7.355350859656067,-0.9294596707996096,0.03333333333333333
7.464354807727702,0.7000037288417243,0.03333333333333333
7.4504526564622,0.7343508918428043,0.03333333333333333
6.590188657852831,0.7546589596510511,0.03333333333333333
7.281217717591832,1.1684418457831247,0.03333333333333333
8.035561688713287,-0.8843461346218345,0.03333333333333333
9.10579672267925,-0.4853030603908992,0.03333333333333333
9.216062314263484,0.2557188202296981,0.03333333333333333
8.941080203860542,0.3849934246315855,0.03333333333333333
8.178072183921541,0.5197450140043085,0.03333333333333333
9.213120862643693,0.7400370325735289,0.03333333333333333
7.933432371538122,1.4027142702409403,0.03333333333333333
7.9347843814075505,1.402774842438102,0.03333333333333333
9.747289111980264,-0.714454350224955,0.03333333333333333
10.634997906227998,0.2258682388415132,0.03333333333333333
9.4213937498701,0.5555554739851708,0.03333333333333333
10.631626709604415,0.6757531585357999,0.03333333333333333
10.629643245110152,1.0125970343779196,0.03333333333333333
11.15117964058793,-0.985504214526249,0.03333333333333333
10.862117427427016,-0.12771504002324294,0.03333333333333333
10.682789961127495,1.283933341653539,0.03333333333333333
12.655586812737852,0.03589671407496566,0.03333333333333333
12.32716144605164,1.2191920530524625,0.03333333333333333
13.432315634808461,1.363190953245345,0.03333333333333333
13.564745864622545,-1.0822213962934328,0.03333333333333333
14.30251703197933,-0.3660285011264473,0.03333333333333333
16.05775922175709,-1.264431931617225,0.03333333333333333
15.901621012754958,-0.9191165595206996,0.03333333333333333
16.162616356758964,-0.7884702478863361,0.03333333333333333
16.221220901652366,-0.5482302050974938,0.03333333333333333
15.911497722452989,-0.4938939587929525,0.03333333333333333
15.696585421238089,0.04157397017708138,0.03333333333333333
15.813835310700355,0.4523103092885955,0.03333333333333333
15.685880004626027,1.4440507456762042,0.03333333333333333
17.35815775854618,-0.6275003706886488,0.03333333333333333
16.77312563028888,0.1024885367041135,0.03333333333333333
16.952571807415076,0.7482365853106138,0.03333333333333333
17.327334577237963,0.90539845012828,0.03333333333333333
16.74555738353547,1.0772660282004771,0.03333333333333333
17.242995026203268,1.3925796570239284,0.03333333333333333
17.28310789223492,1.12097992550518,0.03333333333333333
17.166888850391654,1.3546421671112674,0.03333333333333333
18.210074463822966,-1.1429001402517067,0.03333333333333333
18.95922783715605,-0.9901944153757706,0.03333333333333333
18.88677017543334,-0.8666951327648301,0.03333333333333333
18.891935150834176,-0.8539125584538158,0.03333333333333333
18.88406058733384,-0.8511384559664747,0.03333333333333333
18.425637801757887,-0.6397553995676272,0.03333333333333333
17.701518161850167,-0.031917010262474316,0.03333333333333333
18.92575064401607,0.3834537397700357,0.03333333333333333
18.24602245018967,0.9676096537891121,0.03333333333333333
18.235049957210048,0.9587879588194521,0.03333333333333333
18.196372871075113,0.989411781737996,0.03333333333333333
18.251204056428982,0.9757815367466852,0.03333333333333333
19.342231000919725,-1.1675891757215202,0.03333333333333333
20.294736533982626,-0.8436434200227299,0.03333333333333333
19.776138857024613,-0.13529635736833387,0.03333333333333333
19.77304902665556,-0.1365991653285968,0.03333333333333333
20.34183148819194,0.08829535070929251,0.03333333333333333
19.623433609428748,0.7637166618270906,0.03333333333333333
19.44336166789888,0.9365043907604688,0.03333333333333333
20.188414526993338,1.4465196738321655,0.03333333333333333
20.285826613159767,1.3692481910765686,0.03333333333333333
20.285734906537755,1.3672338011119711,0.03333333333333333
21.68421150354865,-1.3091611465712718,0.03333333333333333
21.872962865794406,-0.748467744959777,0.03333333333333333
21.850169670028723,0.04788712162571308,0.03333333333333333
21.590794076653616,-0.1686761965141472,0.03333333333333333
21.828421037645068,0.13510503417031888,0.03333333333333333
21.310595645130388,0.14147278014389525,0.03333333333333333
21.970581463960194,0.6380954718040047,0.03333333333333333
20.554715548556853,0.9503867038965359,0.03333333333333333
20.557123025284213,0.9544690065505492,0.03333333333333333
20.554591958405847,0.960509596942372,0.03333333333333333
21.612608797820567,0.9810769034670448,0.03333333333333333
22.489512812153592,-1.3733453462063552,0.03333333333333333
22.28767526640292,-1.3637159023593324,0.03333333333333333
22.926588085464807,0.04258721365526336,0.03333333333333333
22.432308478632155,1.4308045033791483,0.03333333333333333
24.25711171764453,-1.3497465276851617,0.03333333333333333
23.95909018322206,-0.8399423602018016,0.03333333333333333
23.71683084070477,-0.6486782673628352,0.03333333333333333
24.41766038264225,0.7305885323298029,0.03333333333333333
25.187565632516517,-0.7498107583172872,0.03333333333333333
26.13507341561136,-0.1987963413971185,0.03333333333333333
25.356825250752788,0.1321647769641862,0.03333333333333333
24.96278284387999,0.42722178926433024,0.03333333333333333
25.202853332090353,0.9069634540460826,0.03333333333333333
25.4738146644513,1.442887428353749,0.03333333333333333
27.02603800602231,-0.4782147764500624,0.03333333333333333
26.761995110841983,-0.2301026977334649,0.03333333333333333
26.76433837654571,0.026937030274617968,0.03333333333333333
26.72873611812714,1.4392232703461254,0.03333333333333333
26.67062019540625,1.4384483981149818,0.03333333333333333
28.861956145989012,0.10438102179931794,0.03333333333333333
28.382712021955317,0.3813754396509161,0.03333333333333333
28.53861595248377,0.4459129033998668,0.03333333333333333
28.722267285007426,0.6800679145599141,0.03333333333333333
28.744764823129398,1.4400048047229184,0.03333333333333333
28.22438750331201,1.2043017183289575,0.03333333333333333
30.47225302341375,-0.6011352483008646,0.03333333333333333
30.44021195789529,0.012122986464338629,0.03333333333333333
29.539245230792336,-0.11090384464726573,0.03333333333333333
29.89784479360552,0.06707307056718577,0.03333333333333333
30.105854148548683,0.4879895823228443,0.03333333333333333
29.267934030132622,0.7845539976863238,0.03333333333333333
29.61970676795092,1.0780490788386428,0.03333333333333333
30.82635650225573,-0.6453821829178765,0.03333333333333333
31.06663691108386,0.032985210399089006,0.03333333333333333
30.50024764581404,-0.15588560513530106,0.03333333333333333
31.01398944574882,0.565890668297603,0.03333333333333333
32.341663797117576,-0.9153964683450352,0.03333333333333333
32.11278143734105,-0.8688706450161886,0.03333333333333333
33.24732893379955,0.2303940824825076,0.03333333333333333
33.14335456235507,0.4117715370631744,0.03333333333333333
32.78967648155817,1.2310197090235793,0.03333333333333333
34.58731105643968,-1.3142656345945172,0.03333333333333333
34.07162177605453,-1.17963313592842,0.03333333333333333
34.543835265892945,-1.0297901208560476,0.03333333333333333
33.87092614743144,-0.8874609989930496,0.03333333333333333
33.24735987740884,0.2304187731993025,0.03333333333333333
34.65203578244378,0.32159969365965474,0.03333333333333333
35.08542027278419,0.03589259924764337,0.03333333333333333
35.5667567505806,0.028822397629808087,0.03333333333333333
35.42353239253609,0.025868220715283784,0.03333333333333333
36.07140219729569,0.10724100290268007,0.03333333333333333
37.12304629444717,-1.146708527085732,0.03333333333333333
36.37884288953809,-0.8353138394540365,0.03333333333333333
37.482964120155046,-0.6226736513355201,0.03333333333333333
36.810298522964494,1.0934074799976583,0.03333333333333333
36.83039522616293,1.025612852538597,0.03333333333333333
36.89716623846276,1.40956531462828,0.03333333333333333
37.59970670687598,-1.2672872500408137,0.03333333333333333
38.2057384977626,0.0077251718230375325,0.03333333333333333
38.19576335572484,0.05263314746103676,0.03333333333333333
38.523334698710585,0.9014534063019336,0.03333333333333333
39.70933560910328,-1.3714779449834316,0.03333333333333333
39.71534912295283,0.03322995695950225,0.03333333333333333
39.17346232031733,-0.01840942102202753,0.03333333333333333
38.89499387046935,-0.2148317153154261,0.03333333333333333
39.78660129735098,0.04350723018668217,0.03333333333333333
39.00429454433953,0.4171800798497762,0.03333333333333333
40.81773956917264,-1.2660443017659364,0.03333333333333333
40.64544751601221,-1.0644227483678184,0.03333333333333333
40.58875770358495,-0.7219302965390709,0.03333333333333333
41.3937436997922,0.046614055267785316,0.03333333333333333
41.178835302499316,0.04087059421424236,0.03333333333333333
41.62645113638281,-0.2421830256928586,0.03333333333333333
41.6593325780574,-0.24316318084442026,0.03333333333333333
41.625167635886825,-0.24526449690417604,0.03333333333333333
41.08490113689615,0.6747792541231726,0.03333333333333333
41.64367489402453,1.4502522758658356,0.03333333333333333
40.93345896551026,1.3779211213547329,0.03333333333333333
41.19324911597955,1.4376712838600632,0.03333333333333333
40.9107645013782,1.4017665887895092,0.03333333333333333
40.940106604495156,1.3859340012068206,0.03333333333333333
40.94567354830121,1.3799188287448487,0.03333333333333333
40.89507772422855,1.399304556484244,0.03333333333333333
40.92809118446975,1.3595621460159046,0.03333333333333333
41.853460080298746,-1.3481438212132906,0.03333333333333333
42.962242114896405,-1.1801268136804175,0.03333333333333333
43.21668023139433,-0.3698979850578264,0.03333333333333333
42.75267977777988,0.28537351158432817,0.03333333333333333
44.377983246414544,-1.3478759056631353,0.03333333333333333
43.37624311816187,-0.7914841048787871,0.03333333333333333
44.009594196144114,0.04385232263255397,0.03333333333333333
43.5908367962737,-0.30238763664125184,0.03333333333333333
43.51953349578218,0.4140327723195526,0.03333333333333333
44.10549886585857,0.5748223254603584,0.03333333333333333
44.118458575759135,0.6078355659352473,0.03333333333333333
45.265533171356964,-0.7458009414301933,0.03333333333333333
45.26211113303914,-0.7398043239325977,0.03333333333333333
44.98793199427696,1.4339766423729978,0.03333333333333333
45.56201478475683,1.440512422949909,0.03333333333333333
46.11427486268706,-0.5940396367579688,0.03333333333333333
47.41416698838997,0.08392679638785082,0.03333333333333333
46.989799929865725,0.12001736947822107,0.03333333333333333
46.815016864248534,0.7312750476021798,0.03333333333333333
47.404356932892405,0.9402572632536526,0.03333333333333333
45.99795607976692,1.1540679276997874,0.03333333333333333
47.87373270347458,-0.2837361426333073,0.03333333333333333
48.243153598522454,-0.08156564307833898,0.03333333333333333
48.61771428658175,0.7519402356960914,0.03333333333333333
48.88425547836918,1.412817301824894,0.03333333333333333
50.1186980865654,-1.3196402489222163,0.03333333333333333
49.075050498123595,-0.5069279648561904,0.03333333333333333
49.68820265523018,-0.3125867996899616,0.03333333333333333
50.31999185651895,0.14328993804038767,0.03333333333333333
51.7299475008684,-0.3167788522498016,0.03333333333333333
50.687077455609156,0.7450965554947673,0.03333333333333333
50.23728938624539,1.1712359127160608,0.03333333333333333
53.109524328816136,-1.1905549158813071,0.03333333333333333
53.153586210250005,-1.0259230259850036,0.03333333333333333
53.02645909845321,0.012075351320298154,0.03333333333333333
52.889091716852505,-0.2536912627567203,0.03333333333333333
53.14872293805281,1.1307404301546549,0.03333333333333333
53.88263985564855,-1.3705875974189836,0.03333333333333333
53.541591353414624,-1.2562069029523055,0.03333333333333333
53.5457522472739,-1.2185564854678153,0.03333333333333333
53.109588105741736,-1.190642242028551,0.03333333333333333
53.74365145217437,-0.12885171154684322,0.03333333333333333
54.16255726658193,-0.24087414680996136,0.03333333333333333
53.29200160558987,0.14699195094421486,0.03333333333333333
53.38077827143504,0.9754159933830268,0.03333333333333333
55.330000607668154,-1.3681405986694464,0.03333333333333333
54.965254573195494,-0.8473854945976225,0.03333333333333333
55.405898465896904,-0.6870331046114456,0.03333333333333333
55.7403540517535,-0.527542611735611,0.03333333333333333
55.319592292483776,0.02877412108741432,0.03333333333333333
55.91395322922739,0.38257948544907777,0.03333333333333333
55.35570706937589,0.4295265182126321,0.03333333333333333
54.58960430404596,0.5184971700047292,0.03333333333333333
55.9110017079765,0.6350722885309896,0.03333333333333333
56.85238267402882,-1.1367294673044177,0.03333333333333333
57.328929708635705,-1.0125837356215914,0.03333333333333333
56.11880807282637,-0.6931042608726868,0.03333333333333333
56.03437204036832,-0.5182824235374773,0.03333333333333333
58.57340381954082,-1.3679617131499084,0.03333333333333333
57.77028133417981,-0.5462868202155821,0.03333333333333333
58.72700037334351,1.4126982498179552,0.03333333333333333
58.570787185776794,1.4125924358016346,0.03333333333333333
59.49134677455187,-1.3710543952283427,0.03333333333333333
60.15488598915785,-0.33013767015393697,0.03333333333333333
58.85339003669314,-0.2569109162250701,0.03333333333333333
59.38881157144212,-0.011977335804768865,0.03333333333333333
59.919161803913966,1.38909076208475,0.03333333333333333
299.73992350110746,-1.3797559845279366,0.03333333333333333
299.7947388071485,-1.3795427291844318,0.03333333333333333
299.8275437875175,-1.3793643292768438,0.03333333333333333
299.91589883649084,-1.3787981984411075,0.03333333333333333
300.0289662072845,-1.3779447872833908,0.03333333333333333
300.37670996783265,-1.374749890259093,0.03333333333333333
300.5125624515558,-1.3714006198296198,0.03333333333333333
300.4660585238118,-1.3707985830393066,0.03333333333333333
300.76099598895667,-1.3699661862808623,0.03333333333333333
300.7719979423747,-1.3696684017911094,0.03333333333333333
300.8038311465869,-1.369420132031431,0.03333333333333333
300.87685282482016,-1.3683355695526682,0.03333333333333333
300.56188429044533,-1.3679273245528103,0.03333333333333333
300.7395887191094,-1.3660906182395889,0.03333333333333333
301.1048195408995,-1.3643529282263127,0.03333333333333333
300.9427441472671,-1.3427937508751195,0.03333333333333333
300.8310730340401,-1.334819662474663,0.03333333333333333
300.64303509752006,-1.3304909618287395,0.03333333333333333
300.9612800421787,-1.3151095016448642,0.03333333333333333
301.08929104391405,-1.3056197133948604,0.03333333333333333
300.6536345230361,-1.3018927853239446,0.03333333333333333
300.85430364360064,-1.2948130217185188,0.03333333333333333
300.9744218585411,-1.291154282720932,0.03333333333333333
300.57694874602373,-1.270540218992288,0.03333333333333333
300.63736562932394,-1.267140943136703,0.03333333333333333
300.01894121251166,-1.264771734855611,0.03333333333333333
300.5874363424582,-1.2566342135885051,0.03333333333333333
300.4853579778547,-1.2558839679053844,0.03333333333333333
300.89267931618235,-1.2375016752944077,0.03333333333333333
300.52900157948625,-1.2372227107352172,0.03333333333333333
300.61414441977746,-1.2368299017558062,0.03333333333333333
300.9782263119157,-1.2367036554915678,0.03333333333333333
300.6791098138247,-1.22933430482337,0.03333333333333333
300.9235089333771,-1.2291062938133486,0.03333333333333333
300.70389553411445,-1.2309099607798508,0.03333333333333333
300.6434876861641,-1.2175676445993135,0.03333333333333333
301.03381586152443,-1.2027535216472218,0.03333333333333333
300.7681798839308,-1.2021410853726064,0.03333333333333333
300.7162519702045,-1.1822603099746127,0.03333333333333333
300.96092870560415,-1.1809695969690952,0.03333333333333333
301.0903281997801,-1.1643512332735113,0.03333333333333333
300.9209225068049,-1.1620702473604354,0.03333333333333333
299.7010952712052,-1.1584450018945502,0.03333333333333333
300.4459958051778,-1.1494977993682556,0.03333333333333333
300.77423636341257,-1.1469934470973615,0.03333333333333333
300.4605209886979,-1.1424319602219188,0.03333333333333333
300.57072899525934,-1.141785912257191,0.03333333333333333
300.35450656794086,-1.1290647631130943,0.03333333333333333
300.83626390516963,-1.095619648448013,0.03333333333333333
300.7728770906872,-1.0909794259911765,0.03333333333333333
300.6017196760065,-1.0719885508058993,0.03333333333333333
300.7064619593417,-1.0676057376710528,0.03333333333333333
300.97766551546886,-1.0484429218897071,0.03333333333333333
300.7653543172148,-1.0486175946973924,0.03333333333333333
300.65238151789384,-1.0356820370276802,0.03333333333333333
300.4977012075009,-1.0320366189104209,0.03333333333333333
300.2560289690224,-1.0284662506600273,0.03333333333333333
300.59744174180315,-1.0239949752485058,0.03333333333333333
300.48288513430117,-1.0216933687503902,0.03333333333333333
300.672317897485,-1.0210299230408957,0.03333333333333333
300.7630570685044,-1.0204839564443626,0.03333333333333333
300.4592936679705,-1.015795399725241,0.03333333333333333
300.64942424158414,-1.015069383043442,0.03333333333333333
300.7582898968414,-1.0142376066228564,0.03333333333333333
300.379134513446,-1.0101309952426685,0.03333333333333333
301.02720905436354,-1.0080194552239163,0.03333333333333333
300.75555323564896,-1.0045231583720922,0.03333333333333333
300.3942828411246,-0.9973834064578252,0.03333333333333333
300.55778211463905,-0.9933824797925896,0.03333333333333333
300.5539726243363,-0.9726789801845336,0.03333333333333333
300.9736936879565,-0.9648139292658924,0.03333333333333333
301.0117267676377,-0.9643578375923832,0.03333333333333333
300.554007229924,-0.9609927845192672,0.03333333333333333
300.33951740205924,-0.9573535591691308,0.03333333333333333
300.64977476983324,-0.9555968693338016,0.03333333333333333
300.89075779222196,-0.9484469573142259,0.03333333333333333
300.6247796745636,-0.9444335952327156,0.03333333333333333
300.66103409001215,-0.9435619987121324,0.03333333333333333
300.8073773080856,-0.9330762122692738,0.03333333333333333
300.87395274767965,-0.931270391636331,0.03333333333333333
300.51370290246916,-0.9262179367978192,0.03333333333333333
300.3804002228328,-0.9247625740613352,0.03333333333333333
301.037399196479,-0.9291907645765066,0.03333333333333333
300.95696457886106,-0.9153255779584012,0.03333333333333333
301.09935316675814,-0.9145196472916239,0.03333333333333333
300.7415434184613,-0.9073958217726512,0.03333333333333333
300.83801389638063,-0.9048615187548884,0.03333333333333333
300.7911266759232,-0.9011165357216862,0.03333333333333333
300.47671325334875,-0.9005126301870663,0.03333333333333333
300.44105790811795,-0.8990435028448489,0.03333333333333333
300.7191560874158,-0.8891851040883695,0.03333333333333333
300.70924323304365,-0.8810247150839259,0.03333333333333333
300.46627132760085,-0.8769196018480083,0.03333333333333333
300.99256789595796,-0.8742708273042517,0.03333333333333333
301.00316062917284,-0.8726337820835302,0.03333333333333333
300.9612499164703,-0.8724162374033542,0.03333333333333333
300.54177586151536,-0.8682708156520874,0.03333333333333333
300.4152951827092,-0.8616397939909709,0.03333333333333333
300.88091667560474,-0.8554069667731802,0.03333333333333333
300.7805002309601,-0.8440518996924041,0.03333333333333333
300.34746784530466,-0.8327995322681804,0.03333333333333333
300.90054686565065,-0.8279204392408777,0.03333333333333333
301.07087530464827,-0.8231162717722175,0.03333333333333333
300.6793933080272,-0.8210620245281813,0.03333333333333333
301.0903589453509,-0.8120354368846671,0.03333333333333333
300.72900939746984,-0.8017967714649751,0.03333333333333333
300.75308663147524,-0.8007982305812696,0.03333333333333333
300.38904250959723,-0.7921429011787009,0.03333333333333333
300.842986036292,-0.7901858627197321,0.03333333333333333
301.05848915632765,-0.7894354201323245,0.03333333333333333
300.65803382602064,-0.7868721367067263,0.03333333333333333
300.79625004170805,-0.777466812660329,0.03333333333333333
300.5139312120695,-0.7653777572551057,0.03333333333333333
300.44043556076014,-0.7636510883965889,0.03333333333333333
300.509185263204,-0.7600712996792519,0.03333333333333333
300.75898895265584,-0.7308055457675932,0.03333333333333333
300.834235378912,-0.7282687033002025,0.03333333333333333
300.69476250090196,-0.7275643768881855,0.03333333333333333
300.6175182645701,-0.7282117978666387,0.03333333333333333
300.4933328008632,-0.7181337688882885,0.03333333333333333
301.0879763270618,-0.7699196097295288,0.03333333333333333
300.63465235097743,-0.6934661479185033,0.03333333333333333
300.244027384038,-0.6891641120429892,0.03333333333333333
300.9063070945611,-0.6848696379607413,0.03333333333333333
300.9605490205722,-0.6831284175060645,0.03333333333333333
300.6631992357468,-0.6801287128566702,0.03333333333333333
300.7004467501665,-0.6797433140432525,0.03333333333333333
301.0172117127776,-0.6671614444200044,0.03333333333333333
300.52736051053324,-0.6531714024027886,0.03333333333333333
300.44048523845015,-0.6527507929325207,0.03333333333333333
300.54655035618936,-0.6516693937529752,0.03333333333333333
300.4762507394965,-0.6481637720901623,0.03333333333333333
300.1168452234563,-0.6458970186402923,0.03333333333333333
301.0434039863222,-0.6344083136117844,0.03333333333333333
299.68779124299687,-0.6196135792603708,0.03333333333333333
300.5492434495286,-0.615103477688097,0.03333333333333333
300.497074867526,-0.6095953312756764,0.03333333333333333
301.06639023416665,-0.6044387725908242,0.03333333333333333
300.7218069970037,-0.5925687079015501,0.03333333333333333
300.76328596719037,-0.5883612438082033,0.03333333333333333
299.6871423338493,-0.5771597310998721,0.03333333333333333
300.4731609116636,-0.5717400206425964,0.03333333333333333
300.8581586383765,-0.557407535828755,0.03333333333333333
300.47926136904374,-0.538705441830552,0.03333333333333333
300.6121502792213,-0.5380759361091475,0.03333333333333333
300.86624776896724,-0.5375185128885146,0.03333333333333333
300.9081267655368,-0.5331766050948025,0.03333333333333333
301.06393457982733,-0.5225457890557925,0.03333333333333333
300.48937401966765,-0.5016673714113602,0.03333333333333333
300.1476436038455,-0.4968244088863806,0.03333333333333333
300.76249460883173,-0.4874824927414221,0.03333333333333333
300.68802573289025,-0.4860571446994277,0.03333333333333333
300.60246367004675,-0.4814993133932152,0.03333333333333333
301.00092753249487,-0.46802040774246606,0.03333333333333333
300.97716348218137,-0.4665628916501697,0.03333333333333333
300.7251370249657,-0.4592865230102173,0.03333333333333333
300.7531771204898,-0.4579719918036382,0.03333333333333333
300.9460712399235,-0.4524381272601246,0.03333333333333333
300.8816612177946,-0.4445890512196623,0.03333333333333333
301.10165275992904,-0.4444036662885201,0.03333333333333333
300.7419017984564,-0.4429106656012788,0.03333333333333333
300.4845526039875,-0.4406340779054679,0.03333333333333333
300.9093990537695,-0.4371211332123142,0.03333333333333333
300.50231994784593,-0.4268802915591077,0.03333333333333333
301.0578923080877,-0.4264449393478609,0.03333333333333333
300.81311899614775,-0.4286521085390466,0.03333333333333333
300.08263672227287,-0.4245508769383705,0.03333333333333333
300.30372669039843,-0.4152987241363961,0.03333333333333333
300.99423014589166,-0.41252596085091664,0.03333333333333333
299.7812045270147,-0.4104396710698023,0.03333333333333333
300.61160201730263,-0.39686244249203456,0.03333333333333333
300.80436901017555,-0.3951748608113421,0.03333333333333333
301.0697180983808,-0.3916458511336491,0.03333333333333333
300.465681866949,-0.3706136637999566,0.03333333333333333
300.4420405667223,-0.36526595991464295,0.03333333333333333
300.45371405010593,-0.3472737139953057,0.03333333333333333
301.01715678782523,-0.3444548828879041,0.03333333333333333
301.0933295579444,-0.33827675132598506,0.03333333333333333
300.790406287612,-0.3242608769391735,0.03333333333333333
300.75937821365494,-0.3159401996782511,0.03333333333333333
301.04942100621037,-0.3066256142545481,0.03333333333333333
300.6791679289131,-0.2997714707131711,0.03333333333333333
300.70399106684516,-0.2993999949360969,0.03333333333333333
300.78855672275705,-0.2810500001543988,0.03333333333333333
300.9414186535385,-0.27432120850448105,0.03333333333333333
300.6266862849461,-0.2724197135741071,0.03333333333333333
300.71451890184653,-0.2655443256611543,0.03333333333333333
300.98719162311147,-0.24896957134445385,0.03333333333333333
300.4498553453062,-0.2459319204266004,0.03333333333333333
300.7534094098952,-0.2412854748687461,0.03333333333333333
301.01515641433997,-0.23359275577204186,0.03333333333333333
300.9444217399615,-0.22289933411527754,0.03333333333333333
300.63123968417506,-0.2223250752796223,0.03333333333333333
300.66417466355625,-0.20731804015839506,0.03333333333333333
300.499653135281,-0.20698757370280266,0.03333333333333333
300.5461225819046,-0.20340096878197925,0.03333333333333333
300.7445176633354,-0.1993519367742929,0.03333333333333333
300.4677752316199,-0.1944483090681302,0.03333333333333333
300.99409890466086,-0.18702470403928492,0.03333333333333333
300.6807375563228,-0.18393321941710092,0.03333333333333333
300.85378195993917,-0.1836890282250658,0.03333333333333333
300.54701416403867,-0.1721337477726667,0.03333333333333333
300.83036058877764,-0.15310167691189105,0.03333333333333333
300.5356881183024,-0.1463080527230391,0.03333333333333333
300.49186158047405,-0.14477337216783975,0.03333333333333333
300.8883961992035,-0.14328549351979109,0.03333333333333333
300.6668545005278,-0.13973709064344814,0.03333333333333333
300.67613285557564,-0.13339308685068366,0.03333333333333333
300.61558424060024,-0.12906437410816193,0.03333333333333333
301.0443370740661,-0.1170764144726694,0.03333333333333333
300.9491544229017,-0.10850584128906596,0.03333333333333333
300.9250476022714,-0.09766409217814727,0.03333333333333333
300.9258053111833,-0.09738102441313327,0.03333333333333333
300.7173450590062,-0.0973610993087748,0.03333333333333333
301.06894757609064,-0.0910079704680342,0.03333333333333333
300.62815680210974,-0.08844635601453506,0.03333333333333333
300.5526841317996,-0.07309581793719086,0.03333333333333333
301.072935856011,-0.07572436365865093,0.03333333333333333
300.65237407525865,-0.07992472220031674,0.03333333333333333
301.04897567374724,0.039275392402524416,0.03333333333333333
300.4148766255612,-0.08578102795834963,0.03333333333333333
300.70204298261416,0.02543974242568878,0.03333333333333333
300.97398694927034,0.021361036276899368,0.03333333333333333
300.9968838309992,0.02156124041816731,0.03333333333333333
300.8649920686261,0.00818923759344248,0.03333333333333333
300.5202331728005,0.0026424843096352147,0.03333333333333333
300.4931157814824,-0.031493515971251065,0.03333333333333333
300.55412350587346,-0.017295831410615796,0.03333333333333333
300.64292717035755,-0.013839907961218962,0.03333333333333333
300.9247474438008,0.005964981982568165,0.03333333333333333
300.451869366982,-0.042718828483491934,0.03333333333333333
300.9866649758775,-0.03248878332884112,0.03333333333333333
300.8274404631888,-0.05199965839411034,0.03333333333333333
301.0898396981403,-0.010296406243372106,0.03333333333333333
301.0912420442201,-0.06907722764147736,0.03333333333333333
300.74489411967505,-0.03227127336104293,0.03333333333333333
300.64684693949414,-0.0472236205119119,0.03333333333333333
301.0877061348542,-0.06473365965496643,0.03333333333333333
300.88528205097333,-0.05144225797316476,0.03333333333333333
300.76617182425724,-0.06504774744894885,0.03333333333333333
299.7129913745111,0.017656615438039213,0.03333333333333333
300.3755902750038,0.02264652778248626,0.03333333333333333
301.1084773169871,0.09306041914029113,0.03333333333333333
300.85835160951666,0.4663787999833877,0.03333333333333333
301.092319931151,0.4558423894224351,0.03333333333333333
300.2725675393638,0.6195127141356265,0.03333333333333333
299.7526633003022,0.6806401552763893,0.03333333333333333
301.10319014649275,0.7402769784093381,0.03333333333333333
300.70211090756374,0.8201470298052073,0.03333333333333333
300.4321955778412,0.8217833390436116,0.03333333333333333
299.7386481039212,0.9587274779945268,0.03333333333333333
299.99217250621797,0.9848532680434304,0.03333333333333333
301.0999368975957,1.0207381097961763,0.03333333333333333
300.52737787660845,1.0984499984331606,0.03333333333333333
301.0978215799018,1.1690236776307426,0.03333333333333333
301.09341306951404,1.4464494871073683,0.03333333333333333
300.7758819235343,1.4193387576187326,0.03333333333333333
301.15202538735736,-1.3794151535756085,0.03333333333333333
301.1589531374155,-1.3793453488236769,0.03333333333333333
301.2598185398701,-1.3787300793829262,0.03333333333333333
301.2945222685209,-1.3787094802241977,0.03333333333333333
301.3671722281525,-1.3780135216766731,0.03333333333333333
301.83526709163965,-1.3738293839227391,0.03333333333333333
302.48157146330016,-1.3647558409400151,0.03333333333333333
302.5083164837232,-1.3643237360269638,0.03333333333333333
302.5219260954101,-0.7325537234066479,0.03333333333333333
302.49619737319415,-0.5606820144917712,0.03333333333333333
302.5161085346156,-0.25697553098521,0.03333333333333333
302.5135486127151,-0.10121531828997214,0.03333333333333333
301.5158420759109,0.036006066999358,0.03333333333333333
301.5369649551069,0.0375348712623369,0.03333333333333333
302.1523035463953,0.04225388158494897,0.03333333333333333
301.73975377566984,0.034977982598591265,0.03333333333333333
301.92690584488764,0.030001967215346124,0.03333333333333333
301.5029596255352,0.0958287778820151,0.03333333333333333
301.11423780754615,0.14810153530759565,0.03333333333333333
301.1471969000425,0.38081086806649816,0.03333333333333333
301.11059647492334,0.3867430097020892,0.03333333333333333
301.7168351044441,0.8473563135812865,0.03333333333333333
302.12205830249303,1.0219463945480582,0.03333333333333333
301.6960987172082,1.0496163174278632,0.03333333333333333
302.49767948162554,1.0594431843332242,0.03333333333333333
302.33179848376585,1.1437686784440324,0.03333333333333333
301.3345149229673,1.2628904413309885,0.03333333333333333
301.1008339955924,1.4036930414374031,0.03333333333333333
301.1011510603024,1.3208639826406507,0.03333333333333333
302.1140871330788,1.4404438329168086,0.03333333333333333
301.4936224648898,1.4360889846243383,0.03333333333333333
301.2158967026273,1.4340115484625406,0.03333333333333333
301.16968078045016,1.4331993226864697,0.03333333333333333
301.1534017850392,1.4330039169627071,0.03333333333333333
301.96020881354997,1.4357992517420628,0.03333333333333333
302.6566716859222,-1.379808764245767,0.03333333333333333
303.8048787310255,-1.367223926977588,0.03333333333333333
303.5894289890348,-1.1929006353853842,0.03333333333333333
303.86955726832383,-1.0240134767124895,0.03333333333333333
303.94113570572546,-0.8318492558212386,0.03333333333333333
303.784570416681,-0.596916209641841,0.03333333333333333
303.93735153314435,-0.4917086165074855,0.03333333333333333
303.9366530749006,-0.4404789788958736,0.03333333333333333
303.93601162597264,-0.3925481094443077,0.03333333333333333
303.93342954056175,-0.2036409627189444,0.03333333333333333
302.5186777128435,-0.14863389374955271,0.03333333333333333
303.92788136214295,-0.14178576326050538,0.03333333333333333
302.8750664087883,0.033785016392121635,0.03333333333333333
302.68535856058327,0.02017949848041092,0.03333333333333333
302.84840184496977,0.021315921357835103,0.03333333333333333
303.3208851443478,0.027320159797245017,0.03333333333333333
303.4738170646098,0.027907160043233927,0.03333333333333333
303.41238598998063,0.10847320576169188,0.03333333333333333
302.53236014282857,0.12489664707341552,0.03333333333333333
302.88079001659264,0.12774516647379086,0.03333333333333333
302.5321905501882,0.13526806434056868,0.03333333333333333
302.5321385695795,0.1464731566504074,0.03333333333333333
303.176252539732,0.17591600892467327,0.03333333333333333
303.77864257036254,0.6052806700627759,0.03333333333333333
302.5249661883397,0.6490735133039006,0.03333333333333333
303.55247978977286,0.666620131055657,0.03333333333333333
303.4028420302812,0.8785506339599338,0.03333333333333333
302.95073046932663,0.9567198239429132,0.03333333333333333
303.4354966129182,1.119598178409667,0.03333333333333333
302.5199941177208,1.1577326317705237,0.03333333333333333
302.5196718181627,1.2008568890637386,0.03333333333333333
303.5788279421256,1.2341990966059628,0.03333333333333333
303.42148400318507,1.4408438905344867,0.03333333333333333
302.5183957388124,1.4287070845769785,0.03333333333333333
304.7436368009382,-1.3717241330752612,0.03333333333333333
304.8120471760763,-1.3711416848767832,0.03333333333333333
304.8181629609839,-1.3695239678298212,0.03333333333333333
304.70368080996576,-1.3690061437309242,0.03333333333333333
305.35916033701807,-1.2376226508707189,0.03333333333333333
304.02446900586466,-1.2192169184431287,0.03333333333333333
304.0285224875478,-1.0406357838748015,0.03333333333333333
304.3363652654947,-0.6697150463509344,0.03333333333333333
304.74038196349517,-0.5239931108541409,0.03333333333333333
304.1195735941924,-0.4590345196316975,0.03333333333333333
305.3497499388379,-0.316537592023346,0.03333333333333333
304.7141316755762,-0.2181498156895524,0.03333333333333333
304.6797100587154,-0.14980254679083774,0.03333333333333333
304.90259255164244,0.04646242869035167,0.03333333333333333
305.12594669721227,0.04819660779222769,0.03333333333333333
304.8544207494392,0.04298331080239829,0.03333333333333333
304.4241932042812,0.041337688343307616,0.03333333333333333
305.2986464479016,0.01538383891984026,0.03333333333333333
303.9518315818148,0.023409741761655684,0.03333333333333333
304.9605483696252,0.02821909575157428,0.03333333333333333
304.6675644212312,0.030180778376623894,0.03333333333333333
305.17384679641634,0.03111303636445765,0.03333333333333333
305.0661638826842,0.029420278167347918,0.03333333333333333
305.08640882654123,0.03786709809206477,0.03333333333333333
304.0049123497512,0.05110401911552899,0.03333333333333333
304.9928864708034,0.1226842900778881,0.03333333333333333
305.3237777420785,0.13380472239274413,0.03333333333333333
304.79667532530084,0.14549249443656992,0.03333333333333333
303.9495600153345,0.15920900030638804,0.03333333333333333
304.76058829118637,0.19095395976474056,0.03333333333333333
305.24177254621225,0.3020544712387445,0.03333333333333333
305.2418126741773,0.3718008313326946,0.03333333333333333
304.3368326690573,0.3932348459486687,0.03333333333333333
304.5781084104908,0.41204830422539146,0.03333333333333333
305.2744386560404,0.5152321106381794,0.03333333333333333
303.9418186632888,0.7215782638887273,0.03333333333333333
304.1795466088807,0.7635875487688375,0.03333333333333333
305.08649289936415,0.8584868099533887,0.03333333333333333
305.2753324980457,0.9069134264568433,0.03333333333333333
304.2862942887222,0.921223390821152,0.03333333333333333
303.9897342563092,0.9257836908623001,0.03333333333333333
305.3114476982348,1.0289444462810269,0.03333333333333333
304.8530448566281,1.052499890124836,0.03333333333333333
303.958758789248,1.0865791756540897,0.03333333333333333
304.7666543979853,1.1439244944999871,0.03333333333333333
304.45057593657856,1.4319875878464856,0.03333333333333333
303.9367183856894,1.3234986209860742,0.03333333333333333
304.57101301617814,1.2851424406210503,0.03333333333333333
304.06808121066257,1.2674666474594791,0.03333333333333333
304.2570534946792,1.2543706671950234,0.03333333333333333
305.6556566201292,-1.379255301426233,0.03333333333333333
305.85718378665837,-1.3775427256641417,0.03333333333333333
306.4236931426687,-1.3708953451029295,0.03333333333333333
306.5341121831855,-1.3525319384522059,0.03333333333333333
306.7826580607502,-1.2428284291642158,0.03333333333333333
306.6362681973478,-1.201176258860027,0.03333333333333333
305.9715076178171,-1.0262129573546923,0.03333333333333333
306.1931673744722,-0.9577813742993896,0.03333333333333333
305.58100753461343,-0.8008115651074224,0.03333333333333333
305.43588441741315,-0.7702195866050849,0.03333333333333333
306.77739397116835,-0.6357219920781817,0.03333333333333333
305.9251344476209,-0.018091737530157536,0.03333333333333333
305.48961390595935,-0.011483410904575551,0.03333333333333333
305.8015671892012,-0.011002272945813364,0.03333333333333333
306.2555909181507,-0.008781286208506673,0.03333333333333333
306.29767483417635,-0.008442138353990577,0.03333333333333333
306.3969020591183,-0.0077312310977012124,0.03333333333333333
306.60477215250734,-0.0058407640015042854,0.03333333333333333
306.85328786129827,0.4733613579086422,0.03333333333333333
305.52510601368783,0.8953444996149506,0.03333333333333333
306.8502422028605,0.9574994068652878,0.03333333333333333
306.02295762676204,1.3817924249435831,0.03333333333333333
307.519215740721,-1.0910396108263138,0.03333333333333333
307.7919237277078,-0.7847978810704699,0.03333333333333333
308.26901876987665,-0.7843961914518711,0.03333333333333333
308.26892110705506,-0.7555509052766837,0.03333333333333333
308.26885093910136,-0.7466230285096153,0.03333333333333333
307.61059154064606,-0.6226333157938498,0.03333333333333333
307.42826192304136,-0.5618990426202121,0.03333333333333333
307.1055978411248,-0.3477879203685515,0.03333333333333333
308.22766279897263,-0.23889746384936275,0.03333333333333333
307.41709797554137,0.009027932512792677,0.03333333333333333
307.4612407387985,0.009358653817201494,0.03333333333333333
308.2619948164168,-0.007428425612761976,0.03333333333333333
306.8513878260175,0.104859259897535,0.03333333333333333
307.6766234014388,0.31331190238517603,0.03333333333333333
307.42978432279193,0.7316765496207117,0.03333333333333333
307.7662568382492,0.7963833411304864,0.03333333333333333
307.4094348441724,0.8533821464864362,0.03333333333333333
307.27836910773516,0.9148870344062292,0.03333333333333333
307.54017970852857,0.9470425189894159,0.03333333333333333
307.7543101188572,1.0247653052735697,0.03333333333333333
307.8254725097217,1.4099410797788443,0.03333333333333333
307.61455698348686,1.4089815591111163,0.03333333333333333
307.1604294318309,1.4056032822039142,0.03333333333333333
307.180784810862,1.4057899106174176,0.03333333333333333
307.29616223908874,1.4067209263489666,0.03333333333333333
307.6472098872069,1.384508825843244,0.03333333333333333
307.640387125984,1.3735603868783128,0.03333333333333333
307.6535025927005,1.3807076459873835,0.03333333333333333
308.93254708810724,-1.3719456337180245,0.03333333333333333
309.2238001044462,-1.2445254281625129,0.03333333333333333
308.8415057178947,-1.2370604293507987,0.03333333333333333
308.78371042674627,-1.0969281662329098,0.03333333333333333
308.85824412805766,-1.0822525290268177,0.03333333333333333
308.9746731778952,-0.6613549734918901,0.03333333333333333
308.28865504779037,-0.6019682073798012,0.03333333333333333
308.97330657293867,-0.5395636901459587,0.03333333333333333
308.3098502895909,-0.3851403762473544,0.03333333333333333
309.60648160508526,-0.3780192244485689,0.03333333333333333
309.300256620689,-0.2369209795874365,0.03333333333333333
309.6041927098228,-0.2272713004539207,0.03333333333333333
308.6219137892872,0.03779743102741479,0.03333333333333333
308.78489421628717,0.03481672611359152,0.03333333333333333
308.5956871124774,0.036992245541221984,0.03333333333333333
309.60079981385974,-0.01620648783610146,0.03333333333333333
308.7147842560292,0.039194330263839984,0.03333333333333333
309.6893293797576,0.003008420734060632,0.03333333333333333
309.68914981961467,0.2406281907029704,0.03333333333333333
309.5073231847564,0.2550682235736433,0.03333333333333333
309.073772575364,0.38597447832287696,0.03333333333333333
308.58257511726526,0.4378496518113208,0.03333333333333333
309.32216738283773,0.8127540265605367,0.03333333333333333
308.5360805915173,0.8264383591880982,0.03333333333333333
308.3149984927397,1.1842996487000539,0.03333333333333333
309.4030881639978,1.4098491847367989,0.03333333333333333
309.42521678817593,1.4099934390474778,0.03333333333333333
308.978091256418,1.4080772113813207,0.03333333333333333
309.13804266951684,1.4090231218369138,0.03333333333333333
308.94150306985193,1.407921330376472,0.03333333333333333
308.34053050616643,1.3510826317123832,0.03333333333333333
308.47987991902363,1.340810589851489,0.03333333333333333
310.409521051921,-1.375030819690817,0.03333333333333333
311.0323056796425,-1.2130064196567203,0.03333333333333333
311.03071306448805,-0.9840362447819916,0.03333333333333333
309.6637172724276,-0.9561121860229432,0.03333333333333333
310.36864054591837,-0.8106744813576608,0.03333333333333333
310.95903316656694,-0.6974793658722822,0.03333333333333333
311.0270805992021,-0.6161764340405108,0.03333333333333333
310.5201495063747,-0.4972719850239136,0.03333333333333333
311.02496238270595,-0.4508883101812428,0.03333333333333333
310.0762348392172,0.03708430878809639,0.03333333333333333
310.57405533342666,0.03948791202364965,0.03333333333333333
310.64686180726375,0.042222587438322086,0.03333333333333333
310.11657926924744,-0.0006827903292532226,0.03333333333333333
311.10702054566485,0.2069445770589888,0.03333333333333333
311.10669480803074,0.3860093756253955,0.03333333333333333
310.91682422695794,0.481551561964735,0.03333333333333333
310.5547536937517,0.6954429569982663,0.03333333333333333
310.36853119870574,0.9689069999487552,0.03333333333333333
311.100510609662,1.0394987222814664,0.03333333333333333
311.00713464627813,1.4097409125081382,0.03333333333333333
312.5188962823776,-1.2868407242460973,0.03333333333333333
311.1435510844844,-1.0902789185168853,0.03333333333333333
312.51743724739947,-0.15340144373896952,0.03333333333333333
312.2956269426095,0.265970422493022,0.03333333333333333
312.5237257283756,0.4081764524254757,0.03333333333333333
312.5234549140726,0.4805049743484648,0.03333333333333333
311.63395898178413,0.9037367055038938,0.03333333333333333
313.84079166995417,-1.2080807122506394,0.03333333333333333
313.08959002331443,-1.201273249013785,0.03333333333333333
313.86320061609774,-1.1016619067643698,0.03333333333333333
313.5295068110126,-0.6382453768107502,0.03333333333333333
313.495747037986,0.04348997752701684,0.03333333333333333
312.95356830778263,0.0358180488684378,0.03333333333333333
313.2212512410618,0.04369569894167012,0.03333333333333333
312.8977506719351,0.03656783415712033,0.03333333333333333
313.3049382599744,0.034750410271879965,0.03333333333333333
313.85096461247286,-0.07894754012573188,0.03333333333333333
313.0946681301088,-0.11591221293776008,0.03333333333333333
313.26507267286587,0.14658445983528814,0.03333333333333333
313.9403655993897,0.20063604025220647,0.03333333333333333
313.94015496296885,0.380904458015274,0.03333333333333333
313.9397244585392,0.4785800897534263,0.03333333333333333
312.5823169899865,0.6529723503382429,0.03333333333333333
312.7522820340997,0.6962429693408583,0.03333333333333333
312.890605365929,0.7177306752640494,0.03333333333333333
313.57131299195976,0.7471808519422622,0.03333333333333333
313.3198559349733,0.9892076810353208,0.03333333333333333
313.2355946091132,1.4029682970344683,0.03333333333333333
313.27828770751836,1.2860172074752076,0.03333333333333333
313.76806347355665,1.4105294183047352,0.03333333333333333
312.71791694504503,1.404389459654508,0.03333333333333333
314.25250291468404,-1.3778117780383263,0.03333333333333333
314.54221685702674,-1.3751015254751418,0.03333333333333333
314.93158214195813,-1.3702021098812152,0.03333333333333333
315.28250770028563,-1.1389281533133648,0.03333333333333333
315.2821501900322,-1.1215898352242857,0.03333333333333333
314.93914179227636,-1.0163257403827728,0.03333333333333333
314.6739733435344,-0.5339806914342781,0.03333333333333333
315.27615949830243,-0.5016043186172018,0.03333333333333333
314.7400062210088,0.04306261138934379,0.03333333333333333
314.26366094018465,0.1627083632316825,0.03333333333333333
314.302863294349,0.20317358294734986,0.03333333333333333
315.2815812757569,0.2691874559495635,0.03333333333333333
314.0985385587004,0.3335793368147361,0.03333333333333333
314.4198074848838,0.9052857685742688,0.03333333333333333
315.27038588838445,1.265613970234888,0.03333333333333333
316.14017210386015,-1.3700220695262448,0.03333333333333333
316.6964235408769,-0.7401036763009933,0.03333333333333333
316.6953578306845,-0.6477864786081763,0.03333333333333333
316.2304449432887,-0.5893867983932235,0.03333333333333333
315.4831213429382,-0.5235874873138652,0.03333333333333333
316.6906289776843,-0.2904563231302901,0.03333333333333333
315.3534027438721,-0.01165506400555366,0.03333333333333333
316.26712629923225,0.045375747026640025,0.03333333333333333
315.5423088682852,0.037355067804725466,0.03333333333333333
315.9651042489598,0.02963927058235058,0.03333333333333333
316.2831554412588,0.031432741062244175,0.03333333333333333
315.6995479867022,0.159508229950438,0.03333333333333333
315.92891873717605,0.6792338907611428,0.03333333333333333
318.0527733510972,-1.405235962817657,0.03333333333333333
318.1940369562976,-1.192554320287054,0.03333333333333333
316.88479584738474,0.04441491359996267,0.03333333333333333
318.1924501945227,0.3899566703291452,0.03333333333333333
317.49720254540364,0.4028961077425757,0.03333333333333333
318.1915872626275,0.6022337565807521,0.03333333333333333
317.0249448626997,0.6227694844438256,0.03333333333333333
318.1847242522424,1.3934759810382245,0.03333333333333333
317.9138334450476,1.4099976875459643,0.03333333333333333
318.18503502000095,1.3754264124255715,0.03333333333333333
318.92755555319343,-1.3736800100138875,0.03333333333333333
318.9202938078027,-1.36668372689064,0.03333333333333333
319.5258778685885,-0.3771263289395728,0.03333333333333333
318.9747099458714,0.03434816278008211,0.03333333333333333
318.7237881793512,0.023565289783798845,0.03333333333333333
319.53120777294004,0.5979675746726029,0.03333333333333333
319.2401097946617,0.6551038809056509,0.03333333333333333
319.4164560352514,1.2455441312360718,0.03333333333333333
318.8187480447671,1.433560061976727,0.03333333333333333
318.3852473849512,1.1878204484009802,0.03333333333333333
318.94962985482624,1.433612983293505,0.03333333333333333
319.7963262656805,-1.3785354773008482,0.03333333333333333
319.90676570657985,-1.3776199921524943,0.03333333333333333
320.3859745747473,-1.3702554378831402,0.03333333333333333
320.6482358823505,-1.3689599806090342,0.03333333333333333
320.75255991871484,-1.3674005267267837,0.03333333333333333
320.774397988403,-1.185292820240549,0.03333333333333333
320.0679657309429,-1.0145382838615329,0.03333333333333333
319.9565309053745,-0.953666311293502,0.03333333333333333
320.9268064666713,-0.9062072774923642,0.03333333333333333
320.6051109051358,-0.8908667985572433,0.03333333333333333
319.63465186407564,-0.5084692222075661,0.03333333333333333
320.39962823254183,-0.4068254861695252,0.03333333333333333
320.3827141267204,-0.07598778291163641,0.03333333333333333
320.86643967259914,-0.0846927252091924,0.03333333333333333
320.0493870477057,-0.19700830220735413,0.03333333333333333
320.32251086618214,-0.24006026670255565,0.03333333333333333
320.6275415416065,-0.26840626591076744,0.03333333333333333
320.31171634283453,-0.2923718202580514,0.03333333333333333
320.4979898554099,-0.3111667384427693,0.03333333333333333
320.0822407027613,0.02295840613774161,0.03333333333333333
320.52492881532174,0.029543566972669823,0.03333333333333333
320.35324880047693,0.028301000274432005,0.03333333333333333
319.99523492935236,1.4331948648542665,0.03333333333333333
320.18189168359385,1.4324358220578688,0.03333333333333333
321.5184664135859,-1.3734770928344702,0.03333333333333333
321.1491839264936,-1.3504603504642976,0.03333333333333333
321.74572992772653,0.03446585198611854,0.03333333333333333
321.7963253861197,0.03613874835008487,0.03333333333333333
321.4143375354965,0.03566804249731445,0.03333333333333333
322.35551408517017,-0.09171975847367153,0.03333333333333333
321.7355228076396,0.02713548432414115,0.03333333333333333
321.52523354705926,0.028175394559061963,0.03333333333333333
321.5375537057451,0.0292761025377981,0.03333333333333333
321.94972160316297,0.0320515358346138,0.03333333333333333
322.35925461326235,1.0692843771046059,0.03333333333333333
322.1575965829633,1.0703532172521728,0.03333333333333333
321.5381778756348,1.1966267429677775,0.03333333333333333
321.328125140453,1.432151021799708,0.03333333333333333
323.1762194624441,-1.0525538970193808,0.03333333333333333
323.49912943573514,-1.0101786183231805,0.03333333333333333
322.46404403732674,-0.7675386505586055,0.03333333333333333
323.8601175281137,-0.7124951542027759,0.03333333333333333
322.4549017795686,-0.4438232050723289,0.03333333333333333
323.85666272973185,-0.31861735573711725,0.03333333333333333
323.8555793502744,-0.1980616130028824,0.03333333333333333
323.85596742221765,-0.220570889832783,0.03333333333333333
322.44594482503516,0.0001958674232308637,0.03333333333333333
323.0235674348735,0.003967462838581793,0.03333333333333333
323.3792540706332,0.009186919145959984,0.03333333333333333
323.8550973961686,-0.14875251141557266,0.03333333333333333
322.96251736123025,0.02958118854193283,0.03333333333333333
323.39787525524775,0.3222998737053727,0.03333333333333333
323.39476721901667,1.4425982457367963,0.03333333333333333
322.854965494457,1.4367606143505058,0.03333333333333333
322.9332140299581,1.058290010221539,0.03333333333333333
324.66579057274856,-1.3741173279634304,0.03333333333333333
324.4186138164052,-1.2062513751137915,0.03333333333333333
324.41420077109336,0.03023036744523013,0.03333333333333333
324.4862392673075,0.031532811837633616,0.03333333333333333
325.09510134626146,-0.2119265383758488,0.03333333333333333
324.62537865025894,0.003116752835966144,0.03333333333333333
325.27683793769717,0.7926481060166569,0.03333333333333333
326.4895360352319,-1.3606064021763846,0.03333333333333333
325.4793287805411,-1.292825833976646,0.03333333333333333
326.3488148915584,-0.9077653768561948,0.03333333333333333
326.6134146412702,-0.6033283531457874,0.03333333333333333
325.2359457206453,-0.4314085835717008,0.03333333333333333
326.3906294451442,0.046545847391255384,0.03333333333333333
325.27936591972235,0.7015788247040317,0.03333333333333333
326.69442744270526,0.9705955609456798,0.03333333333333333
326.6183923089408,1.4118262132517672,0.03333333333333333
326.6647102518222,1.175895209890894,0.03333333333333333
326.62532496257563,0.3620553427225103,0.03333333333333333
327.2774376970258,0.443600057241313,0.03333333333333333
327.1058302860923,0.7626884135748296,0.03333333333333333
326.61660493167506,1.1195583052945597,0.03333333333333333
327.7390359383154,1.4483406811432913,0.03333333333333333
326.6146160994333,1.4057924024424655,0.03333333333333333
329.07219286995615,-1.1746976371062854,0.03333333333333333
329.08253368767816,-1.1676933060040149,0.03333333333333333
329.60117519650163,-0.737145415174484,0.03333333333333333
329.6065773164554,-0.7362508952351927,0.03333333333333333
329.76204963872004,-0.5550013061974669,0.03333333333333333
330.2961188273884,0.03569377512339785,0.03333333333333333
329.7367741405316,1.0185815495558357,0.03333333333333333
329.5045094351839,1.4328629884737536,0.03333333333333333
332.36540057975367,-0.7886494276341904,0.03333333333333333
332.364711908974,-0.6686601125078618,0.03333333333333333
331.9853322641127,0.19094841304506327,0.03333333333333333
332.36516896581617,0.3759945028830996,0.03333333333333333
333.33945745055064,-1.3655619685828273,0.03333333333333333
333.35779184542264,-1.30514622412409,0.03333333333333333
332.8678209695766,-0.8097588612512464,0.03333333333333333
332.653781997671,0.03242313959718132,0.03333333333333333
333.25476979234367,0.4552490714327254,0.03333333333333333
333.17320112679323,0.5119642601996512,0.03333333333333333
333.2370201122817,0.5276645289407089,0.03333333333333333
333.7015556474259,0.8460435470827894,0.03333333333333333
333.6989888200372,1.0329483352526505,0.03333333333333333
334.6947482712885,-1.188558994516001,0.03333333333333333
334.9364411418472,-0.2444533826638445,0.03333333333333333
333.7809707902736,0.13328973171473096,0.03333333333333333
335.12198323048136,0.4920985161831058,0.03333333333333333
334.57190645739905,0.6065838369084469,0.03333333333333333
