ra,dec,sep
151.67380369044594,-19.22202508669849,0.03333333333333333
154.4538316357635,-18.269547715905727,0.03333333333333333
155.31527239101098,-19.067285999482685,0.03333333333333333
156.86817095162536,-19.617649381358827,0.03333333333333333
159.60924665839354,-19.09839068360148,0.03333333333333333
160.74007924054692,-18.812290057949365,0.03333333333333333
162.16756395863231,-19.449149821800766,0.03333333333333333
161.2613279738429,-19.092836154925184,0.03333333333333333
163.61973725794832,-19.334425235778575,0.03333333333333333
165.99661419596882,-18.782616915613087,0.03333333333333333
166.0042908196548,-18.78204393647496,0.03333333333333333
165.9971516679357,-18.77801347029957,0.03333333333333333
165.99608941173514,-18.776701670445718,0.03333333333333333
170.20651116818644,-18.715572764825886,0.03333333333333333
169.44079792039952,-18.20129449794248,0.03333333333333333
174.8140406168277,-19.410985536725605,0.03333333333333333
176.45702249927712,-19.242449503150183,0.03333333333333333
177.44647323552414,-19.070824571208643,0.03333333333333333
178.0953673331633,-18.909992721034648,0.03333333333333333
178.8218827326313,-18.821666941196987,0.03333333333333333
178.9559697238112,-18.198570562821885,0.03333333333333333
179.86969870007678,-19.330850187195328,0.03333333333333333
179.88403481252757,-19.262466698808176,0.03333333333333333
179.74553992479542,-19.025468834102245,0.03333333333333333
179.7442613006339,-19.025902484743053,0.03333333333333333
179.91549594149362,-18.66412114885025,0.03333333333333333
151.59688428951543,-20.497402104442607,0.03333333333333333
150.45553281590728,-19.940589094414488,0.03333333333333333
151.10456817338925,-19.53758156563571,0.03333333333333333
152.79367931048486,-20.705408521521896,0.03333333333333333
151.894397417937,-20.29234976425421,0.03333333333333333
152.13849511429345,-19.62306330998637,0.03333333333333333
153.723702515339,-20.506568739081867,0.03333333333333333
153.58893890848816,-19.62479346546132,0.03333333333333333
155.0148334484567,-20.945979708525886,0.03333333333333333
157.28649491762462,-19.53471062119464,0.03333333333333333
157.48702648692714,-19.811964197315678,0.03333333333333333
156.81448237839354,-19.892552637448443,0.03333333333333333
159.14851651768817,-20.576650750253524,0.03333333333333333
159.14830846790434,-20.557068615478183,0.03333333333333333
160.3928094986704,-20.949739387967853,0.03333333333333333
160.41945702645242,-20.949318071363248,0.03333333333333333
159.65377396382445,-20.250566511076922,0.03333333333333333
161.49649174553386,-20.864671420923628,0.03333333333333333
161.2067881727981,-20.813392034790336,0.03333333333333333
161.6210540011003,-20.23194049083984,0.03333333333333333
160.86065090611083,-20.003800040429443,0.03333333333333333
162.0198470211784,-19.931834179727854,0.03333333333333333
162.75154034827315,-20.23925755451401,0.03333333333333333
162.08831598042298,-19.543267821062287,0.03333333333333333
162.84422910334683,-19.88365282686625,0.03333333333333333
164.74214037799285,-20.94875750769436,0.03333333333333333
164.20211131014338,-19.83343303346113,0.03333333333333333
166.8270959044516,-20.346600277198398,0.03333333333333333
166.80521195890768,-19.822472037937665,0.03333333333333333
172.09831102699394,-19.783966187501218,0.03333333333333333
171.3586925765579,-19.5380462713937,0.03333333333333333
173.07177240626325,-20.951734888141786,0.03333333333333333
173.19173153692034,-20.747372833350056,0.03333333333333333
173.54811115791512,-20.497626613663186,0.03333333333333333
172.42083115514401,-20.197600920599868,0.03333333333333333
172.86858830718498,-19.98410951303733,0.03333333333333333
174.45820819375538,-20.1269725960127,0.03333333333333333
175.02105341364947,-20.85902350574755,0.03333333333333333
176.44677508796607,-20.688850843374322,0.03333333333333333
177.7969207726492,-20.597214015613986,0.03333333333333333
178.4938625175116,-20.572249577804484,0.03333333333333333
178.49050406638054,-20.14085116841222,0.03333333333333333
179.21292608355128,-20.101772617273184,0.03333333333333333
179.0242073048844,-19.915703430402992,0.03333333333333333
179.02381181145043,-19.9125608440488,0.03333333333333333
179.0957000020321,-19.549786137186604,0.03333333333333333
180.14267190396495,-20.94281973431196,0.03333333333333333
180.14384269111576,-20.937970699377974,0.03333333333333333
180.75137772932857,-20.547233603992048,0.03333333333333333
151.0286357717961,-22.069519373992165,0.03333333333333333
151.45184257980517,-21.26512667854297,0.03333333333333333
153.17302787253024,-21.982345910707306,0.03333333333333333
151.89782801832175,-21.93437258294648,0.03333333333333333
152.1358877743279,-21.71816610963097,0.03333333333333333
152.38017893701422,-21.662700412557093,0.03333333333333333
152.14942528629038,-21.660979463820848,0.03333333333333333
153.95225664021842,-21.407216529390983,0.03333333333333333
153.91269797862395,-21.25678227156659,0.03333333333333333
154.60991925945083,-21.04648934946406,0.03333333333333333
153.42596350526782,-20.877097451410037,0.03333333333333333
155.01478877037619,-20.945966737734803,0.03333333333333333
157.39313956567818,-21.936663649518326,0.03333333333333333
156.13246937658738,-21.79076708153765,0.03333333333333333
158.97993644223737,-21.992591273287086,0.03333333333333333
157.66905222944192,-21.93978004650535,0.03333333333333333
157.5865330732154,-20.87934640450374,0.03333333333333333
160.0787427074991,-21.638725959665823,0.03333333333333333
160.31448270069043,-21.02661681810649,0.03333333333333333
160.52546814738838,-22.1036276479462,0.03333333333333333
161.5603920963726,-21.79758730563013,0.03333333333333333
162.9537581326218,-21.887594607246413,0.03333333333333333
162.95445605894844,-21.888198303449034,0.03333333333333333
163.6516074777121,-21.068119957698823,0.03333333333333333
163.6666945533915,-21.070332985884086,0.03333333333333333
166.47052437656782,-21.50336324438912,0.03333333333333333
167.73846916883397,-21.9481524929022,0.03333333333333333
171.20959290728663,-21.505975597215368,0.03333333333333333
172.03743364616508,-21.365220230378227,0.03333333333333333
171.16541493448398,-21.237950720417786,0.03333333333333333
172.08082137682499,-22.294974333904086,0.03333333333333333
173.15517489660323,-21.988095683483248,0.03333333333333333
173.49521858268554,-21.81269220340447,0.03333333333333333
171.99816886915605,-20.88042784196817,0.03333333333333333
173.8693087371029,-20.8778025127827,0.03333333333333333
175.46470503258305,-21.36912637641172,0.03333333333333333
176.08460404845326,-20.87182641101084,0.03333333333333333
176.19895817245362,-21.031731928742925,0.03333333333333333
176.4581612967912,-22.290064465111488,0.03333333333333333
177.22546249154132,-20.874528934658112,0.03333333333333333
176.73956533623314,-21.14477366565624,0.03333333333333333
180.6453044292656,-20.864018923916298,0.03333333333333333
163.75600314287217,-23.62599023376191,0.03333333333333333
163.1376638580591,-23.149877815633783,0.03333333333333333
165.28987870937755,-23.62944456863725,0.03333333333333333
165.8880386486634,-23.561093149508928,0.03333333333333333
165.94843048863999,-23.25593681954,0.03333333333333333
165.94315682510572,-23.256338054699224,0.03333333333333333
165.9318760638557,-23.244550463549114,0.03333333333333333
165.9335586524728,-23.234240647268194,0.03333333333333333
166.8363967667283,-23.229613692491284,0.03333333333333333
166.92684686544797,-22.378917081608424,0.03333333333333333
169.0379771962599,-22.229780227855386,0.03333333333333333
170.50747890578657,-22.405813665677552,0.03333333333333333
171.94528824693515,-23.397548647852894,0.03333333333333333
173.53591258706064,-22.215587867407912,0.03333333333333333
175.73620131180638,-23.617733629751807,0.03333333333333333
175.16838548521977,-22.769741203504854,0.03333333333333333
175.76752307185075,-22.21057308764452,0.03333333333333333
176.55593120977062,-23.627203948701016,0.03333333333333333
177.8042441388274,-22.890342062408013,0.03333333333333333
178.03364019301205,-23.63092344611319,0.03333333333333333
178.13539942931857,-22.38319742472884,0.03333333333333333
178.2542093178735,-22.44283513556722,0.03333333333333333
180.6100373918869,-23.61814199030551,0.03333333333333333
179.9730189461374,-23.535309753631786,0.03333333333333333
180.64557612541344,-22.442956976305407,0.03333333333333333
165.56322436927655,-24.25504505538948,0.03333333333333333
167.46947520217708,-23.7368632207927,0.03333333333333333
167.46024016510074,-23.73295237889422,0.03333333333333333
167.4805475588837,-23.72204861516493,0.03333333333333333
168.50320519372107,-23.541504091203322,0.03333333333333333
171.66728930718824,-24.360475417605443,0.03333333333333333
173.67099237248954,-24.272610073199125,0.03333333333333333
208.6040277496671,-1.1540981962353478,0.03333333333333333
208.81326629537682,0.8771824943643223,0.03333333333333333
209.3138635088871,1.1203699583549236,0.03333333333333333
208.8318996437096,1.488215022324449,0.03333333333333333
209.12203856801202,1.5362829442777417,0.03333333333333333
205.3821094830455,-3.63782628321257,0.03333333333333333
206.95757353263463,-4.169611778952147,0.03333333333333333
207.0918843807824,-4.104567289468386,0.03333333333333333
208.55534950776126,-4.2415244728543655,0.03333333333333333
208.907000978763,-4.195508295444852,0.03333333333333333
209.5359168247792,-4.145441774787234,0.03333333333333333
207.49313467073932,-6.129517401472078,0.03333333333333333
207.35642962824286,-5.494470213555381,0.03333333333333333
206.62229947616862,-5.3738427186695015,0.03333333333333333
207.4724309569817,-4.720221683675825,0.03333333333333333
208.02404136920563,-6.064823606306213,0.03333333333333333
208.94787060655028,-5.806067519479067,0.03333333333333333
203.06545832255455,-7.4948130667949915,0.03333333333333333
203.89281818057083,-7.337515530084874,0.03333333333333333
204.6333571059852,-7.452384409906379,0.03333333333333333
204.9281488652781,-7.237402677701522,0.03333333333333333
204.13770424948154,-6.47921900688106,0.03333333333333333
206.07297920976262,-6.638938661129195,0.03333333333333333
206.15480567266601,-6.497122009729912,0.03333333333333333
205.33123732567643,-6.160659252201143,0.03333333333333333
208.98638165225898,-7.484132933505204,0.03333333333333333
208.21190691161,-7.2889057141190525,0.03333333333333333
209.3452495489124,-7.003792146392355,0.03333333333333333
209.94591417171569,-7.494563979130813,0.03333333333333333
210.6086937798902,-7.488314698262918,0.03333333333333333
210.6878474329628,-7.373825503885683,0.03333333333333333
210.7088958191076,-7.110558301605778,0.03333333333333333
210.7080819562944,-6.952663706854514,0.03333333333333333
209.75538574667115,-6.557508782343381,0.03333333333333333
203.0250395434761,-8.129659552201225,0.03333333333333333
202.5153884348647,-7.652799352150383,0.03333333333333333
202.87124387052208,-7.426652391017027,0.03333333333333333
206.03496726666825,-8.539600025429044,0.03333333333333333
206.03483829721938,-8.534267914138718,0.03333333333333333
205.74253262440803,-7.976273233029926,0.03333333333333333
207.27368288384739,-8.821014702592953,0.03333333333333333
206.78620889354855,-8.671437433590885,0.03333333333333333
207.26412515965538,-7.426922534729893,0.03333333333333333
208.0099715639689,-7.965567540196768,0.03333333333333333
200.8291503096967,-9.645517606378425,0.03333333333333333
202.5709822488093,-10.056651556008056,0.03333333333333333
202.57544791378788,-10.061099281143985,0.03333333333333333
202.56631365274185,-10.050424993173268,0.03333333333333333
201.57660314651488,-9.919510447467427,0.03333333333333333
201.26434531727088,-9.665302946078683,0.03333333333333333
201.5212567425004,-9.37016927545501,0.03333333333333333
204.92081105449714,-10.195372150124328,0.03333333333333333
204.5449386590548,-9.810033525625236,0.03333333333333333
204.5352379027701,-9.802265405532095,0.03333333333333333
205.18518899469532,-9.801473914374037,0.03333333333333333
205.3767411061076,-8.809734807315223,0.03333333333333333
204.3499098551942,-8.85872643165868,0.03333333333333333
206.17157205454262,-9.902117533630848,0.03333333333333333
198.1183640318735,-10.5901002725042,0.03333333333333333
200.17250361488288,-11.206862588409116,0.03333333333333333
200.71141030611403,-10.759207143566345,0.03333333333333333
199.42038391290646,-10.183193478269848,0.03333333333333333
202.95972857669,-11.000619985282679,0.03333333333333333
202.48722542118642,-10.838685365260892,0.03333333333333333
202.47223720434718,-10.774133019380493,0.03333333333333333
205.46537762340537,-10.841854885489148,0.03333333333333333
206.45882330895336,-10.771511417550228,0.03333333333333333
206.8086282830257,-10.545378227330062,0.03333333333333333
208.53123974006013,-11.540935174743106,0.03333333333333333
207.90390133377758,-10.907337719343824,0.03333333333333333
210.244596054178,-11.098669509806767,0.03333333333333333
209.9774857579894,-10.977064243098962,0.03333333333333333
209.90759829999908,-10.397527607814565,0.03333333333333333
196.5622205610384,-12.748151420743165,0.03333333333333333
197.19648959423282,-12.677304004897284,0.03333333333333333
196.49382904825973,-12.669019185775266,0.03333333333333333
196.2182957489161,-12.37186182183362,0.03333333333333333
198.7193038798256,-12.884152250398516,0.03333333333333333
198.2623418309689,-12.409557092499607,0.03333333333333333
197.9878739750561,-12.067772226365962,0.03333333333333333
197.99418276224281,-12.058919635394904,0.03333333333333333
197.9928613567656,-12.064271847970153,0.03333333333333333
200.0874955672275,-12.58831091391583,0.03333333333333333
200.0849191373635,-12.581501937377078,0.03333333333333333
200.08177012456127,-12.575730318543485,0.03333333333333333
198.7832210949353,-12.518085580918815,0.03333333333333333
199.66770688670042,-11.47446611345736,0.03333333333333333
199.35573262575832,-11.674808617141936,0.03333333333333333
203.37440372348217,-12.41756662840063,0.03333333333333333
203.68593033082473,-11.481364217966735,0.03333333333333333
206.9175060414222,-12.272044513382411,0.03333333333333333
208.225166232177,-12.183496656626437,0.03333333333333333
208.40402082461614,-11.509109731463525,0.03333333333333333
185.18844581479667,-13.807524971670318,0.03333333333333333
184.8544584045371,-13.534349605842149,0.03333333333333333
195.05574058496398,-14.23058537706321,0.03333333333333333
194.1575215559849,-14.172685066453711,0.03333333333333333
194.1562887418095,-14.173956896631513,0.03333333333333333
194.15642295463383,-14.172440288371696,0.03333333333333333
193.97819581811157,-14.057249558192337,0.03333333333333333
195.226904160206,-13.94623836061677,0.03333333333333333
195.22688956070598,-13.948758437672858,0.03333333333333333
195.23881369472846,-13.938752730003676,0.03333333333333333
195.22970630965503,-13.936659757366801,0.03333333333333333
195.2415331718396,-13.952236709494695,0.03333333333333333
195.27947082849255,-13.517229186094296,0.03333333333333333
195.27919250072966,-13.520813652637225,0.03333333333333333
195.2795283388684,-13.517323249547193,0.03333333333333333
197.82164989192245,-14.236789448180811,0.03333333333333333
198.0870555781825,-12.908186057847715,0.03333333333333333
200.43599756229008,-14.240598232475586,0.03333333333333333
200.5255573615233,-14.231847479103164,0.03333333333333333
200.44657186035988,-13.202682447224975,0.03333333333333333
200.46045291544638,-13.211389754547147,0.03333333333333333
200.45690381924013,-13.212553406701536,0.03333333333333333
200.45347409074031,-13.201885612230125,0.03333333333333333
201.6140483352901,-13.696386681213616,0.03333333333333333
201.39407788756927,-12.825728245055751,0.03333333333333333
204.35137093572385,-13.850144598868921,0.03333333333333333
204.25955482322902,-12.824546471127727,0.03333333333333333
206.44252149492058,-13.920615452805366,0.03333333333333333
206.50933963834737,-13.090231177648675,0.03333333333333333
208.7135213316457,-14.235745771728912,0.03333333333333333
210.23285615362056,-13.758653771874876,0.03333333333333333
209.48423670689445,-12.819818334485072,0.03333333333333333
210.356366539243,-12.931605806921755,0.03333333333333333
181.7111039438237,-14.21553394093172,0.03333333333333333
181.4846103036316,-14.523508143595727,0.03333333333333333
181.48795258858783,-14.514333490514442,0.03333333333333333
182.8805719694056,-14.477406790788832,0.03333333333333333
182.8791966266737,-14.476024526455591,0.03333333333333333
187.03114693421784,-15.209038769814176,0.03333333333333333
186.50052169060783,-14.962464885721015,0.03333333333333333
186.31544237441275,-14.90699763280423,0.03333333333333333
189.26006228209985,-15.278740375443848,0.03333333333333333
190.19783086472458,-14.54052987508349,0.03333333333333333
192.85649590850812,-14.682270074239442,0.03333333333333333
192.71921230682682,-14.493690698927395,0.03333333333333333
192.71884415959408,-14.490056870608823,0.03333333333333333
192.71560633091485,-14.489006073076975,0.03333333333333333
192.66009600782158,-14.475212314890944,0.03333333333333333
195.44122418421762,-15.53064629516035,0.03333333333333333
194.61827961705453,-14.937610642322404,0.03333333333333333
195.1449247452037,-14.780677403719222,0.03333333333333333
195.39174383454662,-14.469225046199078,0.03333333333333333
195.0557292083096,-14.230639153906932,0.03333333333333333
194.15642724003655,-14.172451401124713,0.03333333333333333
194.15630776512114,-14.174000399555931,0.03333333333333333
194.15757718755347,-14.172699144440687,0.03333333333333333
196.84091911204845,-15.407643116570899,0.03333333333333333
195.76715104828946,-15.405965688933975,0.03333333333333333
195.8533371977833,-14.768012017147687,0.03333333333333333
195.9516821777124,-14.170356837968626,0.03333333333333333
195.9110871865997,-14.427561572838204,0.03333333333333333
198.00022870523387,-14.680268804180384,0.03333333333333333
199.63839848537566,-15.213208704360865,0.03333333333333333
199.5440290724192,-15.122504420945287,0.03333333333333333
198.73238934514882,-14.775267779527194,0.03333333333333333
199.62927646639332,-14.604585626626694,0.03333333333333333
199.310560065341,-14.346460480413047,0.03333333333333333
201.04270013175727,-15.2110206379365,0.03333333333333333
199.712509809839,-14.80333820142123,0.03333333333333333
201.03658613768138,-14.610930357652853,0.03333333333333333
200.62565823411185,-14.162591112682106,0.03333333333333333
201.0336950043253,-14.408235779605965,0.03333333333333333
201.7171349049244,-15.110677839628849,0.03333333333333333
203.4681481611528,-14.167876044005961,0.03333333333333333
205.2415994813489,-15.456090125694585,0.03333333333333333
205.90212433446217,-15.374046390469198,0.03333333333333333
209.33268950229336,-15.485738170445448,0.03333333333333333
209.3966060889167,-15.253306722465586,0.03333333333333333
208.3893463773561,-15.098662807530124,0.03333333333333333
174.16542595998757,-0.5877014872978604,0.03333333333333333
174.05290786239414,0.08191360027727357,0.03333333333333333
175.22995648406166,0.7055616096867824,0.03333333333333333
176.53216927105808,-0.4579777695914926,0.03333333333333333
178.19800706306424,-0.668799198555378,0.03333333333333333
177.65124196182416,-0.5685118230038877,0.03333333333333333
177.65070597557838,-0.5694041422018925,0.03333333333333333
177.65163991073865,-0.5673845606788012,0.03333333333333333
177.59908479508587,-0.5282934246500881,0.03333333333333333
183.27052753312856,-0.6503293355092394,0.03333333333333333
188.17323029456745,0.05733727989196093,0.03333333333333333
177.31017870727882,-1.7194422408170704,0.03333333333333333
177.07645388247,-1.6418060467883486,0.03333333333333333
178.19803381207012,-0.6688280067157996,0.03333333333333333
179.54254183043338,-0.651912230493035,0.03333333333333333
180.29305577347301,-1.2960504262969996,0.03333333333333333
180.08415872887417,-1.1066153905837022,0.03333333333333333
181.99188156720288,-0.6555947935379915,0.03333333333333333
183.81343790615867,-1.5946745490378629,0.03333333333333333
185.11998162334305,-1.8391750369277204,0.03333333333333333
185.48261972911098,-1.593344147053986,0.03333333333333333
186.548517280936,-1.3064054245270895,0.03333333333333333
186.5551557539656,-1.3050604270173294,0.03333333333333333
186.70498945653725,-0.8371772404640253,0.03333333333333333
186.76900537137814,-0.9061085611109012,0.03333333333333333
186.7705159614909,-0.9068589556653052,0.03333333333333333
187.311049563872,-1.365324370079482,0.03333333333333333
186.7705715444841,-0.9068861537214901,0.03333333333333333
186.76892406001454,-0.9059699735306485,0.03333333333333333
187.05079920247883,-0.9389199532023236,0.03333333333333333
173.60216658108814,1.1543503176286625,0.03333333333333333
174.34240673564202,1.816372111607291,0.03333333333333333
175.7042798506836,0.6794986330621038,0.03333333333333333
174.70396229152962,2.0518388365623146,0.03333333333333333
177.68005946455062,1.5595753011123532,0.03333333333333333
177.68005931282798,1.5608733584262762,0.03333333333333333
179.48330697968646,0.6487646326323091,0.03333333333333333
178.84249345403046,1.9599782905291832,0.03333333333333333
180.6806131945137,1.983192800651772,0.03333333333333333
183.81554611109505,0.6513057819801585,0.03333333333333333
182.83033067404213,1.4956769448316751,0.03333333333333333
185.12122580880575,1.4610863493966382,0.03333333333333333
185.458318175114,1.1303587677053748,0.03333333333333333
187.0663127889704,1.8288158769764757,0.03333333333333333
174.4534314789988,-2.2302052837419986,0.03333333333333333
178.36942473779808,-3.2302373589059243,0.03333333333333333
177.88734562044,-2.372761176366136,0.03333333333333333
179.66214199100975,-2.13252384921718,0.03333333333333333
181.71869767753063,-2.7386946746940217,0.03333333333333333
182.64196399604003,-2.008136179241005,0.03333333333333333
181.83837302503127,-2.012594521516765,0.03333333333333333
183.10416024222388,-2.8671130651280863,0.03333333333333333
186.81823624008842,-2.929951922575227,0.03333333333333333
347.8031146513273,-16.575037399906098,0.03333333333333333
326.34708348581034,-20.873486221841684,0.03333333333333333
325.8874484163297,-20.87669006555432,0.03333333333333333
325.4565289120554,-22.519151591176648,0.03333333333333333
347.397754978412,-38.199954813044265,0.03333333333333333
348.39379874234254,-38.14391347186034,0.03333333333333333
348.82356172340144,-37.69542706181261,0.03333333333333333
348.8388928183857,-37.00774683964836,0.03333333333333333
37.060506683759826,-39.267782818411305,0.03333333333333333
38.17450483565681,-39.29522924587369,0.03333333333333333
38.16776423815397,-39.297609760003574,0.03333333333333333
38.73393727058515,-38.51165406682597,0.03333333333333333
15.754073302857833,-40.80369125731388,0.03333333333333333
38.182188008564346,-39.5738824343745,0.03333333333333333
340.83081739561686,-39.87900062583571,0.03333333333333333
10.082789952303154,-43.171885062058564,0.03333333333333333
9.774553797372661,-43.07535350873963,0.03333333333333333
8.144555784075552,-42.66955742286215,0.03333333333333333
37.209294220925706,-44.33680648641513,0.03333333333333333
322.87304717093946,-45.697352338099286,0.03333333333333333
324.14171813097,-45.067046245806075,0.03333333333333333
324.14245405772635,-45.064397587372596,0.03333333333333333
31.50450683916027,-47.168346316371355,0.03333333333333333
31.147744629042112,-45.99000661095606,0.03333333333333333
325.1586591673416,-48.65570493757257,0.03333333333333333
326.7439766971438,-47.84357208525197,0.03333333333333333
325.6840282122797,-47.29137010940606,0.03333333333333333
59.419902039409045,-48.897831022119064,0.03333333333333333
59.432435483615805,-48.91218806057893,0.03333333333333333
59.03944076784065,-48.565599761796044,0.03333333333333333
334.4129462872344,-49.96675562292018,0.03333333333333333
39.50177727166784,-51.24197255340974,0.03333333333333333
46.68059810661236,-55.0910621665049,0.03333333333333333
50.76354834607922,-55.68451397788894,0.03333333333333333
50.74224501554805,-55.50658737752579,0.03333333333333333
319.2834452017538,-60.062208449807656,0.03333333333333333
321.8636752098212,-60.01411565129289,0.03333333333333333
321.8893192425199,-59.31607080492506,0.03333333333333333
320.68111802904116,-58.821244919262284,0.03333333333333333
150.56596957389203,-0.18215733522440825,0.03333333333333333
150.61823024124544,0.7052637940153405,0.03333333333333333
199.4331632480484,-1.000304791159635,0.03333333333333333
200.91261964738084,-1.1331937801861405,0.03333333333333333
150.12647403283484,3.201916006921209,0.03333333333333333
151.494198874988,2.98683485363518,0.03333333333333333
151.43810957641085,4.782270898716503,0.03333333333333333
216.8908105158728,5.001337174958159,0.03333333333333333
217.43098010121497,5.356359632037528,0.03333333333333333
216.7245347178442,5.421495966728137,0.03333333333333333
216.594491692217,6.102812427022503,0.03333333333333333
216.0997882258784,6.051214939569732,0.03333333333333333
221.3938421348444,5.7273626973861775,0.03333333333333333
220.36682124265727,5.864515543127947,0.03333333333333333
223.89042173389373,4.778676422249849,0.03333333333333333
224.20926669333508,5.594566417711346,0.03333333333333333
172.50842865507803,-12.037037868255615,0.03333333333333333
223.4325911793161,-22.091816527398862,0.03333333333333333
223.01707544382884,-21.908475906295514,0.03333333333333333
224.30899017346886,-21.679017005117693,0.03333333333333333
224.67042503875138,-23.273629417670694,0.03333333333333333
223.3478411051296,-22.921675537403985,0.03333333333333333
223.85095225670037,-22.2103557870086,0.03333333333333333
215.01022867267537,-26.30320790332139,0.03333333333333333
214.93097028504337,-25.627419995825296,0.03333333333333333
223.0806280446464,-25.99523397862935,0.03333333333333333
223.55876053355632,-25.366573822994752,0.03333333333333333
222.29279853790808,-24.955547707805422,0.03333333333333333
157.57346048368714,-35.345522277395894,0.03333333333333333
158.42307862120364,-35.343699509440945,0.03333333333333333
157.95851086159658,-35.20228131985725,0.03333333333333333
159.15551533879443,-34.752567871847624,0.03333333333333333
157.55571391862043,-34.517386964236415,0.03333333333333333
157.41653715485606,-34.34050918502696,0.03333333333333333
158.47595938897328,-33.902543396446255,0.03333333333333333
157.88930116244163,-33.91069413272856,0.03333333333333333
156.04765963243705,-35.34263800259103,0.03333333333333333
156.15291276720302,-35.34273625666781,0.03333333333333333
157.20417978433392,-35.33526243335589,0.03333333333333333
156.1488774023867,-35.22895390115465,0.03333333333333333
157.4106427823693,-35.180796730202516,0.03333333333333333
155.87993846149,-34.863958938960856,0.03333333333333333
156.68745394870183,-34.74371579585838,0.03333333333333333
157.54412608417377,-34.42051286953976,0.03333333333333333
158.11177517896718,-36.53238181882229,0.03333333333333333
157.6274499803631,-36.47975718945753,0.03333333333333333
158.84663557669649,-36.31254352598496,0.03333333333333333
157.3982996349436,-36.1777432808618,0.03333333333333333
157.4066746421174,-36.1196351531444,0.03333333333333333
158.2294185555316,-36.07652594163754,0.03333333333333333
157.78231718390796,-35.98767087129938,0.03333333333333333
158.0348292961314,-35.98244089794988,0.03333333333333333
157.9327000757458,-35.778959482138546,0.03333333333333333
158.5968164672243,-35.270216368743704,0.03333333333333333
158.57578993392505,-35.268858519899176,0.03333333333333333
158.61109336677032,-35.27051742228375,0.03333333333333333
158.11364790152788,-35.28217036593072,0.03333333333333333
156.21987403040202,-36.71812699023402,0.03333333333333333
156.6550002181792,-36.71646233385583,0.03333333333333333
156.80019020983949,-36.71512181717673,0.03333333333333333
157.47041426723828,-36.70610519348296,0.03333333333333333
155.9426573992853,-36.50737785188725,0.03333333333333333
156.5160624224483,-36.157431709563305,0.03333333333333333
157.1404078501596,-35.99474102512056,0.03333333333333333
157.18125334862518,-35.84917154713335,0.03333333333333333
155.96513392732916,-35.83307270259279,0.03333333333333333
156.4978373178119,-35.61711010395486,0.03333333333333333
156.95925416587195,-35.272231479459464,0.03333333333333333
149.91333198553372,-23.92517970214693,0.03333333333333333
150.57449037365302,-23.181331797832584,0.03333333333333333
150.44330135993783,-23.173862289410682,0.03333333333333333
151.59563071852423,-24.48508161702202,0.03333333333333333
153.0724408382651,-23.795644403668906,0.03333333333333333
152.46565568651062,-23.780210662485672,0.03333333333333333
153.06875058993015,-23.584061113946266,0.03333333333333333
153.0624222380839,-23.254182223611593,0.03333333333333333
154.36688487342738,-23.88994958664511,0.03333333333333333
153.6217305589949,-23.486279498939236,0.03333333333333333
153.32948343766972,-23.257088137899128,0.03333333333333333
155.34463692949043,-24.6216047604638,0.03333333333333333
156.15271326415757,-24.57046234799539,0.03333333333333333
155.51486705504757,-24.43747667288484,0.03333333333333333
155.8279522221924,-24.24426183927988,0.03333333333333333
155.18570401942102,-23.884340860310544,0.03333333333333333
155.13731175142732,-23.447929408396305,0.03333333333333333
156.13366562289426,-23.28556890605361,0.03333333333333333
156.13476346983282,-23.384045098096056,0.03333333333333333
155.13632707464745,-23.44832990256629,0.03333333333333333
157.68802431620043,-23.875549080187394,0.03333333333333333
156.3554287550704,-23.826975264625077,0.03333333333333333
156.9135305681299,-23.76714596418568,0.03333333333333333
156.6831894413124,-23.40870858208784,0.03333333333333333
156.68627639989256,-23.4109578181214,0.03333333333333333
156.68651423897248,-23.412185522765284,0.03333333333333333
156.14913882212784,-23.20489704605141,0.03333333333333333
158.5336711795307,-24.409269409889788,0.03333333333333333
157.94430123769396,-23.891267272476178,0.03333333333333333
157.71159484599627,-23.750669907165108,0.03333333333333333
158.8634821899029,-23.70361095135684,0.03333333333333333
157.799601983372,-23.20626329267087,0.03333333333333333
159.73754747481198,-24.618274629553728,0.03333333333333333
159.47885157911082,-24.42906249628565,0.03333333333333333
160.76576560696688,-23.86486368865746,0.03333333333333333
161.6719978872232,-24.61892432087735,0.03333333333333333
161.82779748970268,-24.447484310414254,0.03333333333333333
161.82932760254144,-24.44697447230997,0.03333333333333333
161.39512430316768,-24.278898478041352,0.03333333333333333
162.2845014149445,-23.21325307562948,0.03333333333333333
163.75186626398462,-23.980089867697,0.03333333333333333
163.83599049154864,-23.90737052269877,0.03333333333333333
163.51873501083878,-23.76332324989306,0.03333333333333333
162.78670274706067,-23.243087130834628,0.03333333333333333
162.8241352853915,-23.25720101585535,0.03333333333333333
163.96831138904537,-24.465306956187593,0.03333333333333333
164.05866996969644,-24.30178678716429,0.03333333333333333
164.05970769628348,-24.30172951436547,0.03333333333333333
164.05401507963998,-24.298549085955358,0.03333333333333333
164.05281188400411,-24.30021800377375,0.03333333333333333
151.20141485217732,-25.97841826473804,0.03333333333333333
150.99983722966118,-25.977667504375447,0.03333333333333333
151.4541416051463,-25.696413891290412,0.03333333333333333
151.73651108239898,-25.292007466679074,0.03333333333333333
150.302534942969,-25.005413518213054,0.03333333333333333
150.88988399040144,-24.56927742308261,0.03333333333333333
150.62389817192732,-24.56837629133192,0.03333333333333333
152.63600606435062,-25.824503260939032,0.03333333333333333
153.5013972649078,-25.34075303486124,0.03333333333333333
153.50031373306143,-25.241267716050874,0.03333333333333333
152.70410635267592,-25.066871628816838,0.03333333333333333
152.63641744900337,-24.98985681816929,0.03333333333333333
152.96633295863614,-24.58777963979617,0.03333333333333333
152.8315499189165,-24.588549438585535,0.03333333333333333
152.4107978910391,-24.59202306391759,0.03333333333333333
152.05113351914832,-24.67855523810297,0.03333333333333333
152.4655477153609,-24.67093011571184,0.03333333333333333
152.5579061745994,-24.71791331200884,0.03333333333333333
154.17214983430358,-26.00788046845818,0.03333333333333333
153.5408232747357,-26.00923503371996,0.03333333333333333
154.87495455838734,-26.00014300638173,0.03333333333333333
154.38209985000583,-25.87194163925476,0.03333333333333333
154.72627836918392,-25.04074324946164,0.03333333333333333
153.65230695854459,-24.860341809234058,0.03333333333333333
154.5763255082041,-24.691861855631014,0.03333333333333333
155.2641305863643,-25.754295028435173,0.03333333333333333
156.60934557237368,-24.856982060972392,0.03333333333333333
156.60589257096885,-24.69765599576939,0.03333333333333333
158.17960341113331,-25.702720230940297,0.03333333333333333
158.31211393250058,-26.01451486839521,0.03333333333333333
159.1830467981928,-25.26399989499207,0.03333333333333333
159.39095698762708,-24.975810918135892,0.03333333333333333
158.8342775908149,-24.729549430352,0.03333333333333333
158.84800692914553,-24.73672817817823,0.03333333333333333
159.41350080919182,-24.75209647690281,0.03333333333333333
159.01109904047328,-24.906702733164053,0.03333333333333333
159.9911676756366,-25.71705088322159,0.03333333333333333
160.41399630868167,-25.68045889271524,0.03333333333333333
160.41528158217713,-25.68094921275276,0.03333333333333333
160.69254230731931,-24.95566710128007,0.03333333333333333
160.13519180932454,-24.74207773444392,0.03333333333333333
161.79895166238475,-26.00947611648068,0.03333333333333333
162.63285655382037,-26.001474646433373,0.03333333333333333
161.6891987074276,-25.847066678744593,0.03333333333333333
162.1929715616004,-25.384826571587272,0.03333333333333333
162.26796114696444,-25.0762105337052,0.03333333333333333
163.78734164208146,-25.996637682331013,0.03333333333333333
163.46359138474324,-25.94387553999664,0.03333333333333333
163.391126839377,-25.83765767588353,0.03333333333333333
164.09464048138892,-25.71098851640597,0.03333333333333333
164.2518010955876,-24.798710327765427,0.03333333333333333
163.65664754603677,-24.59314944188302,0.03333333333333333
149.23866691818588,-27.042341789930298,0.03333333333333333
150.7846847923184,-26.866909996141853,0.03333333333333333
149.3975803435214,-26.510938053265637,0.03333333333333333
149.25704125132305,-26.49125060546518,0.03333333333333333
150.69603649365715,-26.16026107675425,0.03333333333333333
150.7062120421859,-26.15608098840749,0.03333333333333333
150.70974953472245,-26.159000043922344,0.03333333333333333
150.74875019651938,-26.141591967747523,0.03333333333333333
150.71593228219817,-26.156650801191763,0.03333333333333333
150.73114574919805,-26.14972099994029,0.03333333333333333
150.74797496293138,-26.151386504907197,0.03333333333333333
151.81190066510698,-27.365525031910693,0.03333333333333333
151.85714616992917,-27.36458187285062,0.03333333333333333
150.71541636257092,-27.09789347974975,0.03333333333333333
150.7165239903214,-27.09862035434543,0.03333333333333333
150.91189954316818,-27.031691920239435,0.03333333333333333
150.91355697399268,-27.03361396308012,0.03333333333333333
150.70313018539642,-26.55065832087725,0.03333333333333333
152.1253678372476,-26.35915687382753,0.03333333333333333
150.80343234878814,-26.165954082689147,0.03333333333333333
150.7121600941997,-26.158831029578238,0.03333333333333333
150.7293558570644,-26.15104444910417,0.03333333333333333
150.75460317913436,-26.14985911680219,0.03333333333333333
153.55318347659437,-27.05070082057704,0.03333333333333333
153.89185772708123,-26.33929173853672,0.03333333333333333
152.4922180786007,-25.98380721349348,0.03333333333333333
154.1500375416656,-26.989664203763642,0.03333333333333333
155.5156852633522,-26.538215734188032,0.03333333333333333
155.17422693599912,-26.472426027159013,0.03333333333333333
155.95362473635788,-26.679697962631593,0.03333333333333333
156.07403267371512,-26.08218840485706,0.03333333333333333
157.08511110416495,-26.154689968680128,0.03333333333333333
157.14493131740704,-26.860427659318038,0.03333333333333333
157.02447484094606,-26.50180859955035,0.03333333333333333
158.48001646127952,-26.429856229898057,0.03333333333333333
157.79216367236674,-25.96060921144207,0.03333333333333333
157.4917115381543,-25.958457842419893,0.03333333333333333
157.77028330560458,-25.96042397353737,0.03333333333333333
159.21753251545113,-27.05456686918165,0.03333333333333333
159.35521541688385,-26.36513482775937,0.03333333333333333
158.60754685647734,-25.961772931735005,0.03333333333333333
159.22859031523532,-26.240560203605337,0.03333333333333333
160.86298364774197,-26.87014381002395,0.03333333333333333
161.29713358128177,-26.469600957712213,0.03333333333333333
161.63816515514978,-26.11510287004389,0.03333333333333333
163.41453734622868,-26.98658946396831,0.03333333333333333
162.37621044172266,-25.980655909084266,0.03333333333333333
162.6938356352136,-25.982685673508808,0.03333333333333333
164.46631163697919,-27.36643716553769,0.03333333333333333
164.37587986138442,-27.29336690121621,0.03333333333333333
164.0932624932561,-27.03641801233775,0.03333333333333333
164.7720068814035,-26.83350782961418,0.03333333333333333
164.00575502586702,-26.613403033146373,0.03333333333333333
164.344925447911,-25.95234696566321,0.03333333333333333
164.49291180518762,-26.09220482631525,0.03333333333333333
152.12708393120917,-28.684790273716697,0.03333333333333333
151.1181876071459,-28.44759193161512,0.03333333333333333
151.41615609736436,-28.44331719960968,0.03333333333333333
151.09682582912774,-28.441612897100143,0.03333333333333333
151.66832459031616,-27.65210867400134,0.03333333333333333
150.78539862867657,-27.646186849720443,0.03333333333333333
151.68879840386367,-27.551714315679234,0.03333333333333333
150.91105706349148,-27.55400278513759,0.03333333333333333
151.49610564839182,-27.368573119130893,0.03333333333333333
151.32399650179946,-27.371738827281828,0.03333333333333333
151.49357096197883,-27.3695325543369,0.03333333333333333
152.54356851252143,-28.76153700175888,0.03333333333333333
153.12882520204633,-28.75459402467625,0.03333333333333333
152.4302570420594,-28.738911532502307,0.03333333333333333
153.6437116047834,-28.34818864774671,0.03333333333333333
153.10793849337057,-28.34681627771813,0.03333333333333333
153.34144986000263,-27.69241211388132,0.03333333333333333
152.49289387442184,-27.349355420472023,0.03333333333333333
152.7229073054936,-27.34839831371289,0.03333333333333333
155.31233189670766,-28.74405505665748,0.03333333333333333
155.30668508065025,-28.30324322299117,0.03333333333333333
155.30470052952018,-28.17493216192865,0.03333333333333333
154.85668221628842,-27.98349272858178,0.03333333333333333
154.36122694679702,-27.5266363197613,0.03333333333333333
154.71013264375682,-27.67544824102664,0.03333333333333333
154.66395789738837,-27.369310638266374,0.03333333333333333
154.25002257814444,-27.36894891807093,0.03333333333333333
156.8708367492093,-28.516992225169872,0.03333333333333333
156.89045561480788,-27.88101552963046,0.03333333333333333
157.10703669197628,-28.759860099650243,0.03333333333333333
157.5082823692729,-28.690320488328013,0.03333333333333333
158.13057497943734,-28.693704387388266,0.03333333333333333
156.82627995642954,-28.611153387034392,0.03333333333333333
156.82159828158376,-28.427329754696736,0.03333333333333333
158.2421185858783,-27.670454006293745,0.03333333333333333
158.24164714203582,-27.667642403354588,0.03333333333333333
158.24144058596747,-27.66604440994422,0.03333333333333333
158.24293489199889,-27.673850404324693,0.03333333333333333
158.24363198157894,-27.667432949791174,0.03333333333333333
158.2428997592095,-27.67178902122373,0.03333333333333333
157.25632833741082,-27.348931919971328,0.03333333333333333
156.81018158604618,-27.35892340781918,0.03333333333333333
157.0883019629799,-27.513447290316442,0.03333333333333333
158.2080836786644,-27.52228342274539,0.03333333333333333
159.6216207525371,-28.513796068288393,0.03333333333333333
159.00743151460037,-28.49713642749803,0.03333333333333333
159.62652865649181,-28.45517949032586,0.03333333333333333
159.61087436605226,-28.447526857825245,0.03333333333333333
159.02863304810563,-28.21125170989813,0.03333333333333333
159.189697684638,-28.168713400056586,0.03333333333333333
158.41193008834333,-28.085108578698676,0.03333333333333333
160.0072032785126,-28.034415251680787,0.03333333333333333
159.5496796134683,-27.937280768793308,0.03333333333333333
160.10693793823754,-27.858566271576727,0.03333333333333333
160.07958654794987,-27.78436254895904,0.03333333333333333
158.95988600518336,-27.77005098429905,0.03333333333333333
160.06958855937611,-27.76800725581882,0.03333333333333333
159.6507983246994,-27.740001608412584,0.03333333333333333
159.3425230747454,-27.544963483924352,0.03333333333333333
159.81662028083898,-27.407247360158877,0.03333333333333333
159.58652198706747,-27.45000621348289,0.03333333333333333
160.4394717081719,-28.344460148676767,0.03333333333333333
161.37660808582785,-28.05569862450228,0.03333333333333333
162.44532875160957,-28.67697878087972,0.03333333333333333
162.75737937396937,-28.33671589975639,0.03333333333333333
162.7575374146891,-28.337903023568767,0.03333333333333333
162.329904196462,-27.36860817462793,0.03333333333333333
164.51298957928387,-27.33522149555931,0.03333333333333333
149.50506951602534,-30.172289564606853,0.03333333333333333
149.5848236811278,-29.596731218605925,0.03333333333333333
149.55677140632866,-29.41617331492791,0.03333333333333333
149.558845761978,-29.412210131567768,0.03333333333333333
151.08216895370163,-30.15103936442864,0.03333333333333333
150.85742520036678,-30.076502277016612,0.03333333333333333
151.9940418654459,-29.87928557514952,0.03333333333333333
150.85882729449813,-29.452282736390227,0.03333333333333333
151.45412846933957,-29.326743572430754,0.03333333333333333
151.76756986319327,-29.313522288105663,0.03333333333333333
152.2653894990109,-29.074737791656624,0.03333333333333333
152.2735409393864,-29.02776003450708,0.03333333333333333
154.1718422991151,-30.101331728951944,0.03333333333333333
152.68064849166032,-29.65323592539432,0.03333333333333333
152.66383066476237,-29.228827577495252,0.03333333333333333
153.6292587727693,-29.116108287515715,0.03333333333333333
154.89850219006456,-30.14564655625911,0.03333333333333333
154.52034494005656,-30.045216159013535,0.03333333333333333
154.07728104665009,-29.380211593190914,0.03333333333333333
154.61798521324786,-28.73425219391039,0.03333333333333333
154.0748212853485,-28.77195216997973,0.03333333333333333
155.4842126628337,-28.962537489465,0.03333333333333333
156.92353447415698,-29.791186831524037,0.03333333333333333
155.98134887514604,-29.78311542300365,0.03333333333333333
155.76606683878444,-29.614517244483018,0.03333333333333333
155.773972223727,-29.58310847354589,0.03333333333333333
157.41209988632102,-29.189137346027874,0.03333333333333333
156.12515610257998,-29.150907466900893,0.03333333333333333
156.27040272512463,-28.758734052197514,0.03333333333333333
157.10707675693394,-28.75992161505641,0.03333333333333333
158.89229287014442,-30.16260472902169,0.03333333333333333
158.19225171525827,-29.546766100068158,0.03333333333333333
158.41005147345388,-29.50273442149675,0.03333333333333333
157.4121347797802,-29.189146111575702,0.03333333333333333
158.94164911283872,-28.775233190219808,0.03333333333333333
158.95547624205378,-28.7465140314197,0.03333333333333333
159.74141575383769,-30.078960471137496,0.03333333333333333
159.47064475449972,-29.893723622887684,0.03333333333333333
160.19241539592142,-29.776533888171592,0.03333333333333333
160.58430411316377,-29.656498923412727,0.03333333333333333
158.9257969588533,-29.646900415667805,0.03333333333333333
159.83944438488038,-29.584231852029422,0.03333333333333333
159.83835391439334,-29.586972934340647,0.03333333333333333
159.34847228800942,-28.80425940656411,0.03333333333333333
161.8551707119303,-30.137893395005488,0.03333333333333333
162.15267548316757,-30.13199851135759,0.03333333333333333
160.78582043661154,-30.05453409568136,0.03333333333333333
160.79363181461628,-30.047137480107487,0.03333333333333333
160.7851474462794,-30.055870706364843,0.03333333333333333
161.07745669514838,-29.78008790422007,0.03333333333333333
160.54603646156392,-29.74038475051331,0.03333333333333333
160.53697512183618,-29.64838175503265,0.03333333333333333
160.83728322461823,-29.58956102639793,0.03333333333333333
160.81722124847514,-29.260238565876346,0.03333333333333333
160.53310003167525,-29.043090894870872,0.03333333333333333
161.58577086681638,-28.91627705718984,0.03333333333333333
162.27278043973817,-29.378459611181132,0.03333333333333333
162.2748369774113,-29.37820064156863,0.03333333333333333
162.27541952540182,-29.37291211963118,0.03333333333333333
163.84039739886214,-29.09856783364037,0.03333333333333333
163.8400424994806,-29.07369767244968,0.03333333333333333
163.25912588568266,-28.93796098803419,0.03333333333333333
162.94185891208372,-28.75226463392498,0.03333333333333333
165.47155798827896,-30.09353870853439,0.03333333333333333
164.68150836228114,-28.755418844825464,0.03333333333333333
164.76425968943462,-28.75050997816912,0.03333333333333333
151.36408393408874,-31.46268003735008,0.03333333333333333
151.3579545432718,-31.04666636640914,0.03333333333333333
150.06380015765717,-31.039241302267822,0.03333333333333333
151.3125969869721,-30.892154093330088,0.03333333333333333
151.3462785693582,-30.44899527231391,0.03333333333333333
149.84261075775558,-30.257086326239328,0.03333333333333333
150.4702624682816,-30.13565272887816,0.03333333333333333
151.45344093939212,-31.527075355670785,0.03333333333333333
151.987607217985,-31.050659986568128,0.03333333333333333
151.54727970750506,-31.03079236409532,0.03333333333333333
152.14026473223666,-30.87785715302299,0.03333333333333333
152.14068567179183,-30.87903996618199,0.03333333333333333
151.8599417016149,-30.87345747052835,0.03333333333333333
152.24233865748369,-30.14090150982303,0.03333333333333333
152.15184310952102,-30.1365473038766,0.03333333333333333
154.39902200025102,-31.25753548348187,0.03333333333333333
153.60239596120525,-31.238786440145173,0.03333333333333333
152.91575578273068,-31.138165951314,0.03333333333333333
153.60648341878957,-30.70834867078045,0.03333333333333333
153.45112500075624,-30.119150895207984,0.03333333333333333
153.83627031664082,-30.119152851719285,0.03333333333333333
155.14779649787718,-31.419476494997486,0.03333333333333333
155.03863071382168,-31.33549714156109,0.03333333333333333
155.5428502642629,-31.263383668547593,0.03333333333333333
155.9178394073351,-31.251208225991643,0.03333333333333333
155.56523208059585,-31.19263588477077,0.03333333333333333
154.61703062187593,-31.094746089164442,0.03333333333333333
155.09548438747302,-30.742050261040134,0.03333333333333333
154.61611470531534,-30.58120255483828,0.03333333333333333
157.07404274939904,-31.526748287791357,0.03333333333333333
157.07133175634618,-31.526453366794524,0.03333333333333333
157.20297751618574,-31.500540880244927,0.03333333333333333
157.90589004307634,-30.96550851210792,0.03333333333333333
156.61803898665528,-30.769570110919233,0.03333333333333333
157.26596204452088,-30.49880504523656,0.03333333333333333
157.21314161030512,-30.140336070099835,0.03333333333333333
156.49984129425238,-30.14035072212037,0.03333333333333333
158.69691158714647,-31.522769587070734,0.03333333333333333
157.97734473492795,-31.474484753652426,0.03333333333333333
158.8820755855591,-30.833345484405175,0.03333333333333333
157.81553354277526,-30.80264583977728,0.03333333333333333
159.33968658902526,-30.606668474844287,0.03333333333333333
159.1605007638151,-30.56133130813609,0.03333333333333333
158.21051097131732,-30.27478023083359,0.03333333333333333
158.98398239079538,-30.388302559627647,0.03333333333333333
157.81346784731397,-30.20072132256143,0.03333333333333333
159.69005491260927,-31.425877115284273,0.03333333333333333
160.5113842006791,-31.110445157463133,0.03333333333333333
160.616750027236,-30.886367122815514,0.03333333333333333
160.8520527238224,-30.79779610427185,0.03333333333333333
160.85675975742404,-30.774380186053833,0.03333333333333333
159.75488177190238,-30.723323278439242,0.03333333333333333
161.16901669403788,-30.61571621973719,0.03333333333333333
160.4170637938949,-30.139548843782173,0.03333333333333333
161.15999837645236,-30.214724376543714,0.03333333333333333
160.01399233353962,-30.27644815092539,0.03333333333333333
159.83402648929132,-30.30903874231205,0.03333333333333333
161.16445964944845,-30.40579573561142,0.03333333333333333
162.81698797600112,-31.270939296002755,0.03333333333333333
161.6261011882487,-30.321619430632296,0.03333333333333333
161.6272141659125,-30.321569319691342,0.03333333333333333
161.45845662487,-30.14124656331096,0.03333333333333333
164.4454668107115,-30.825992989811454,0.03333333333333333
164.44320867517322,-30.71530570343605,0.03333333333333333
164.43913219697563,-30.506446886881854,0.03333333333333333
164.41220566276073,-30.491838638904113,0.03333333333333333
164.43271038352864,-30.21495885505875,0.03333333333333333
150.61895244904258,-32.93824162630565,0.03333333333333333
151.60195463467483,-32.928733426578184,0.03333333333333333
150.49205108511524,-32.64981804916812,0.03333333333333333
151.7931766557085,-32.501986155586074,0.03333333333333333
150.15541221312938,-32.36770609503661,0.03333333333333333
150.15594583100582,-32.36366888109068,0.03333333333333333
150.14442241337832,-32.35357036538468,0.03333333333333333
150.73271994052973,-31.77642540501818,0.03333333333333333
152.6698940623723,-32.799875412558926,0.03333333333333333
151.71181171765238,-32.42678641981108,0.03333333333333333
153.38302270419075,-32.37291875065064,0.03333333333333333
151.69929530811962,-31.772329002856818,0.03333333333333333
152.77837940084646,-31.49020722201948,0.03333333333333333
152.65056064504137,-31.616442523394532,0.03333333333333333
151.9012018498316,-31.52395659642899,0.03333333333333333
151.6991138321366,-31.66147155068878,0.03333333333333333
151.77132782988278,-31.50165641470968,0.03333333333333333
153.91884118966578,-32.9160851937534,0.03333333333333333
154.17385614291263,-32.91382748269905,0.03333333333333333
153.48564270894815,-32.7322606388553,0.03333333333333333
155.02418262061244,-32.26070958067245,0.03333333333333333
153.63474598789185,-32.20942706630281,0.03333333333333333
153.35866230893274,-31.91107048531741,0.03333333333333333
154.24809310362215,-31.501420716019464,0.03333333333333333
156.7743671229785,-32.81428580024473,0.03333333333333333
156.77080504158826,-32.560112159833395,0.03333333333333333
156.60937159778442,-32.533629375933124,0.03333333333333333
156.39778941396403,-32.20888762058281,0.03333333333333333
156.7618566467167,-32.075623681850374,0.03333333333333333
156.75880783687305,-31.934569190509595,0.03333333333333333
155.10255748680333,-31.52468953374839,0.03333333333333333
156.51898108251748,-31.658392725902843,0.03333333333333333
158.4269535147711,-32.67648224477628,0.03333333333333333
158.42057567095603,-32.30269262569184,0.03333333333333333
157.78024741408038,-32.21597682924593,0.03333333333333333
158.1487150131946,-31.51757525365968,0.03333333333333333
157.07388054558731,-31.52676187261817,0.03333333333333333
157.23056291484681,-31.680900566423503,0.03333333333333333
157.07146714529281,-31.526706732703747,0.03333333333333333
157.90984484486935,-31.51958937621134,0.03333333333333333
157.81526070902672,-31.520435072868352,0.03333333333333333
160.08872373366998,-32.877702844714214,0.03333333333333333
159.08072532413925,-32.58396049059323,0.03333333333333333
160.04872475487508,-32.450406763927,0.03333333333333333
160.0781646538112,-32.218823754037054,0.03333333333333333
159.8669204096638,-32.116797137029174,0.03333333333333333
160.0658760575247,-31.669207252781806,0.03333333333333333
159.8927829525164,-31.516762403850397,0.03333333333333333
158.42009007951162,-31.74543771286902,0.03333333333333333
158.41902594724183,-31.743460320918132,0.03333333333333333
158.5475216173611,-31.77255457975076,0.03333333333333333
159.79091775586824,-31.517320202324015,0.03333333333333333
158.8379665383195,-31.524378594700554,0.03333333333333333
160.5206382578715,-32.707464685420625,0.03333333333333333
160.19863345642378,-32.570916874742394,0.03333333333333333
160.59166795157972,-32.53680529144993,0.03333333333333333
161.00166444792092,-32.53653245092356,0.03333333333333333
160.36360039910625,-32.288809527962734,0.03333333333333333
161.7334432066192,-32.14511968241319,0.03333333333333333
160.36542678803318,-31.787978975674825,0.03333333333333333
160.35695426257828,-31.782990592688733,0.03333333333333333
