ra,dec,sep
156.7371807190874,-40.50327762262371,0.03333333333333333
157.75420406818526,-40.18452364842955,0.03333333333333333
157.8131447378599,-40.14953191051921,0.03333333333333333
157.0548677886739,-39.7689559520641,0.03333333333333333
157.27170366896428,-39.96336478630965,0.03333333333333333
159.2395119297459,-41.13147090392446,0.03333333333333333
159.67444175359563,-40.73670775655403,0.03333333333333333
158.1590113706164,-40.1879601801249,0.03333333333333333
161.77324746431978,-41.19068771491093,0.03333333333333333
165.21892746393382,-41.11905225112388,0.03333333333333333
163.79450263728828,-39.93963998286829,0.03333333333333333
150.64547275011026,-42.525363656923716,0.03333333333333333
150.9704885995003,-42.52172025197761,0.03333333333333333
151.5040586431797,-42.51230552961204,0.03333333333333333
151.44784488907527,-42.140605525576795,0.03333333333333333
149.73791595016755,-42.12985840190739,0.03333333333333333
149.7379118309423,-42.115970888580655,0.03333333333333333
150.72930889348572,-41.71677633297235,0.03333333333333333
150.06256897485662,-41.56294464746175,0.03333333333333333
151.2538630593428,-41.39411902897829,0.03333333333333333
151.2913854260754,-41.322181341402064,0.03333333333333333
150.75215243728613,-41.1157467785099,0.03333333333333333
153.50936741544803,-42.22945884033181,0.03333333333333333
152.68080636894956,-42.19880574759379,0.03333333333333333
153.58602980261767,-41.781553731752616,0.03333333333333333
152.86897940480603,-41.74408643675882,0.03333333333333333
152.97186199143462,-41.34958739596664,0.03333333333333333
153.57153200430062,-41.297487789918506,0.03333333333333333
153.56803569086182,-41.191716680621035,0.03333333333333333
155.48371777746237,-42.121842190250455,0.03333333333333333
153.63138495665757,-41.74060116844456,0.03333333333333333
155.4614110165094,-41.3295727861573,0.03333333333333333
155.35718354238418,-41.12662164514569,0.03333333333333333
154.7014460526176,-41.13217742249513,0.03333333333333333
154.21886096472073,-41.13540909720476,0.03333333333333333
153.61849487959913,-41.138046448737256,0.03333333333333333
153.7337672368816,-41.137649927837415,0.03333333333333333
157.12352523619626,-42.357215060915415,0.03333333333333333
157.36825067508548,-42.354328601728156,0.03333333333333333
156.3125664990008,-42.28514556205828,0.03333333333333333
156.31418885220106,-42.26442072991575,0.03333333333333333
155.98820250147352,-42.136021693618154,0.03333333333333333
156.79441212088898,-41.94577436955116,0.03333333333333333
157.34514971699414,-41.46665805519787,0.03333333333333333
155.8846913005271,-41.13909414946223,0.03333333333333333
156.56764264022976,-41.13507606652308,0.03333333333333333
157.33967668174841,-41.29440666520645,0.03333333333333333
156.32609457744698,-41.13676185793043,0.03333333333333333
157.21776509745987,-41.129357062027225,0.03333333333333333
159.15993708015424,-42.16200682427918,0.03333333333333333
158.43253666330725,-41.13576627856563,0.03333333333333333
159.4390704041164,-42.21384603708059,0.03333333333333333
160.35529841394188,-41.91342599388867,0.03333333333333333
159.5443200773786,-41.72011757592312,0.03333333333333333
160.65123624459366,-41.30265958936129,0.03333333333333333
160.1386274545576,-41.1367784082176,0.03333333333333333
161.96343215437778,-42.117423720137786,0.03333333333333333
161.15967252629432,-41.83683640844684,0.03333333333333333
163.00401161250826,-41.76008196488928,0.03333333333333333
163.63427060140586,-42.374986520086466,0.03333333333333333
163.00412274804026,-41.7601928781493,0.03333333333333333
164.16737083533414,-41.733014002975395,0.03333333333333333
151.1242175322434,-43.89492230167241,0.03333333333333333
153.03793832962523,-43.694195993530684,0.03333333333333333
151.237136558262,-43.494192124212866,0.03333333333333333
151.65343700493108,-43.433931832387465,0.03333333333333333
151.6210181286325,-43.36123667206925,0.03333333333333333
153.0265039015126,-43.247923952673595,0.03333333333333333
153.0160250621045,-42.89561913016412,0.03333333333333333
152.78917494976116,-42.68538039975413,0.03333333333333333
151.96281543190017,-42.4961731994412,0.03333333333333333
152.6077370345946,-42.4911309448434,0.03333333333333333
151.36093430710562,-42.49929747802454,0.03333333333333333
154.9490426701175,-43.11429224601649,0.03333333333333333
154.94808646059744,-43.080620676465095,0.03333333333333333
153.53168633062927,-42.49877142290289,0.03333333333333333
156.80650154130132,-42.49163255885236,0.03333333333333333
158.66197102542506,-43.443451959525156,0.03333333333333333
158.13105683562222,-43.10452506206708,0.03333333333333333
157.013135610031,-42.5043241556701,0.03333333333333333
160.73490848907772,-43.71948774944169,0.03333333333333333
160.7327887176102,-43.625818621284736,0.03333333333333333
159.2683328534629,-43.58535721415843,0.03333333333333333
160.38886979622737,-42.56778952248261,0.03333333333333333
162.6565252501682,-43.65464411509925,0.03333333333333333
160.81612087077843,-43.603968090554105,0.03333333333333333
160.8032727649871,-43.39399261134373,0.03333333333333333
161.86363058077296,-43.23200718603685,0.03333333333333333
162.45251172981355,-42.9691171043318,0.03333333333333333
162.56008166504645,-42.64766217213778,0.03333333333333333
163.130444186011,-43.865709148950856,0.03333333333333333
162.65806208063896,-43.33458253804519,0.03333333333333333
162.78138074530838,-42.50305038708456,0.03333333333333333
153.1276046293967,-45.23066907741744,0.03333333333333333
153.12860151019174,-45.22936789126889,0.03333333333333333
154.3933748342645,-44.260297360465266,0.03333333333333333
152.73550005827875,-44.14499197406063,0.03333333333333333
156.37110426253332,-44.747476076174536,0.03333333333333333
154.4704400532326,-44.5630529694192,0.03333333333333333
154.55113873481574,-44.13182429427854,0.03333333333333333
155.42099849072497,-43.860979961494415,0.03333333333333333
155.8733228843879,-43.857466829226496,0.03333333333333333
154.6471019867296,-43.865220484218185,0.03333333333333333
154.3861398148424,-43.86566575455408,0.03333333333333333
155.6557263663033,-43.859413487911155,0.03333333333333333
158.33873911069662,-44.81081510880581,0.03333333333333333
158.337239584522,-44.75240002572691,0.03333333333333333
158.33596413024327,-44.7048313343755,0.03333333333333333
156.48587355306998,-44.30721870499864,0.03333333333333333
157.37829000769648,-44.12493286121477,0.03333333333333333
157.3863769012278,-44.124305618354825,0.03333333333333333
157.2023195083301,-44.06279513549858,0.03333333333333333
158.06540984108528,-43.855462302248704,0.03333333333333333
159.71478286162463,-45.07484799492362,0.03333333333333333
159.8262573540264,-45.004637954319755,0.03333333333333333
158.8338329252588,-43.863737952772745,0.03333333333333333
159.90525992240075,-43.856414178056966,0.03333333333333333
160.7048555614594,-45.281268849378,0.03333333333333333
161.3371228129006,-45.003377599313914,0.03333333333333333
161.68280856523677,-44.36323880713321,0.03333333333333333
163.09466881834263,-45.27926078573923,0.03333333333333333
162.89812998533182,-44.99988683510861,0.03333333333333333
163.9747497878225,-44.502538562837884,0.03333333333333333
153.15099610382924,-46.27057057831999,0.03333333333333333
153.39175770122844,-45.56101993171136,0.03333333333333333
151.97216552944764,-45.527517317545424,0.03333333333333333
153.12851672685855,-45.229343472933365,0.03333333333333333
153.12748068615284,-45.23067620136758,0.03333333333333333
153.1550572220354,-45.23404338564482,0.03333333333333333
153.8047749603728,-45.22640032454258,0.03333333333333333
155.85978018156274,-46.537192196730366,0.03333333333333333
155.8430439717914,-45.9278542577536,0.03333333333333333
155.78258097706743,-45.51717443448097,0.03333333333333333
155.82472867497566,-45.402415562486105,0.03333333333333333
154.4803694152877,-45.37851002355261,0.03333333333333333
155.82152531262975,-45.305947218035314,0.03333333333333333
157.86514050392827,-46.525508474788936,0.03333333333333333
157.85976151224398,-46.31499132110609,0.03333333333333333
157.68436953457962,-46.00374484012681,0.03333333333333333
157.28154175063398,-45.21582003595229,0.03333333333333333
156.53560242767531,-45.2209194097352,0.03333333333333333
157.87370000547492,-46.29251720327682,0.03333333333333333
158.42247133368178,-45.6207639925418,0.03333333333333333
161.87938068740368,-46.19861448555317,0.03333333333333333
161.53803261140504,-45.403995409463214,0.03333333333333333
161.5401130415514,-45.4047630960668,0.03333333333333333
161.41090488781194,-45.21552149260112,0.03333333333333333
161.84768244406152,-45.2522354082082,0.03333333333333333
161.95289391683937,-45.782874992944926,0.03333333333333333
163.65212451831422,-45.21311233935993,0.03333333333333333
163.57901183348153,-45.2139141063667,0.03333333333333333
162.37632216019972,-45.22184300328145,0.03333333333333333
162.47808097304298,-45.22148866537877,0.03333333333333333
162.65268184373355,-45.22055304413343,0.03333333333333333
162.6509822843816,-45.22064028226228,0.03333333333333333
164.24324975322574,-46.63837100711608,0.03333333333333333
164.43099117849715,-46.63860179588826,0.03333333333333333
165.09342930235343,-46.635562695335,0.03333333333333333
165.71627865501947,-46.62767490437005,0.03333333333333333
165.83598593265992,-46.62548683311344,0.03333333333333333
164.35618396799785,-45.341502152134865,0.03333333333333333
153.25017591176356,-47.869386475288685,0.03333333333333333
153.25020316570811,-47.85870333887607,0.03333333333333333
153.01743754652938,-47.6863291823493,0.03333333333333333
153.2319816759165,-47.25566794275418,0.03333333333333333
152.27143601669897,-46.8101283135865,0.03333333333333333
151.26840560986147,-46.80247821776075,0.03333333333333333
153.21418417218035,-46.77308271061186,0.03333333333333333
153.21091062760343,-46.68724681616796,0.03333333333333333
151.21509782060767,-46.574851278484964,0.03333333333333333
152.73106713067457,-46.56651280099757,0.03333333333333333
152.95335975812202,-46.5643303729555,0.03333333333333333
151.76861713565054,-46.572964352991065,0.03333333333333333
153.0774356799157,-46.56305716608652,0.03333333333333333
154.02603152330494,-47.796458324101785,0.03333333333333333
155.30099922662995,-47.612441795655286,0.03333333333333333
154.323916076182,-47.27228301610362,0.03333333333333333
154.3596920801385,-47.22067402067825,0.03333333333333333
154.44546039910682,-47.0979459426671,0.03333333333333333
154.45328708004132,-47.08437592105583,0.03333333333333333
155.2765979539833,-46.888545588349906,0.03333333333333333
154.61525183156118,-46.850970833093434,0.03333333333333333
155.2732451401269,-46.80025829216938,0.03333333333333333
153.45490000653285,-46.57481455118994,0.03333333333333333
154.2078731045355,-46.571330014789794,0.03333333333333333
154.48854692701892,-46.5694763687999,0.03333333333333333
153.27427992008748,-46.57515495524848,0.03333333333333333
154.79669058518195,-46.58501725888721,0.03333333333333333
157.35858005537398,-47.828820477216574,0.03333333333333333
156.1729145050098,-47.81804977413991,0.03333333333333333
156.33939598255319,-47.4117668783759,0.03333333333333333
156.12205729509412,-47.200663235044956,0.03333333333333333
157.33752542603634,-47.15074766124806,0.03333333333333333
156.96619128121478,-47.06236564824025,0.03333333333333333
157.32891586327338,-46.911743432719625,0.03333333333333333
157.50236911722823,-47.66529913907882,0.03333333333333333
159.40772185654882,-47.540311816411524,0.03333333333333333
157.6082395508536,-47.2986928672503,0.03333333333333333
158.090461042157,-46.88881317663925,0.03333333333333333
159.37938380929822,-46.72028487555567,0.03333333333333333
159.15125746487595,-46.624246103618404,0.03333333333333333
159.8508241406343,-47.76944240720536,0.03333333333333333
160.3482705534804,-47.21664126344146,0.03333333333333333
161.43295194067684,-46.5831827156987,0.03333333333333333
162.73016459083098,-47.84851140874317,0.03333333333333333
163.52921443315068,-47.83546881836425,0.03333333333333333
163.51612610611522,-47.382339213358705,0.03333333333333333
163.33641098390646,-47.317833896381856,0.03333333333333333
162.11921700043752,-46.57655456775325,0.03333333333333333
165.58584496934088,-47.85444550018463,0.03333333333333333
359.59470543143783,-1.0204054190202263,0.03333333333333333
359.38246057569427,-0.5230761267815179,0.03333333333333333
359.47501471318236,-0.4930570649547544,0.03333333333333333
359.4455560951438,0.2083060863865377,0.03333333333333333
359.3265351155985,0.7307049350125405,0.03333333333333333
1.5591836176915637,-0.03078287895507151,0.03333333333333333
2.793062634125921,-0.7192643371850136,0.03333333333333333
2.47718138576667,-0.5209220013417855,0.03333333333333333
3.3603147114528613,0.007730372502172189,0.03333333333333333
3.639964686231076,-0.7327597589175046,0.03333333333333333
3.6400375971726686,-0.731172011834919,0.03333333333333333
4.607760742009884,0.9728502461584572,0.03333333333333333
4.958578954314056,-0.6779700699260857,0.03333333333333333
5.657902318221463,0.08867883371204399,0.03333333333333333
6.373079262746649,0.4345903449296223,0.03333333333333333
6.380005478546464,0.43476763396459217,0.03333333333333333
6.376248091765027,0.4347027874545589,0.03333333333333333
6.964210136682782,-1.2030601919001294,0.03333333333333333
6.956852845076756,-1.1960042455219766,0.03333333333333333
6.9589680356303045,-1.197341435758512,0.03333333333333333
7.614459367440128,0.011943212088545324,0.03333333333333333
6.692021215397488,0.06919559157618081,0.03333333333333333
7.216106428694434,1.4069569918580784,0.03333333333333333
8.144241522878199,-0.26585048037496595,0.03333333333333333
8.626993718556434,1.0359257321325708,0.03333333333333333
10.529521723211058,-1.0250655169913423,0.03333333333333333
11.065875879315968,-0.717518646194803,0.03333333333333333
11.00110049046778,0.7902004261197328,0.03333333333333333
12.779733556495561,-1.3653418417805652,0.03333333333333333
12.14637949210302,1.050988569360641,0.03333333333333333
14.636394372266064,-0.9126637035158988,0.03333333333333333
13.733434373015044,0.037424433623641014,0.03333333333333333
15.912613686034751,-0.4890051214714836,0.03333333333333333
15.340682319480234,-0.050506307384101064,0.03333333333333333
16.229978495693857,0.15262667502128274,0.03333333333333333
15.913309252130196,1.1388130781475485,0.03333333333333333
14.863959363897257,1.172568318680593,0.03333333333333333
17.28164156677598,0.11388519628671935,0.03333333333333333
17.55127350961288,1.4116807183008964,0.03333333333333333
18.031134904788026,-0.998880227727029,0.03333333333333333
18.865214999713253,-0.8647058707250099,0.03333333333333333
18.861450605701805,-0.8619057413581821,0.03333333333333333
18.859573783860604,-0.8587378300967484,0.03333333333333333
18.885633901286628,-0.8467503143652415,0.03333333333333333
18.86870242003751,-0.8480437380279582,0.03333333333333333
18.006545012765542,0.03484468721629321,0.03333333333333333
18.208628594458133,0.031495379438791785,0.03333333333333333
19.05087450030829,-0.2456395415701404,0.03333333333333333
18.239774282619255,0.9570170070622414,0.03333333333333333
18.244536138503552,0.9589271358110836,0.03333333333333333
18.196951684163867,0.9923768044723376,0.03333333333333333
20.283832976725357,0.01120850910641703,0.03333333333333333
19.57552004108609,0.2487480482840988,0.03333333333333333
19.218741178438748,1.4341012690101724,0.03333333333333333
21.371445589309708,-1.2153992776905145,0.03333333333333333
21.201666635888625,1.0380947201427606,0.03333333333333333
22.642393025135533,-0.3518162354106257,0.03333333333333333
22.252744265565834,0.03248785751145352,0.03333333333333333
22.87941727584383,0.028240722635591582,0.03333333333333333
23.26327536148685,0.8507851539282231,0.03333333333333333
23.753457358462338,-0.6817256241073724,0.03333333333333333
23.9277803350078,1.4321598113405234,0.03333333333333333
25.89175981865836,-0.8417925068738922,0.03333333333333333
26.00005616670607,-0.4588060671194682,0.03333333333333333
25.91461958825419,-0.12173870941172595,0.03333333333333333
26.97573661910831,1.433746359938907,0.03333333333333333
28.871127003162204,-0.6575329793880781,0.03333333333333333
27.87330554701911,-0.02010345016993488,0.03333333333333333
28.66852283441473,-0.11212487241337153,0.03333333333333333
28.165578926823763,1.0994164155371124,0.03333333333333333
31.410522252247706,-0.6038758673793653,0.03333333333333333
31.81474585816341,0.6708712972526851,0.03333333333333333
34.524644241847646,0.3258019394011645,0.03333333333333333
34.00960934236933,0.4196575876366211,0.03333333333333333
33.39493673004336,0.5388291344152083,0.03333333333333333
35.820525330202756,-1.0137779997035794,0.03333333333333333
35.12963952197508,0.037229287449767175,0.03333333333333333
35.41925437115209,0.048079821778980174,0.03333333333333333
37.06898747534153,-1.3265406344282715,0.03333333333333333
37.121412675448006,-1.1416835406232886,0.03333333333333333
37.108966972116974,-1.1398993636083066,0.03333333333333333
38.97384079209847,-0.19858147141998195,0.03333333333333333
38.34423535712647,0.8498264300321089,0.03333333333333333
38.202939444609505,0.8607798584028256,0.03333333333333333
39.75742052911848,0.027540105261149788,0.03333333333333333
39.008177086791626,0.4160589344731706,0.03333333333333333
39.58084534512644,1.3229541647014316,0.03333333333333333
39.699796033786015,1.4329204169086909,0.03333333333333333
41.43640723369632,-0.8764797221982424,0.03333333333333333
41.612923618793694,-0.24044294464071264,0.03333333333333333
41.14419576198907,-0.1817089175891228,0.03333333333333333
40.69556506354039,0.023935835185707605,0.03333333333333333
40.924456177590734,1.3500496104193842,0.03333333333333333
40.90856577945561,1.406483827058392,0.03333333333333333
42.96139191914964,-1.1782587988386246,0.03333333333333333
42.971960020857324,-1.1709593715469422,0.03333333333333333
43.216052219466846,-1.0449782368592324,0.03333333333333333
42.22020967186947,-0.34502876439944874,0.03333333333333333
42.71736482115805,0.004678079159298335,0.03333333333333333
42.71987309866308,0.3371759380400897,0.03333333333333333
43.19424265451256,-0.6878222333695794,0.03333333333333333
43.76980314488672,0.03211453245204548,0.03333333333333333
43.72967916472421,0.10895694411982512,0.03333333333333333
44.64961096886682,0.5854150744100517,0.03333333333333333
45.26403926307113,-0.7469694174002102,0.03333333333333333
45.26506041426074,-0.7406459958771656,0.03333333333333333
45.98042551707118,1.2010247775970695,0.03333333333333333
45.419206404334794,1.434391765733292,0.03333333333333333
46.61021816174389,-1.41173708519319,0.03333333333333333
48.48162789615458,-1.3717555374807642,0.03333333333333333
49.621070273217256,-0.01125489286717643,0.03333333333333333
51.32388790798289,0.05349267190683442,0.03333333333333333
51.65527621394626,0.8563255912106087,0.03333333333333333
54.49815877551731,0.13515502105434382,0.03333333333333333
55.08289490156472,1.0585242193939064,0.03333333333333333
56.68456698214943,-1.3757597091903202,0.03333333333333333
57.74100567327152,0.4260298565588763,0.03333333333333333
59.950562518921004,1.1697009295272882,0.03333333333333333
300.5494754889053,-1.3674358911154916,0.03333333333333333
300.49566837695147,-1.3632931597655884,0.03333333333333333
301.09195777675205,-1.3434741031860689,0.03333333333333333
300.5751764401445,-1.3271071117795774,0.03333333333333333
300.4137499082249,-1.320197312051654,0.03333333333333333
300.7406697548313,-1.2597174459786762,0.03333333333333333
300.53585565265,-1.2314563401914544,0.03333333333333333
299.8823375617297,-1.2206123640963211,0.03333333333333333
300.53046474822344,-1.215881250493815,0.03333333333333333
300.60814799199716,-1.2109473547121556,0.03333333333333333
301.06058425200393,-1.1863847095708624,0.03333333333333333
300.58683459389204,-1.1841172682547318,0.03333333333333333
300.74281233152766,-1.1789504329039702,0.03333333333333333
300.5015147808128,-1.174339150062363,0.03333333333333333
300.8508382521347,-1.1669507837305892,0.03333333333333333
300.7310181041588,-1.1650885322905635,0.03333333333333333
300.94074915334073,-1.1602197427639678,0.03333333333333333
300.4690134611666,-1.1582461174493603,0.03333333333333333
300.8379117291273,-1.1534896162617314,0.03333333333333333
300.52527710329105,-1.1506088650124977,0.03333333333333333
300.9234978054096,-1.1316144452949477,0.03333333333333333
300.6667365132611,-1.1306725838389051,0.03333333333333333
300.66944383688104,-1.1272087537743447,0.03333333333333333
300.79221556341105,-1.1066531584902608,0.03333333333333333
300.6773747927864,-1.092326984333611,0.03333333333333333
300.37524352712796,-1.0889407314418411,0.03333333333333333
300.46275152409726,-1.0777674228365866,0.03333333333333333
300.5422145349788,-1.0674307540305674,0.03333333333333333
300.6134344150313,-1.0617725678497487,0.03333333333333333
301.0150367173833,-1.0415290385401506,0.03333333333333333
300.46218374101466,-1.0294331756997894,0.03333333333333333
300.6761174393003,-1.0217456743217208,0.03333333333333333
300.54200673686483,-1.0180588193062108,0.03333333333333333
301.08353520428227,-1.0173616080999612,0.03333333333333333
300.84561379759015,-1.0157439948788165,0.03333333333333333
300.4882515855391,-1.0087144437187676,0.03333333333333333
300.4234148581192,-1.0076711376614127,0.03333333333333333
300.7672475973198,-1.0074371393107548,0.03333333333333333
300.9451735128285,-0.9781071864483312,0.03333333333333333
300.47447962603746,-0.9766038414922701,0.03333333333333333
300.40841176549736,-0.9597746206826095,0.03333333333333333
300.654968903354,-0.9522416605001052,0.03333333333333333
301.05988806152686,-0.9505938463422048,0.03333333333333333
300.96747562981045,-0.9432848991894712,0.03333333333333333
300.9816946252526,-0.9431582918744996,0.03333333333333333
300.6379284726814,-0.9374654085798264,0.03333333333333333
300.67987611919875,-0.9208972406670376,0.03333333333333333
300.6225653133855,-0.9103787860016068,0.03333333333333333
300.6291155890626,-0.9068918728896108,0.03333333333333333
300.72886597856456,-0.9043298436366114,0.03333333333333333
300.8408482063952,-0.8939699767506465,0.03333333333333333
300.9799446216236,-0.8623473697671502,0.03333333333333333
301.0703010407146,-0.8564072096696048,0.03333333333333333
301.0047682485269,-0.8506634660905222,0.03333333333333333
300.769218214955,-0.8228208712687746,0.03333333333333333
300.43668354358675,-0.8163419074732587,0.03333333333333333
300.4868672786185,-0.8029518822789433,0.03333333333333333
301.0931700582952,-0.8026217896792491,0.03333333333333333
300.6603922833408,-0.79917061662724,0.03333333333333333
300.6516668216181,-0.7985041350106442,0.03333333333333333
300.43718313992923,-0.7919349189089704,0.03333333333333333
300.77889685917813,-0.7911256101035967,0.03333333333333333
300.78979681560287,-0.7768910183044175,0.03333333333333333
301.04462142975456,-0.7750718605883853,0.03333333333333333
300.60749164955985,-0.7753710486215962,0.03333333333333333
300.9067105257878,-0.7743718777324895,0.03333333333333333
300.59537419587053,-0.7676560438732982,0.03333333333333333
300.62399111833406,-0.7622894554101459,0.03333333333333333
300.607131424845,-0.7566609698499807,0.03333333333333333
300.95572790885427,-0.7522275918808266,0.03333333333333333
300.6971929509248,-0.7513317748839782,0.03333333333333333
300.504845191776,-0.7409441898789566,0.03333333333333333
300.9246324643311,-0.7372691051532761,0.03333333333333333
300.43332793180235,-0.7273459979270184,0.03333333333333333
300.9108445294392,-0.7224365310948495,0.03333333333333333
300.8799188474029,-0.7225810836955168,0.03333333333333333
300.46511623512316,-0.6976034048715789,0.03333333333333333
300.5131741881827,-0.6973295974695825,0.03333333333333333
300.5613924064445,-0.6854214563990866,0.03333333333333333
300.5767850030132,-0.6813547069936526,0.03333333333333333
300.78110063854814,-0.6638558309071034,0.03333333333333333
300.6058216975657,-0.6430912254817589,0.03333333333333333
301.0860334473415,-0.6335719805019325,0.03333333333333333
299.6877126608029,-0.6334101855084812,0.03333333333333333
300.99532436978745,-0.6240152468848067,0.03333333333333333
300.7891230468803,-0.617683546803266,0.03333333333333333
301.03286468764384,-0.5998827733872336,0.03333333333333333
300.96420565140517,-0.5959544764205329,0.03333333333333333
301.04260254800096,-0.5893167965730284,0.03333333333333333
300.65048391977643,-0.5823641645899232,0.03333333333333333
300.63912586443973,-0.5725823974881757,0.03333333333333333
301.03634098096063,-0.5600298472428457,0.03333333333333333
300.8268877875143,-0.557574175332399,0.03333333333333333
300.56135752699555,-0.5312175282510222,0.03333333333333333
300.62628262321516,-0.5159780149888022,0.03333333333333333
300.7350969556901,-0.5041695244562971,0.03333333333333333
300.7360728461154,-0.5033074514080306,0.03333333333333333
300.50243749047087,-0.4714406830974631,0.03333333333333333
300.70518401553323,-0.4596690476479974,0.03333333333333333
301.03329327386336,-0.4582024437992281,0.03333333333333333
300.74813318182413,-0.4569289599365395,0.03333333333333333
300.7520270839135,-0.4537098632330058,0.03333333333333333
300.41395566586584,-0.4529351127186107,0.03333333333333333
300.89512402473576,-0.4513960860370856,0.03333333333333333
300.88599078802935,-0.4493205753060366,0.03333333333333333
300.9347208277314,-0.4465542029635725,0.03333333333333333
300.35018456222423,-0.4799506975357701,0.03333333333333333
300.8648880871392,-0.4334246476733466,0.03333333333333333
301.0311299833475,-0.4305635379877798,0.03333333333333333
300.6980551982633,-0.4298986571373036,0.03333333333333333
300.6747503813508,-0.40949344168012414,0.03333333333333333
300.8607463683534,-0.3984546665529229,0.03333333333333333
300.8560686770512,-0.3853520685246156,0.03333333333333333
300.95854167570087,-0.3808422556211409,0.03333333333333333
301.031550104564,-0.3673005212858135,0.03333333333333333
300.8764155230596,-0.3653935703103016,0.03333333333333333
300.9086377946138,-0.3615667780993421,0.03333333333333333
300.9075195655131,-0.3613356196497493,0.03333333333333333
301.04262885674086,-0.36035951245781467,0.03333333333333333
300.85433293538637,-0.35612442746966777,0.03333333333333333
300.7447346315229,-0.3882625017441797,0.03333333333333333
301.06728707893336,-0.3366418589036895,0.03333333333333333
300.8184331535814,-0.33268358104422924,0.03333333333333333
300.8983745055124,-0.32660782532056953,0.03333333333333333
300.98725204129994,-0.3089223595524964,0.03333333333333333
300.424070655717,-0.29448452135775005,0.03333333333333333
300.58803520940404,-0.2930816596264748,0.03333333333333333
301.01982769106263,-0.2853178170641141,0.03333333333333333
300.5688209175557,-0.28468049616941304,0.03333333333333333
301.08732645800205,-0.2728634099403072,0.03333333333333333
300.7147754742776,-0.26333247291527745,0.03333333333333333
300.988141278054,-0.2488947216091693,0.03333333333333333
299.7445676755265,-0.2443997317826853,0.03333333333333333
300.70543861462534,-0.24341279693441514,0.03333333333333333
301.0699341646362,-0.2371326047679289,0.03333333333333333
300.97812035145813,-0.22505803120623066,0.03333333333333333
300.64405171223154,-0.2151243532586372,0.03333333333333333
300.61743460697045,-0.1945828121840144,0.03333333333333333
300.75370940095763,-0.18026203733037294,0.03333333333333333
301.06713411494013,-0.12985889381152785,0.03333333333333333
300.5110656375609,-0.12921210870012478,0.03333333333333333
300.6159279530526,-0.12726142879079472,0.03333333333333333
300.90143039956837,-0.12235534172862032,0.03333333333333333
300.967302089873,-0.1163260146127742,0.03333333333333333
300.6823308368038,-0.11369388962909185,0.03333333333333333
300.75483447558065,-0.10013307610812784,0.03333333333333333
300.7416950089516,-0.06732510498022097,0.03333333333333333
300.931269893933,-0.08610314709221137,0.03333333333333333
300.6810241572009,0.027235454828739014,0.03333333333333333
300.54113117746584,0.012764308864702988,0.03333333333333333
300.8878860425268,0.015832826261894473,0.03333333333333333
300.9359466741334,-0.009785250247953228,0.03333333333333333
300.9960752737729,-0.038050605321004745,0.03333333333333333
300.7131621198697,-0.04967493510903221,0.03333333333333333
301.107065739317,0.3286924645423153,0.03333333333333333
299.84678170505083,1.0550704224805134,0.03333333333333333
299.7477957361419,1.0841910405658792,0.03333333333333333
302.52581493080737,-1.1919917645820726,0.03333333333333333
302.35542155648096,-1.166191596115154,0.03333333333333333
302.5205739386052,-0.6048328031968642,0.03333333333333333
302.51381570341147,-0.10884798671702747,0.03333333333333333
301.87129194496964,0.025612262657807205,0.03333333333333333
301.530901159962,0.9980358073295208,0.03333333333333333
302.085873788269,1.147513007238132,0.03333333333333333
301.4942629716941,1.3115518120137803,0.03333333333333333
301.9442977637636,1.44382787073827,0.03333333333333333
301.93362484925547,1.4437183082537517,0.03333333333333333
301.9156178151173,1.3295845879876291,0.03333333333333333
301.4406084341031,1.4375031776124931,0.03333333333333333
301.47053058665574,1.4340034366648873,0.03333333333333333
302.297427798625,1.4464351162826712,0.03333333333333333
302.10778508473436,1.4412749015686386,0.03333333333333333
302.11253484157584,1.4451623316715578,0.03333333333333333
303.47209361789885,-1.316555288461366,0.03333333333333333
303.4918096479456,-1.0783789591971673,0.03333333333333333
303.9424888591743,-0.9888497336026618,0.03333333333333333
303.94070487425665,-0.7865839756669994,0.03333333333333333
302.8871302631943,-0.13401966644742125,0.03333333333333333
303.0432111713073,0.03756906972135708,0.03333333333333333
302.57040245830206,0.019491883089366644,0.03333333333333333
303.79028057007537,0.03244206284359127,0.03333333333333333
302.53343443671065,0.06418518851708252,0.03333333333333333
302.5288531289969,0.3528273787464386,0.03333333333333333
302.5220958243665,0.9145726373645024,0.03333333333333333
303.37424353784945,1.0608441221589269,0.03333333333333333
302.5203838117529,1.1075212698345644,0.03333333333333333
302.5186602155644,1.3677068716869736,0.03333333333333333
304.66498829684133,-1.3740445570430622,0.03333333333333333
304.9294387881199,-1.3702373979617557,0.03333333333333333
305.050814209227,-0.4322822939702267,0.03333333333333333
305.3510661675428,-0.4108886201552013,0.03333333333333333
305.2305032513405,0.04882686709748176,0.03333333333333333
304.6307420527433,0.043834602590720514,0.03333333333333333
304.45373447689,0.041740771735088514,0.03333333333333333
304.0214292222328,0.01920641824755325,0.03333333333333333
304.04543026723235,0.019401053947304885,0.03333333333333333
305.20201254137686,0.03168238059231252,0.03333333333333333
305.27236890351054,0.06542989726260214,0.03333333333333333
305.27235811317416,0.06675594860049629,0.03333333333333333
305.33683795038763,0.07905698829601975,0.03333333333333333
304.9747530887846,0.2354409233076194,0.03333333333333333
304.5677711871888,0.2387909518408261,0.03333333333333333
304.5633574322436,0.2512263285546508,0.03333333333333333
304.795499965546,0.28963241098760223,0.03333333333333333
304.43440669932636,0.3748530099056947,0.03333333333333333
303.9997942057272,0.4347316160290235,0.03333333333333333
304.50334048958246,0.5448896042099399,0.03333333333333333
305.28961086590783,0.6948165705878427,0.03333333333333333
304.18851271618945,0.7501210874319612,0.03333333333333333
304.4679497455371,0.8329648418306973,0.03333333333333333
304.3159365323086,0.9334066500231892,0.03333333333333333
305.18758228577525,1.0052923569164245,0.03333333333333333
305.6133998280225,-1.3796564779909783,0.03333333333333333
306.16178223028714,-1.3743601124203422,0.03333333333333333
306.654334951346,-1.3674017019340807,0.03333333333333333
305.4630794847247,-1.345835568201557,0.03333333333333333
306.7261405709108,-1.2346326297220327,0.03333333333333333
305.91970091613507,-0.010638729034674064,0.03333333333333333
305.93988888484637,-0.010479241224631607,0.03333333333333333
306.8542767180432,0.0575676109402517,0.03333333333333333
306.85422794669535,0.1879153649391744,0.03333333333333333
306.85174374494613,0.7755899476375098,0.03333333333333333
305.80826390974636,0.9494379440553672,0.03333333333333333
306.57035094658187,1.3071955267370832,0.03333333333333333
308.26381626413155,0.08229079336664018,0.03333333333333333
308.26356312416567,0.3405608225478381,0.03333333333333333
308.262979452293,0.4905103424981976,0.03333333333333333
307.97004437309437,0.8683011450300242,0.03333333333333333
306.8628219617755,0.9424984730469071,0.03333333333333333
308.28451916134486,-1.3787477474921712,0.03333333333333333
309.29565885246194,-0.8337172648650756,0.03333333333333333
309.52485249097737,-0.4307535885677608,0.03333333333333333
309.17680703947605,0.04294974900211769,0.03333333333333333
309.60017119648063,0.019818449036617333,0.03333333333333333
309.6892426061495,0.20813818469256348,0.03333333333333333
309.8780131359792,-0.9432857353934012,0.03333333333333333
310.0907718454856,0.03562885347000968,0.03333333333333333
309.6044253203392,0.026853171380213203,0.03333333333333333
309.6281124412067,-0.1338398784389393,0.03333333333333333
310.78978404552237,0.16773487772171475,0.03333333333333333
310.68687749760767,0.6829323031401281,0.03333333333333333
310.1575720228818,0.8037027374086415,0.03333333333333333
311.83648431674635,0.002170462032162898,0.03333333333333333
312.5241326636474,0.2138548956115235,0.03333333333333333
311.55540450990026,0.39156781029657417,0.03333333333333333
312.5230524602011,0.560543071883087,0.03333333333333333
312.52072924427154,0.9404603418404162,0.03333333333333333
312.32040668329205,1.4097382661069906,0.03333333333333333
313.8615616239361,-0.8965975726022688,0.03333333333333333
313.86036716254773,-0.7721533775069904,0.03333333333333333
312.91647758417474,-0.2599212147318236,0.03333333333333333
312.84949649433264,0.039229414280744716,0.03333333333333333
312.521436765833,0.03414077376062437,0.03333333333333333
313.60256814741797,1.0954930344487932,0.03333333333333333
312.93983936398064,1.406326341902836,0.03333333333333333
313.07898652773963,1.2768898013588843,0.03333333333333333
313.93385709466145,1.265180776691704,0.03333333333333333
314.0128406986889,-1.3795221684612924,0.03333333333333333
313.92309485519894,-0.5471068313811902,0.03333333333333333
315.27139842035626,-0.16725121831919673,0.03333333333333333
314.53327971614544,0.02288780708384189,0.03333333333333333
314.2328806492688,1.09022885165774,0.03333333333333333
314.55930285353287,1.4339933717839866,0.03333333333333333
316.0193386345791,0.04308529838407205,0.03333333333333333
315.9337666641923,0.023726286105785137,0.03333333333333333
316.34569422825973,0.02902067249548072,0.03333333333333333
319.19960702683625,-1.349020329092956,0.03333333333333333
318.87454851646345,-0.19368273542949552,0.03333333333333333
318.4776016842348,0.03790568238229138,0.03333333333333333
318.9150115368465,0.024592348632392912,0.03333333333333333
318.922045474773,0.02654882594190347,0.03333333333333333
319.2274705032067,0.3996754653439091,0.03333333333333333
319.5312485706719,0.6036032727876829,0.03333333333333333
320.46375360807264,-1.3715888259591291,0.03333333333333333
320.22539749574764,-1.2585302005438384,0.03333333333333333
320.51889500700236,-0.7980542019517447,0.03333333333333333
320.06244742843717,-0.7647088098717676,0.03333333333333333
320.78660336304927,-0.6368014987456824,0.03333333333333333
320.2977225688328,-0.5167871662832603,0.03333333333333333
320.29994927095487,0.024663631951890152,0.03333333333333333
320.0164684140072,0.681203207622036,0.03333333333333333
319.5737633867295,1.0260233880959917,0.03333333333333333
319.94444083682214,1.4337683788699676,0.03333333333333333
320.0594201277853,1.4305832811569528,0.03333333333333333
321.7023103334203,-1.3712765862513248,0.03333333333333333
321.6715076405784,-1.0660182013209336,0.03333333333333333
322.36873223007734,0.095785780373277,0.03333333333333333
321.8602155481898,0.8284795660034928,0.03333333333333333
323.15592080419236,-1.3337008697521728,0.03333333333333333
323.8609554573302,-0.8571896274602386,0.03333333333333333
323.19149914049643,-0.6383918826354035,0.03333333333333333
323.4643830637324,-0.5911801517376837,0.03333333333333333
322.71513267420625,0.004726407935656564,0.03333333333333333
322.95925560167353,0.006884555782345701,0.03333333333333333
323.0012444333248,0.02434335627307662,0.03333333333333333
325.22325631184043,0.8744599387468623,0.03333333333333333
325.4914553322218,0.17086600625585946,0.03333333333333333
326.2329872209474,0.3850203444962297,0.03333333333333333
326.4871738104033,1.0518109928098047,0.03333333333333333
325.7336878073376,1.4076967102978513,0.03333333333333333
325.5362907741037,1.4059131925184816,0.03333333333333333
328.11237963389095,-0.8595679169536914,0.03333333333333333
327.2113517755976,-0.36018565406828185,0.03333333333333333
329.07832466560336,-1.1765319341475455,0.03333333333333333
329.0844809279352,-1.171355119250367,0.03333333333333333
328.47300507247337,1.2093483045375537,0.03333333333333333
328.8102870259054,1.4091174295466922,0.03333333333333333
330.87254325582376,0.18340531179324684,0.03333333333333333
332.36566158168495,-0.8052376045536256,0.03333333333333333
332.3601022666241,-0.1607617204788337,0.03333333333333333
332.3654588760257,0.28082892831102396,0.03333333333333333
331.54889135816103,1.0487838728160106,0.03333333333333333
332.32508825897185,1.1897825329487246,0.03333333333333333
333.3576979122758,-1.29480693509908,0.03333333333333333
332.3017849495602,-0.8609959066600249,0.03333333333333333
332.96753183811387,1.4411947805772027,0.03333333333333333
335.92120564114447,0.027798570553661046,0.03333333333333333
338.0104538260924,-0.7773468136123983,0.03333333333333333
337.6616231459122,1.4104520350416008,0.03333333333333333
338.92938653521645,-0.9101558150095174,0.03333333333333333
338.82674120291733,-0.4650984404522751,0.03333333333333333
339.76327230117045,-0.5548586150826711,0.03333333333333333
339.6914598354496,0.036572298721785725,0.03333333333333333
339.9170471997488,0.9433648189988764,0.03333333333333333
341.0669173667278,0.03781288031877107,0.03333333333333333
341.6497116859714,1.4044433367132734,0.03333333333333333
342.5538186652384,-0.666369376718931,0.03333333333333333
342.4961941668528,-0.5088284479704046,0.03333333333333333
342.9573033947985,-0.4698259059306293,0.03333333333333333
342.44024558425787,-0.3814398037277525,0.03333333333333333
343.01001877352525,0.21079504991066345,0.03333333333333333
343.6195215253311,1.1192222323684249,0.03333333333333333
342.42024692885013,1.4353598967575971,0.03333333333333333
345.03982680614405,-0.5437194496423986,0.03333333333333333
344.9803738655761,0.869386257481867,0.03333333333333333
347.59325933163666,0.551733190535768,0.03333333333333333
348.4181898950927,0.22071357473663572,0.03333333333333333
350.1579708798687,0.14343158687777824,0.03333333333333333
350.34773103803496,1.3452165223532555,0.03333333333333333
351.96029826927185,-0.6602464865351392,0.03333333333333333
351.5535315128746,0.515577292252936,0.03333333333333333
351.5551220743968,0.5159051052099938,0.03333333333333333
353.16183099895625,0.00977267962902078,0.03333333333333333
353.5575214626793,-0.8807007921076061,0.03333333333333333
353.80592982508574,0.03919277263594855,0.03333333333333333
354.34049940692285,0.39160206014228016,0.03333333333333333
354.40093650947404,0.5986585606189089,0.03333333333333333
354.3799640317918,0.6822180980944633,0.03333333333333333
353.91707233892606,1.1981478608354423,0.03333333333333333
356.16887664029036,-0.20168237311045206,0.03333333333333333
356.63999412532166,0.10947763128350964,0.03333333333333333
357.8153294830433,-5.899864619831414e-05,0.03333333333333333
48.20465145881078,-31.49197477035192,0.03333333333333333
49.09219215863045,-31.443972638434573,0.03333333333333333
48.08069112038904,-31.03309017043423,0.03333333333333333
50.70681403919572,-31.144951700821395,0.03333333333333333
52.86913605810892,-31.374955539913845,0.03333333333333333
53.70119364265332,-30.39119052293968,0.03333333333333333
63.26609460487469,-30.82971799215683,0.03333333333333333
66.63402164549335,-30.55952936479105,0.03333333333333333
47.22044853734907,-32.04173929465971,0.03333333333333333
54.78829746176021,-31.51634415039485,0.03333333333333333
69.44202350674915,-32.38465812021077,0.03333333333333333
73.3147547491657,-32.80269125575869,0.03333333333333333
72.78782562509124,-32.779306309364664,0.03333333333333333
74.03903543909098,-32.220447902442004,0.03333333333333333
74.42280186485083,-32.58325246410937,0.03333333333333333
74.42337221871806,-32.57473859957631,0.03333333333333333
74.67197376855974,-32.32577870784293,0.03333333333333333
74.0390263272997,-32.22044753826006,0.03333333333333333
52.48707356351332,-33.5333457233012,0.03333333333333333
51.81826932424134,-33.49311484159038,0.03333333333333333
51.808808816789906,-33.48352569174273,0.03333333333333333
52.87598809949751,-33.51416844973754,0.03333333333333333
54.098439613132896,-33.26919562901536,0.03333333333333333
53.06056154725957,-33.10818101302587,0.03333333333333333
55.95149144051901,-34.11479640982247,0.03333333333333333
60.55623225418346,-33.350840438466946,0.03333333333333333
59.20763486983075,-33.12779171719599,0.03333333333333333
62.966930977008715,-32.852399413947445,0.03333333333333333
68.33683087384875,-33.38510466081773,0.03333333333333333
68.62828508861851,-33.346808755990374,0.03333333333333333
70.10172855078011,-33.721084573828804,0.03333333333333333
71.63646136232454,-33.699260645536754,0.03333333333333333
71.81962911154913,-33.31001563582602,0.03333333333333333
71.35206127128616,-33.083357405645316,0.03333333333333333
71.21320200634057,-33.077170004932874,0.03333333333333333
70.99879233111965,-32.84621240916002,0.03333333333333333
70.74037628238938,-32.84833405183897,0.03333333333333333
71.45873175348939,-33.0299063871025,0.03333333333333333
75.08244821084557,-33.379049239074334,0.03333333333333333
55.088714762511465,-34.65158064066873,0.03333333333333333
57.90155132680647,-34.161375288855865,0.03333333333333333
62.93456723404044,-34.93504459479156,0.03333333333333333
63.08789805822482,-34.35314606204709,0.03333333333333333
66.34842903902589,-35.56941827377986,0.03333333333333333
68.12178527796358,-34.85045819027929,0.03333333333333333
69.8881526124255,-35.23925645804542,0.03333333333333333
68.59301627996459,-35.02425304000783,0.03333333333333333
68.21747211652334,-34.62452584437809,0.03333333333333333
71.53853981756566,-35.56922892408558,0.03333333333333333
52.65199168817787,-36.61459842951032,0.03333333333333333
52.55487609384101,-36.05835174464874,0.03333333333333333
55.756103240598705,-36.27922745069839,0.03333333333333333
55.76923703270252,-36.26776201994893,0.03333333333333333
55.767731697811755,-36.27391057439166,0.03333333333333333
55.76928012868025,-36.27043425256432,0.03333333333333333
56.74769684502736,-36.49257235082898,0.03333333333333333
57.50913056433689,-35.8326311130568,0.03333333333333333
57.5125504578195,-35.963501437944004,0.03333333333333333
58.33223269027387,-36.86552435917897,0.03333333333333333
58.42683137700293,-36.31713306068736,0.03333333333333333
58.51681154265012,-36.061925589895246,0.03333333333333333
63.58276149070371,-36.529047185286004,0.03333333333333333
65.86292991882347,-36.71093448319228,0.03333333333333333
65.81763599279769,-35.88536577745356,0.03333333333333333
66.757560326945,-36.61030160698656,0.03333333333333333
67.51890098778222,-36.26163853189254,0.03333333333333333
65.81765313428029,-35.885406958968275,0.03333333333333333
67.97981715838986,-35.485717122227065,0.03333333333333333
71.46895471064742,-36.28488992411335,0.03333333333333333
50.658992968525546,-37.31340417050729,0.03333333333333333
52.01996524043048,-38.139549254738114,0.03333333333333333
53.54809274925382,-37.168580455539306,0.03333333333333333
56.393779746262815,-37.11760710785724,0.03333333333333333
58.81671653823677,-37.49575812066213,0.03333333333333333
59.06736364199932,-36.87457019582666,0.03333333333333333
66.62889562359112,-37.5100731471484,0.03333333333333333
70.13158858337954,-37.47575261825271,0.03333333333333333
73.06060239400423,-37.9919065152491,0.03333333333333333
57.63906064822429,-39.37909200095996,0.03333333333333333
59.12523850646553,-39.325905608821934,0.03333333333333333
58.09248027378109,-38.57728246479672,0.03333333333333333
58.46820891471357,-38.567926112853385,0.03333333333333333
57.92465917430867,-38.46333201406113,0.03333333333333333
60.461735627200966,-38.114702979379366,0.03333333333333333
61.429840813583105,-39.335801694290225,0.03333333333333333
62.7988896872499,-38.32791818274745,0.03333333333333333
64.6111760708634,-38.6595858983408,0.03333333333333333
71.14662993624924,-38.168982343505924,0.03333333333333333
73.23851113836645,-39.41773032491768,0.03333333333333333
72.69567521725601,-39.38902389340432,0.03333333333333333
72.89887324526747,-38.36985745026533,0.03333333333333333
60.59402061696332,-39.785736006852105,0.03333333333333333
64.12268553241697,-40.3856335074992,0.03333333333333333
67.63195394730924,-40.33416400168768,0.03333333333333333
68.92951209068453,-40.13549189440109,0.03333333333333333
70.86882869330367,-40.50845328585881,0.03333333333333333
72.31190226669436,-40.66184845103822,0.03333333333333333
71.77402849131806,-39.563291681462715,0.03333333333333333
66.4870237601996,-41.65913760262777,0.03333333333333333
66.83017366086847,-41.54629318326341,0.03333333333333333
66.76771312209667,-41.033724205938455,0.03333333333333333
67.38527593034928,-41.77350616805376,0.03333333333333333
67.3871734392093,-41.77175485155893,0.03333333333333333
67.39145014555153,-41.76979787637345,0.03333333333333333
69.84716192991094,-41.89768519973397,0.03333333333333333
72.48787605299465,-40.733069045769895,0.03333333333333333
67.50984080180106,-43.31132986571617,0.03333333333333333
73.4495734131297,-42.17584049965824,0.03333333333333333
67.70409709594306,-44.643996136155046,0.03333333333333333
71.18708384697203,-44.723844169755786,0.03333333333333333
74.84693958746062,-44.77142551414888,0.03333333333333333
73.91792606171255,-44.20524034719301,0.03333333333333333
69.54356060451839,-45.56293455320443,0.03333333333333333
68.14438206286587,-45.10075328263621,0.03333333333333333
73.371161045659,-46.0410074649335,0.03333333333333333
73.36757539910842,-45.898173692039826,0.03333333333333333
71.49624184012343,-45.27040536647438,0.03333333333333333
71.56022207587412,-44.93927097500845,0.03333333333333333
74.33698926946991,-45.82905980020424,0.03333333333333333
74.42225239279408,-45.56227542991262,0.03333333333333333
74.75296019907731,-45.44399766213172,0.03333333333333333
67.84174932549305,-46.286016535700256,0.03333333333333333
71.39492389981443,-46.14336376348599,0.03333333333333333
71.39509153902657,-46.14342468013778,0.03333333333333333
72.89297067514529,-46.212659198039596,0.03333333333333333
74.76263566702788,-47.06966761511336,0.03333333333333333
75.23685410853099,-46.616330446672194,0.03333333333333333
69.32384050113563,-48.23893440284696,0.03333333333333333
69.32409717827755,-48.23432875189288,0.03333333333333333
70.07286093453575,-48.186958809432966,0.03333333333333333
72.93760920304778,-48.064508124820975,0.03333333333333333
71.49852704857584,-47.52042334228,0.03333333333333333
73.59362150777575,-47.926423142640715,0.03333333333333333
73.95131166743731,-47.420150328443725,0.03333333333333333
72.36214160659252,-49.706381323415,0.03333333333333333
72.46268584820041,-49.22243144774339,0.03333333333333333
74.69162798894068,-49.65022450658799,0.03333333333333333
74.7962520973725,-51.181346964643524,0.03333333333333333
332.1200133193939,-23.545630301842518,0.03333333333333333
331.11967325181223,-23.551897642391786,0.03333333333333333
333.9627144838202,-24.826059004709894,0.03333333333333333
334.0647374844005,-24.688033760607844,0.03333333333333333
331.20076684133096,-26.03419818757105,0.03333333333333333
331.6677204935942,-25.992457596496816,0.03333333333333333
332.5306948435685,-25.595950760928286,0.03333333333333333
334.10264485607917,-25.253625102748828,0.03333333333333333
338.95096175895316,-26.02333197997694,0.03333333333333333
339.27793847103413,-25.23552161417096,0.03333333333333333
339.250018230497,-25.238598858225945,0.03333333333333333
339.26933080262904,-25.23282282025545,0.03333333333333333
13.975984588090437,-27.535307458093065,0.03333333333333333
14.369149617963,-27.09686432170475,0.03333333333333333
14.371472307113226,-27.09683514680749,0.03333333333333333
14.375630780201414,-27.096701419840464,0.03333333333333333
331.9741296639492,-26.26228922134419,0.03333333333333333
332.2910241658612,-27.162643277810787,0.03333333333333333
332.85575504075257,-26.982017835468213,0.03333333333333333
333.54273912426896,-26.295273619404718,0.03333333333333333
334.37452205627085,-26.964997870309,0.03333333333333333
22.02501901193153,-28.89939832222917,0.03333333333333333
22.23924105174152,-28.59186664055769,0.03333333333333333
21.455380574897077,-28.16209776861977,0.03333333333333333
25.303998284732643,-28.6657394675786,0.03333333333333333
24.25820492552247,-28.42284241839054,0.03333333333333333
26.825872324879732,-28.959930249612498,0.03333333333333333
27.201752299656462,-28.95968339884367,0.03333333333333333
26.859410184231944,-28.328725384505404,0.03333333333333333
28.580075360868932,-28.357123888507186,0.03333333333333333
29.157265018669037,-28.008326584021184,0.03333333333333333
332.09518259852865,-27.806803301714982,0.03333333333333333
331.80672771163086,-27.54548929585597,0.03333333333333333
333.8212699349557,-28.89929996827705,0.03333333333333333
335.90012802575814,-28.527653500762096,0.03333333333333333
359.81783861242604,-29.30417456477241,0.03333333333333333
1.2574066485189048,-28.94195154280519,0.03333333333333333
7.906256073243138,-29.470910297102513,0.03333333333333333
10.286883421142363,-30.02205818852627,0.03333333333333333
10.046244341735738,-28.87293783409225,0.03333333333333333
18.561885465912976,-29.89997233650207,0.03333333333333333
18.342793944664926,-29.609490074979835,0.03333333333333333
19.89947134686495,-28.87141919052563,0.03333333333333333
22.520519074872198,-29.572138868495067,0.03333333333333333
22.024889581733827,-28.899444367549012,0.03333333333333333
26.913374056325345,-30.280846215138016,0.03333333333333333
26.49426199687244,-30.066569675304155,0.03333333333333333
28.126193284064588,-30.28468274865531,0.03333333333333333
29.61624946036952,-29.891185482142852,0.03333333333333333
29.787617159913626,-29.715844194699308,0.03333333333333333
29.677649186598988,-29.6398590286624,0.03333333333333333
333.6805918171402,-29.775894699932,0.03333333333333333
334.7611824165107,-29.203879062115284,0.03333333333333333
337.13928970250043,-29.73526798503368,0.03333333333333333
336.48177785005925,-28.87083503491227,0.03333333333333333
338.1236360305876,-29.58256024545457,0.03333333333333333
338.1194617275569,-29.583142040553717,0.03333333333333333
338.7158253673226,-29.46435532973148,0.03333333333333333
341.44076753077735,-30.285557256142077,0.03333333333333333
341.49591205038865,-30.285175671570396,0.03333333333333333
343.3326029338806,-29.455270817271966,0.03333333333333333
345.93421484653345,-30.275290641214017,0.03333333333333333
347.13509095102984,-29.096804829659995,0.03333333333333333
357.7004454619236,-30.09065529578479,0.03333333333333333
0.8269411296196106,-31.614594469578506,0.03333333333333333
7.092796839943588,-30.8116809164748,0.03333333333333333
7.085284117364902,-30.508223773102713,0.03333333333333333
10.25528257175218,-31.59977071730157,0.03333333333333333
8.608029136036379,-30.588103247675107,0.03333333333333333
13.822378236901505,-30.761019024692803,0.03333333333333333
19.60660774712286,-31.399353927533888,0.03333333333333333
22.81906701009817,-30.984071266181274,0.03333333333333333
22.514295897232213,-30.19382881416597,0.03333333333333333
25.23824018102746,-31.491475005583663,0.03333333333333333
26.01437181062347,-30.67856385402078,0.03333333333333333
30.6615273830756,-30.219717675166343,0.03333333333333333
35.069594070131714,-31.458030842867213,0.03333333333333333
35.266237590957815,-30.397409409963533,0.03333333333333333
332.5031137621446,-31.23332648999496,0.03333333333333333
331.5381061004612,-31.086860154268685,0.03333333333333333
332.13743197477373,-31.081411866091948,0.03333333333333333
332.15744931208764,-30.63824560143102,0.03333333333333333
