ra,dec,sep
152.09927004971996,-33.74140688116205,0.03333333333333333
151.91450323114069,-33.524135966587025,0.03333333333333333
152.93214407482432,-33.05011953894987,0.03333333333333333
154.64494658974206,-34.1190063856034,0.03333333333333333
154.3663915730659,-33.98572765086987,0.03333333333333333
154.19471325568398,-33.93769639351359,0.03333333333333333
154.605862289055,-33.74950869529673,0.03333333333333333
153.93129781813983,-33.626041699036854,0.03333333333333333
154.32146791053944,-33.484761350749004,0.03333333333333333
153.07926515033884,-32.95050391588013,0.03333333333333333
156.02207830613173,-33.415165852840616,0.03333333333333333
155.75642254209131,-32.957322729685906,0.03333333333333333
158.00228864707893,-33.048497062029874,0.03333333333333333
159.67377554048352,-34.26241502737588,0.03333333333333333
159.7097660453587,-34.02185573423275,0.03333333333333333
158.3797567246696,-33.984610412067454,0.03333333333333333
158.8939179081362,-33.93290130430328,0.03333333333333333
159.6771451267865,-33.79076218093833,0.03333333333333333
159.4246587054945,-33.73833702998315,0.03333333333333333
159.4056779229584,-33.545252819891125,0.03333333333333333
158.91641703708513,-33.46295344792378,0.03333333333333333
160.04800314002125,-33.950192263578785,0.03333333333333333
162.1618301697426,-33.31546566832993,0.03333333333333333
161.92541498956825,-33.23807159785463,0.03333333333333333
150.52292872666226,-35.661457618597666,0.03333333333333333
151.49611234048544,-35.65737057404324,0.03333333333333333
150.6402424265902,-35.47398963759894,0.03333333333333333
150.9421771426241,-34.85828588066847,0.03333333333333333
152.3787647523071,-35.68465847313757,0.03333333333333333
153.40433115301468,-34.65244888469657,0.03333333333333333
153.5378569787986,-35.355940085347946,0.03333333333333333
154.08080283810673,-35.16230490852819,0.03333333333333333
153.92845703917604,-34.95312541192578,0.03333333333333333
155.10118483134866,-34.717670743804085,0.03333333333333333
156.67526149389363,-35.16301978064512,0.03333333333333333
159.93044061892934,-35.279106136658,0.03333333333333333
159.93297209294911,-35.27892120230055,0.03333333333333333
160.16731056810488,-35.13667212679428,0.03333333333333333
159.9924763824769,-34.274412407497,0.03333333333333333
161.98262220601228,-34.929451577212724,0.03333333333333333
163.66418605871192,-35.27968742479079,0.03333333333333333
162.69655105046274,-34.25459381702713,0.03333333333333333
161.93026156105,-34.394818137624945,0.03333333333333333
163.41832296719375,-34.24629735014039,0.03333333333333333
162.02014064140258,-34.27825924763189,0.03333333333333333
162.6687298957758,-34.2641041789698,0.03333333333333333
161.9660051807954,-34.346880948451904,0.03333333333333333
161.94920992313206,-34.36833167544353,0.03333333333333333
163.93540789426754,-35.18640347353378,0.03333333333333333
163.6808585820377,-34.80927063616754,0.03333333333333333
151.4554686689929,-37.04463382336677,0.03333333333333333
150.84520145161733,-36.76957552461777,0.03333333333333333
151.97208849564197,-36.21400834487692,0.03333333333333333
151.22114792064494,-35.63835748090236,0.03333333333333333
152.14854865418644,-36.9506504737746,0.03333333333333333
155.51071934056586,-36.79331695259749,0.03333333333333333
154.43103602303518,-36.46879664224001,0.03333333333333333
157.3904858071151,-36.95087229129138,0.03333333333333333
156.6814475599765,-36.86639430478189,0.03333333333333333
156.81593563685482,-35.90850934966684,0.03333333333333333
156.154529956977,-35.65419839973461,0.03333333333333333
156.2932677064893,-35.6534846222649,0.03333333333333333
158.12417697298562,-36.533644685886884,0.03333333333333333
157.57290291817117,-35.659119848817646,0.03333333333333333
157.44378714230615,-35.6595564408041,0.03333333333333333
160.19765192324147,-36.69404704459475,0.03333333333333333
159.69533499623648,-36.66098782728348,0.03333333333333333
160.85508639996957,-36.556121328097866,0.03333333333333333
159.3056318173366,-36.39801143307725,0.03333333333333333
160.22215557986829,-36.29422031165354,0.03333333333333333
162.31795142049924,-36.62253214512361,0.03333333333333333
161.44413645616433,-36.54694301592071,0.03333333333333333
161.64835625354115,-36.37793615462056,0.03333333333333333
160.95403264013774,-35.95401998818004,0.03333333333333333
162.58115354165443,-35.87100030857137,0.03333333333333333
163.63389380335684,-35.629088509130895,0.03333333333333333
149.76249783924553,-38.41219761678429,0.03333333333333333
151.07609766736402,-38.41148860860918,0.03333333333333333
151.18667429612722,-38.40966541030304,0.03333333333333333
151.56953792547986,-38.40156834206533,0.03333333333333333
149.7560249868848,-38.30577994120159,0.03333333333333333
149.755481421379,-38.28002478543445,0.03333333333333333
151.25970897228413,-37.94400307067483,0.03333333333333333
149.74924316538934,-37.37502482341152,0.03333333333333333
151.8427596129479,-38.338308811132286,0.03333333333333333
153.08289287937652,-37.880762341658354,0.03333333333333333
155.00531743006613,-37.71577684225773,0.03333333333333333
155.15725826078491,-37.67194861870718,0.03333333333333333
154.39138897381306,-37.024605542304656,0.03333333333333333
157.55559671075378,-37.93340441307249,0.03333333333333333
159.52445443933868,-38.11618654832654,0.03333333333333333
159.55746579607833,-38.10099582718476,0.03333333333333333
159.54117578960958,-38.08564263290004,0.03333333333333333
158.80022003255257,-37.99205111182224,0.03333333333333333
160.40688114853938,-37.02325820386788,0.03333333333333333
158.70688957070016,-37.03489433151939,0.03333333333333333
160.54241405081825,-37.1809002862968,0.03333333333333333
160.55599779167844,-37.17393693553885,0.03333333333333333
160.55099212321312,-37.173237202703206,0.03333333333333333
162.75501216665592,-38.449420781473655,0.03333333333333333
162.9679363456611,-38.44874953007806,0.03333333333333333
163.47829591873145,-38.442238120092455,0.03333333333333333
164.02324945930712,-37.98281978575668,0.03333333333333333
164.01126868823894,-37.45824463513321,0.03333333333333333
149.848201059957,-39.79250743849382,0.03333333333333333
151.01156568731253,-39.77467777041512,0.03333333333333333
149.70353286262838,-39.63714739879367,0.03333333333333333
149.6355902883354,-39.58583888304721,0.03333333333333333
149.65903234167266,-39.3851972435899,0.03333333333333333
149.2099214086446,-39.26373746510526,0.03333333333333333
151.09836274544745,-39.78065512404308,0.03333333333333333
152.85386351199492,-39.37055407479363,0.03333333333333333
152.8496252768941,-39.19324855739451,0.03333333333333333
152.64436800198632,-38.4895032699949,0.03333333333333333
151.55978082510055,-38.399062545699,0.03333333333333333
151.3549849508297,-38.400079241759684,0.03333333333333333
151.45480765672232,-38.39955942337674,0.03333333333333333
151.30947316770684,-38.40037260284846,0.03333333333333333
154.6684913743396,-39.598765461727254,0.03333333333333333
154.33485478536977,-38.661865014125254,0.03333333333333333
154.64584364884232,-38.65992588271548,0.03333333333333333
153.47483517780296,-38.39927855908758,0.03333333333333333
155.73188019043576,-39.71705285488397,0.03333333333333333
155.61341392301364,-39.37673618537828,0.03333333333333333
156.46082238607755,-38.93167106551096,0.03333333333333333
156.45983479774168,-38.89510645342287,0.03333333333333333
157.56146957649653,-39.47754439458408,0.03333333333333333
158.27733615320287,-39.44927453983705,0.03333333333333333
157.67806641887574,-39.314829182637936,0.03333333333333333
156.63836049025772,-39.06273513188007,0.03333333333333333
159.33581965785172,-39.511449509968884,0.03333333333333333
159.20063653102613,-39.38972800764064,0.03333333333333333
159.66258529260898,-38.726494622334094,0.03333333333333333
161.89829958422808,-39.572857670563224,0.03333333333333333
160.2259078109544,-39.29812790251006,0.03333333333333333
161.89124598768387,-39.23507400707898,0.03333333333333333
161.67431450735447,-38.61589723171539,0.03333333333333333
165.47559006719322,-39.53282875996907,0.03333333333333333
163.81785030664577,-39.531186054981816,0.03333333333333333
164.45909582984416,-39.45890567419431,0.03333333333333333
164.81952148049504,-38.799956634539505,0.03333333333333333
153.498570434104,-40.70876070885687,0.03333333333333333
154.13524466163526,-40.47431157124486,0.03333333333333333
154.13248253914844,-40.36725924497201,0.03333333333333333
154.02284306091954,-39.993526474259355,0.03333333333333333
153.5725969757041,-39.76238116633039,0.03333333333333333
155.96180830824338,-39.815525544326775,0.03333333333333333
157.01729078637996,-40.31704547930922,0.03333333333333333
157.81612514905603,-40.2556672810006,0.03333333333333333
156.1085029511497,-39.77442668405828,0.03333333333333333
159.66078721288955,-41.13364258615436,0.03333333333333333
159.23886226001918,-41.09548460333408,0.03333333333333333
159.68035744220919,-41.021646570967405,0.03333333333333333
157.99153307207197,-40.96953258945375,0.03333333333333333
159.66891736919638,-40.50594116678326,0.03333333333333333
162.2582386302399,-41.19033967952688,0.03333333333333333
163.01932336512203,-41.18300415165841,0.03333333333333333
163.02657404173044,-39.97373125579219,0.03333333333333333
161.56098878842062,-39.83341204752862,0.03333333333333333
165.2164425791917,-40.98912731580375,0.03333333333333333
164.6205501009792,-40.948349431563116,0.03333333333333333
164.6476831347533,-40.28156495944568,0.03333333333333333
165.19804407736234,-40.211352022406274,0.03333333333333333
149.80141692374488,-42.52885071428239,0.03333333333333333
151.66535693044338,-41.966159315706676,0.03333333333333333
149.73564964469014,-41.677781359269865,0.03333333333333333
150.31179472771353,-41.113462693569105,0.03333333333333333
151.05985287595374,-41.10718636423782,0.03333333333333333
152.48711823948125,-41.373855883707115,0.03333333333333333
152.34433312857436,-41.331860277074405,0.03333333333333333
155.03197486483327,-41.997660232818646,0.03333333333333333
155.47048944211934,-41.63539196862956,0.03333333333333333
154.0283666728146,-41.32656517054454,0.03333333333333333
155.28670803587954,-41.254197141913416,0.03333333333333333
155.15782855389222,-41.277668690757814,0.03333333333333333
153.99275003981413,-41.13644995804133,0.03333333333333333
157.00013291345468,-42.54669599302421,0.03333333333333333
157.12586287020832,-42.53370793303173,0.03333333333333333
156.53873986874154,-42.53879115200722,0.03333333333333333
156.5394666515134,-42.455237521625754,0.03333333333333333
155.89547456191596,-42.36632247087713,0.03333333333333333
157.27210638153892,-42.32492893829957,0.03333333333333333
155.54767408724928,-42.316643634247924,0.03333333333333333
157.36735942281018,-42.30282160503009,0.03333333333333333
156.95692879682616,-42.202772770741035,0.03333333333333333
156.80798221590868,-41.75344702027253,0.03333333333333333
156.12144025120492,-41.630956456640135,0.03333333333333333
155.6950452981692,-41.531518314109825,0.03333333333333333
157.3359974073114,-41.18226341067472,0.03333333333333333
155.77829042155838,-41.19150375203482,0.03333333333333333
163.02258534753167,-42.39507045520363,0.03333333333333333
162.8097853903709,-42.35026148523304,0.03333333333333333
163.01477364702225,-42.05389547901859,0.03333333333333333
164.92665357755362,-41.95612541184974,0.03333333333333333
163.1743022239505,-41.13567230046996,0.03333333333333333
164.90383112513754,-41.18236244274393,0.03333333333333333
151.12229888327073,-43.82702168280765,0.03333333333333333
152.4519928675488,-43.60176610847857,0.03333333333333333
153.00308292296071,-42.51736313013212,0.03333333333333333
152.3191626261517,-42.49362257295432,0.03333333333333333
154.9676220533409,-43.84293017654596,0.03333333333333333
154.95870988637145,-43.47139403401921,0.03333333333333333
154.23653760054174,-42.81005183665026,0.03333333333333333
153.36155511660783,-42.499531614768074,0.03333333333333333
153.24974704910682,-42.50000543516296,0.03333333333333333
153.02539215706062,-42.500861128784365,0.03333333333333333
153.05316343887603,-42.56073605000727,0.03333333333333333
154.93439085743265,-42.650246933143755,0.03333333333333333
158.64275672332977,-43.43606335191865,0.03333333333333333
157.25895275770068,-43.27355324028985,0.03333333333333333
158.7863144497849,-42.884301925373784,0.03333333333333333
158.77363182763744,-42.50725596927018,0.03333333333333333
159.3761025286401,-43.836621263222284,0.03333333333333333
160.33953036792576,-43.779634012642155,0.03333333333333333
160.46240987047213,-43.01059729167617,0.03333333333333333
160.09059018316205,-42.49731782628473,0.03333333333333333
159.04263960859674,-42.503386458864,0.03333333333333333
161.49728632169519,-43.91853901117009,0.03333333333333333
162.6601396844595,-43.82235658606171,0.03333333333333333
162.65611904576684,-43.63717447246882,0.03333333333333333
162.6318278249814,-42.76064300155167,0.03333333333333333
161.37022696687882,-42.749041119671695,0.03333333333333333
163.84881952000396,-42.84868980420465,0.03333333333333333
154.41277894947166,-44.929892926544206,0.03333333333333333
153.4667749016071,-44.85093034772829,0.03333333333333333
153.97412792521047,-44.78688252760929,0.03333333333333333
153.18534769212818,-44.577972146901395,0.03333333333333333
154.39175966938382,-44.22517809369361,0.03333333333333333
156.37476960537074,-44.88310650542607,0.03333333333333333
155.4986551269564,-44.12836066103306,0.03333333333333333
154.4679816082649,-44.08188553285317,0.03333333333333333
156.12717310182674,-43.86281048312747,0.03333333333333333
155.68835464517025,-43.8591995236014,0.03333333333333333
156.76211329601654,-43.97818242789426,0.03333333333333333
157.95190629113998,-43.856611926212615,0.03333333333333333
157.7706808196481,-43.858128341876544,0.03333333333333333
158.16316047382182,-43.854524173476655,0.03333333333333333
160.30923748710904,-44.92261363513954,0.03333333333333333
158.8009457986422,-44.51873531918282,0.03333333333333333
160.27918862363154,-43.95083178263482,0.03333333333333333
159.12451927770744,-43.86216167822242,0.03333333333333333
161.02697538196998,-44.70152582836704,0.03333333333333333
162.25702581706247,-44.289565426992,0.03333333333333333
162.25680600401515,-44.28157772485736,0.03333333333333333
164.13841898267842,-45.267740764099166,0.03333333333333333
163.33925709637433,-45.081931709836944,0.03333333333333333
164.03934866137212,-44.41894410678219,0.03333333333333333
163.97918655718257,-44.12231958901677,0.03333333333333333
164.21317636410748,-43.95877592442852,0.03333333333333333
153.36491278284038,-46.30909747384894,0.03333333333333333
152.55081760334653,-46.071285785432046,0.03333333333333333
152.73523432304492,-45.89474219969776,0.03333333333333333
153.56879403688018,-45.65617990811142,0.03333333333333333
152.22718220930102,-45.55100839431119,0.03333333333333333
153.81120071653132,-46.63378737871836,0.03333333333333333
155.84938269898657,-46.13753227955157,0.03333333333333333
154.0920741169289,-45.696859700599745,0.03333333333333333
157.19537863526278,-46.13896901732245,0.03333333333333333
156.35803656860853,-45.691011782000466,0.03333333333333333
156.32140176156858,-45.222012907078714,0.03333333333333333
156.72575476134898,-45.219900913215334,0.03333333333333333
157.71973620777246,-45.21161540238485,0.03333333333333333
159.57733420979224,-46.430640904182034,0.03333333333333333
159.22369613502104,-45.48987782004196,0.03333333333333333
161.8856486153376,-46.43510093281756,0.03333333333333333
161.88205247618603,-46.296437389527206,0.03333333333333333
161.86685054653182,-45.78787523528281,0.03333333333333333
161.85810735799774,-45.53364202575359,0.03333333333333333
161.85727265595438,-45.50991497785349,0.03333333333333333
160.00710938778116,-45.22349027972803,0.03333333333333333
163.89167578725815,-46.29497773058894,0.03333333333333333
161.966895837059,-46.206533448096074,0.03333333333333333
162.70224039187852,-45.87938435117963,0.03333333333333333
162.20828893449672,-45.84741278964931,0.03333333333333333
163.33503999445998,-45.21591993690965,0.03333333333333333
162.7186590673908,-45.22015561020225,0.03333333333333333
165.0615193276557,-46.63586080912202,0.03333333333333333
165.08092823808605,-46.63567038175675,0.03333333333333333
165.662119176733,-46.62849843887303,0.03333333333333333
165.1371182175388,-46.29523307363361,0.03333333333333333
165.3033988011471,-46.25969602757061,0.03333333333333333
165.89623132094488,-46.064042966616,0.03333333333333333
165.8957605966041,-46.0443137199059,0.03333333333333333
165.6630086183535,-45.55189398528818,0.03333333333333333
165.87517979456578,-45.416478048074104,0.03333333333333333
165.43315159945317,-45.28420984136985,0.03333333333333333
152.72072672137344,-47.89135886611023,0.03333333333333333
153.2436742933951,-47.6244821091621,0.03333333333333333
152.53545475812322,-47.62532171098128,0.03333333333333333
153.23375201337603,-47.31276009734453,0.03333333333333333
153.2327183614846,-47.2846857255861,0.03333333333333333
152.25227472809303,-47.17958287030314,0.03333333333333333
153.22620793955338,-47.08881113302999,0.03333333333333333
153.22591889345185,-47.08347643278292,0.03333333333333333
152.36915465081643,-47.04289961442297,0.03333333333333333
151.23346316207153,-46.574718554266155,0.03333333333333333
154.00923491926937,-47.71977584997246,0.03333333333333333
154.14052602548387,-47.53242931388222,0.03333333333333333
154.23945825616244,-47.3921581778121,0.03333333333333333
154.72423082468399,-47.28649686438772,0.03333333333333333
154.40614841938157,-47.15245157204855,0.03333333333333333
154.41439220156607,-47.140792463852215,0.03333333333333333
154.5639955694551,-46.924917394367114,0.03333333333333333
155.08784695777558,-46.88892338379768,0.03333333333333333
155.27582583045088,-46.86470762872915,0.03333333333333333
154.68851567662225,-46.74451376928374,0.03333333333333333
154.8061411747686,-46.569947381674034,0.03333333333333333
153.8689199577056,-46.573178379720495,0.03333333333333333
153.58005269120684,-46.623179283118645,0.03333333333333333
155.86332016875696,-47.413115319349785,0.03333333333333333
157.33577965173504,-47.099721750301505,0.03333333333333333
156.31655361028075,-46.57465324828705,0.03333333333333333
155.4133711088854,-46.57851388828641,0.03333333333333333
158.54289174424508,-47.34329699002653,0.03333333333333333
157.40710824826238,-47.10122646715278,0.03333333333333333
158.7335893010778,-46.57137860519149,0.03333333333333333
159.37450457414124,-46.600060518309256,0.03333333333333333
159.8499744585474,-47.76848404090754,0.03333333333333333
161.24596255131198,-46.68864128764378,0.03333333333333333
161.12859754401143,-46.69248763650877,0.03333333333333333
161.43753585136548,-46.69739079002696,0.03333333333333333
162.32815419539284,-47.577019195906495,0.03333333333333333
163.00659502202097,-46.89539765182412,0.03333333333333333
163.4939448969398,-46.746875326749475,0.03333333333333333
162.52966227390394,-46.57431005841578,0.03333333333333333
165.47585746573532,-47.9664085667137,0.03333333333333333
165.57423536085574,-47.42397241015231,0.03333333333333333
164.54522084684245,-47.29617567254488,0.03333333333333333
163.99797484651967,-46.696477635507456,0.03333333333333333
359.4183999074074,-0.5998862764435045,0.03333333333333333
0.4014018145300491,0.010222585753024463,0.03333333333333333
0.6211528419979478,0.31694993806558674,0.03333333333333333
0.7034807506795555,0.8519329689708416,0.03333333333333333
1.6582813732829766,-0.6156060790712984,0.03333333333333333
1.4199848446574734,-0.5223943935053492,0.03333333333333333
0.6982473212090481,-0.37320497795354096,0.03333333333333333
2.038930048182944,0.8264638152844974,0.03333333333333333
1.5288747214206042,1.0632034053564483,0.03333333333333333
2.3281791051778917,-0.6519420575037337,0.03333333333333333
4.273450266170872,-1.3129035238108673,0.03333333333333333
4.9621948940740355,0.8065600358271827,0.03333333333333333
4.474256625814649,0.8493703288672522,0.03333333333333333
5.9829866240948695,-1.3473906426787805,0.03333333333333333
5.594432476753797,-1.3081272454307042,0.03333333333333333
5.591182177195014,-1.3142191981498268,0.03333333333333333
5.6162858960215045,0.042450430931753484,0.03333333333333333
7.276302722919892,0.3920479485912379,0.03333333333333333
6.694890093607742,0.7087221558212692,0.03333333333333333
8.346976219775947,-1.1284237621833524,0.03333333333333333
7.843167333161527,-0.6116026850313425,0.03333333333333333
8.499294114396212,-0.5738202371084438,0.03333333333333333
8.284270061062477,0.03216413813963264,0.03333333333333333
7.819948422948017,0.0331775129828225,0.03333333333333333
8.278291263150956,0.03143614759071413,0.03333333333333333
9.042584541752511,0.07431459768973303,0.03333333333333333
7.823701945596341,0.2847385223835052,0.03333333333333333
9.952330190667144,-1.3700420632664596,0.03333333333333333
9.360479756085526,-1.2879322111912523,0.03333333333333333
9.308785545285225,-0.9344374247364892,0.03333333333333333
10.623703382572664,0.175638909265558,0.03333333333333333
10.020299292688003,1.4097597320510826,0.03333333333333333
9.876175084523544,1.3391251468348433,0.03333333333333333
11.637854188492955,-0.9786020771589268,0.03333333333333333
11.404389044131227,-0.8052920775559873,0.03333333333333333
11.474492098558704,-0.1992573167745287,0.03333333333333333
12.64245726961933,-1.3721204849383757,0.03333333333333333
12.474358847123469,0.02979422393403008,0.03333333333333333
12.473781200596369,0.029588647354752636,0.03333333333333333
13.369498066200034,0.8177367570245151,0.03333333333333333
12.183124405842758,1.2683601313573207,0.03333333333333333
15.262458504705215,0.03947652157096749,0.03333333333333333
15.858593872627726,-0.09637300712981972,0.03333333333333333
17.699220359191624,0.7172405756451992,0.03333333333333333
17.868136583130738,0.028697448346591325,0.03333333333333333
17.957632450485534,0.7100174845088587,0.03333333333333333
18.411892993398265,0.8646866704472255,0.03333333333333333
18.418416425105384,0.8774947989896621,0.03333333333333333
18.499852781713415,1.071853078983265,0.03333333333333333
18.19778269211679,0.9917609721358528,0.03333333333333333
18.196754716212197,0.990861784943968,0.03333333333333333
19.68954874163511,0.0031036602195232896,0.03333333333333333
19.27309747954921,0.4816268267015904,0.03333333333333333
19.115884120530225,1.2511265823683608,0.03333333333333333
20.83772876548177,-0.023272100317654136,0.03333333333333333
20.476220740788392,-0.2115342474830648,0.03333333333333333
21.023875138799614,0.9847039355132879,0.03333333333333333
21.34041797035756,1.1851303083322704,0.03333333333333333
21.19965406869613,1.0411077528269448,0.03333333333333333
23.309717870129084,-0.6259540612778528,0.03333333333333333
23.995644262353462,-1.3752690567439818,0.03333333333333333
24.097766856914173,-1.3742996947311892,0.03333333333333333
23.501916594472327,-1.0664487372750466,0.03333333333333333
24.72932963472101,-0.9080296370311676,0.03333333333333333
25.57802933976285,0.03042523154056872,0.03333333333333333
25.02801045849171,0.08644251017331041,0.03333333333333333
25.14300595072763,0.2293876116251005,0.03333333333333333
25.989454408111488,0.3857641395648301,0.03333333333333333
25.70353152980225,1.4428190807015564,0.03333333333333333
24.958880707359352,1.3511408301198895,0.03333333333333333
26.385396097254528,-0.6544878480815695,0.03333333333333333
27.09725930038401,0.029336640845087032,0.03333333333333333
27.374718987722755,0.5770046920534783,0.03333333333333333
27.162624971853127,1.1027887504594875,0.03333333333333333
28.54967265181838,0.028294225854346024,0.03333333333333333
29.90820249820641,-0.6935597585923676,0.03333333333333333
29.14708801319887,-0.5323637895890743,0.03333333333333333
29.173166754977064,-0.20766546967442048,0.03333333333333333
29.480452218174328,0.2682120623439975,0.03333333333333333
29.907681041465725,0.3924281092976458,0.03333333333333333
31.72683596626063,0.2647050172742986,0.03333333333333333
30.40571725445402,0.5125087478368078,0.03333333333333333
32.18400738288024,-1.2174127278461904,0.03333333333333333
31.848437233266054,0.030946941432922963,0.03333333333333333
33.396981208126874,0.20981045999617268,0.03333333333333333
33.299295671509114,0.2219084650980616,0.03333333333333333
35.217705119479525,-1.3720774757677747,0.03333333333333333
35.41909507565958,0.038483362539022466,0.03333333333333333
35.41890297925486,0.049017576923447916,0.03333333333333333
35.41891022599265,0.0522880146252921,0.03333333333333333
35.41827797772365,0.040402831592632985,0.03333333333333333
37.1041824794789,-1.1367063036883334,0.03333333333333333
37.352969731157295,-1.051789857167018,0.03333333333333333
36.99250641431996,0.04044211181414373,0.03333333333333333
37.43891173256027,0.14898625084589856,0.03333333333333333
38.35827465381395,-0.9445651391434908,0.03333333333333333
38.45854654075553,0.242420464012594,0.03333333333333333
38.980316923183004,0.3465391237880454,0.03333333333333333
39.14871940890983,-0.5342706372644691,0.03333333333333333
40.24643683967374,0.7627476177593495,0.03333333333333333
39.51783882095801,1.1814393620189445,0.03333333333333333
40.8505257296676,-1.22645722290896,0.03333333333333333
41.66637917857985,-0.2414228128603676,0.03333333333333333
40.35018950842368,0.03157109336965599,0.03333333333333333
40.626859937097386,0.6262263573870926,0.03333333333333333
41.05066702435974,1.4440903812712853,0.03333333333333333
40.36872861826452,1.4046969946952377,0.03333333333333333
42.97126781048589,-1.1579714471696143,0.03333333333333333
42.980019350791004,-1.1639445025458024,0.03333333333333333
43.138917269956245,0.13672687757300409,0.03333333333333333
43.02123886213714,1.4209898072839555,0.03333333333333333
43.731935421813844,-1.2049457159091728,0.03333333333333333
43.24908496755586,0.032020907401315295,0.03333333333333333
44.294303648025895,-0.2253132966246055,0.03333333333333333
44.644082543275815,1.1491366776191816,0.03333333333333333
43.313288238371136,1.4007667166873037,0.03333333333333333
45.260439344695044,-0.7371448867232501,0.03333333333333333
45.790938596332744,0.22716021389222715,0.03333333333333333
45.94825839822816,0.7212308875386797,0.03333333333333333
45.98432321560463,0.9565038129204544,0.03333333333333333
47.39317379770237,-1.4031628577992878,0.03333333333333333
46.07402391239703,-0.8254163698523541,0.03333333333333333
46.51800706721301,0.21525377030478549,0.03333333333333333
47.34240193640671,0.8495076696737619,0.03333333333333333
46.95594022720145,1.4410824048726425,0.03333333333333333
48.36534818598657,0.042732084206848486,0.03333333333333333
47.43716112572376,0.030414287975727983,0.03333333333333333
49.250960078299634,-1.4117196745184093,0.03333333333333333
49.39137565549594,-1.3249306475185865,0.03333333333333333
50.201135125194654,-0.11166802803846868,0.03333333333333333
49.287826052824705,0.842996813987001,0.03333333333333333
49.64455415494176,1.3534308943446736,0.03333333333333333
50.83577982354326,-0.9011096604164728,0.03333333333333333
50.598240165986425,0.9202229621445512,0.03333333333333333
53.152707253450956,0.7303693714714208,0.03333333333333333
53.14835008521255,1.1463338809906205,0.03333333333333333
53.96767383110565,0.04208960947631105,0.03333333333333333
53.96767491216678,0.04214054114096515,0.03333333333333333
54.43497518020293,0.5941790008879552,0.03333333333333333
54.29428138799668,0.6078160633510274,0.03333333333333333
53.21344009201404,1.0335237733843754,0.03333333333333333
53.1970994781965,1.4120796679568566,0.03333333333333333
53.28929607427306,1.4330930280802845,0.03333333333333333
55.315948536321926,-1.3701955322609898,0.03333333333333333
55.91557604314909,-1.2529246468665611,0.03333333333333333
55.56732310028989,-0.26869301942581936,0.03333333333333333
55.76939354280557,0.4200849545421101,0.03333333333333333
56.1115159452355,-1.3505278020425429,0.03333333333333333
56.406818536549395,-1.3283217479210592,0.03333333333333333
56.02389477679394,0.01667770528182564,0.03333333333333333
56.042194414945925,0.7587368440730393,0.03333333333333333
58.23642185865936,1.3467039728310437,0.03333333333333333
59.21160650977978,-0.2430266735645456,0.03333333333333333
299.77091530749766,-1.379587312772471,0.03333333333333333
299.80360699609037,-1.379578504061275,0.03333333333333333
299.9469046441098,-1.3787550433699045,0.03333333333333333
300.8850818143472,-1.3682738810310786,0.03333333333333333
300.9349623930284,-1.3674283020166649,0.03333333333333333
300.96443358717045,-1.349147378624382,0.03333333333333333
301.0617953993098,-1.341286359815057,0.03333333333333333
300.61423014162193,-1.3399271335731862,0.03333333333333333
299.78360228850084,-1.3392946630420408,0.03333333333333333
300.720459700849,-1.327527928019636,0.03333333333333333
300.8630448340798,-1.2991908360402882,0.03333333333333333
301.0994241634613,-1.298193203108397,0.03333333333333333
300.9057661516465,-1.294574573069658,0.03333333333333333
300.6426405414758,-1.293589300871686,0.03333333333333333
301.05127126797663,-1.2871269998611838,0.03333333333333333
301.06113911807444,-1.2757295927222954,0.03333333333333333
301.03107992601264,-1.2751353452381302,0.03333333333333333
300.6596882737129,-1.2668902131601651,0.03333333333333333
300.7570936996531,-1.2624370538392722,0.03333333333333333
300.87284143423193,-1.2506869551696385,0.03333333333333333
301.0720080085403,-1.2417474296955489,0.03333333333333333
300.8971770293829,-1.2374607901729726,0.03333333333333333
300.60402030463297,-1.1773318339411136,0.03333333333333333
301.0147060517451,-1.1690025184238724,0.03333333333333333
300.90281535425555,-1.1679203470304549,0.03333333333333333
300.95267826519506,-1.1261322337044957,0.03333333333333333
300.9007016677444,-1.1216141840536,0.03333333333333333
300.6155449085187,-1.1200513069500222,0.03333333333333333
301.0615768802698,-1.0974785420405089,0.03333333333333333
301.0210772785399,-1.0931147377906545,0.03333333333333333
300.7614543938572,-1.09186410687589,0.03333333333333333
300.5823043218524,-1.0916630101818026,0.03333333333333333
300.94478998107485,-1.0896609892190467,0.03333333333333333
301.0858482543656,-1.0686615118849985,0.03333333333333333
300.5795592673903,-1.0590981221960702,0.03333333333333333
301.0993179520192,-1.0580239132030311,0.03333333333333333
300.6776889591823,-1.0569583137811769,0.03333333333333333
300.79298644395874,-1.053541912792789,0.03333333333333333
300.36601722443567,-1.046153294375785,0.03333333333333333
301.03269392547725,-1.0394359677728209,0.03333333333333333
300.6579946257815,-1.0279435041234604,0.03333333333333333
300.39362611403845,-1.0235743105158503,0.03333333333333333
300.5385305159852,-1.023356156317471,0.03333333333333333
300.5621979595151,-1.0230513651342947,0.03333333333333333
300.53864515940984,-1.022640941672645,0.03333333333333333
301.0258297396897,-1.0078493519560798,0.03333333333333333
300.97513913263015,-0.9885347935741204,0.03333333333333333
300.4713356191894,-0.9840509480931444,0.03333333333333333
301.099893563217,-0.9595354348684574,0.03333333333333333
300.74886152774417,-0.9582146250448924,0.03333333333333333
300.39826301782483,-0.9495280854279428,0.03333333333333333
301.0116143958364,-0.9378786766977996,0.03333333333333333
301.0036718459415,-0.9382926003304772,0.03333333333333333
300.77203886832746,-0.9285029181576367,0.03333333333333333
300.5272830751909,-0.9273598952327384,0.03333333333333333
300.66477945913067,-0.9260078490693852,0.03333333333333333
301.03466661277355,-0.9142901648996652,0.03333333333333333
301.0730757682723,-0.9127142291235169,0.03333333333333333
300.79293511264365,-0.8994888191178192,0.03333333333333333
301.0685291219648,-0.8547169403064367,0.03333333333333333
300.79175526180967,-0.8307404452925734,0.03333333333333333
300.7369849010217,-0.8213497800836647,0.03333333333333333
300.48960226992665,-0.8183293014671876,0.03333333333333333
300.917122930952,-0.8139899806985897,0.03333333333333333
300.83888970843014,-0.8122158433195907,0.03333333333333333
300.4856339148096,-0.8113882297625444,0.03333333333333333
300.48650712723537,-0.8111670874924845,0.03333333333333333
300.9032266573665,-0.8081661465827457,0.03333333333333333
300.9198653720322,-0.7947567769456952,0.03333333333333333
300.6021773622603,-0.7954564907748602,0.03333333333333333
301.05910849090174,-0.7924175241584637,0.03333333333333333
300.7852056540895,-0.7751032892161615,0.03333333333333333
300.66332863714297,-0.7668332547811255,0.03333333333333333
300.87049443331614,-0.7666629276203807,0.03333333333333333
300.4646472986976,-0.7663066646380329,0.03333333333333333
300.48161733478804,-0.7521850109964303,0.03333333333333333
301.0040284464339,-0.749450555915103,0.03333333333333333
300.8793849362017,-0.7192795779167915,0.03333333333333333
300.6319607838696,-0.7140536652643207,0.03333333333333333
300.40536496629625,-0.7054975069396755,0.03333333333333333
300.80998289594584,-0.6907597475852544,0.03333333333333333
300.4015960819107,-0.6886480212269789,0.03333333333333333
300.7974475562367,-0.6867434973627781,0.03333333333333333
300.8718676871411,-0.6790032871693549,0.03333333333333333
300.50667042091266,-0.6783510573419324,0.03333333333333333
300.55477022157044,-0.6703873927733182,0.03333333333333333
301.0363514560117,-0.6501255997967537,0.03333333333333333
300.74056331650365,-0.6454291082984387,0.03333333333333333
300.58736807332906,-0.6395879790900749,0.03333333333333333
300.7919098153828,-0.6355054286682874,0.03333333333333333
300.5272028724832,-0.6353209153565252,0.03333333333333333
300.7878307789042,-0.6162620654037199,0.03333333333333333
301.0015767022062,-0.6082241412092136,0.03333333333333333
301.03504429182595,-0.6027637576556054,0.03333333333333333
300.7664643877927,-0.5991880949068918,0.03333333333333333
300.8890782921202,-0.5968388700943348,0.03333333333333333
300.7878740028306,-0.5964979562098386,0.03333333333333333
299.7909058302128,-0.5834965527004382,0.03333333333333333
300.61325471117704,-0.5768319821984748,0.03333333333333333
300.597296121736,-0.5636336234668379,0.03333333333333333
300.94382984919537,-0.5471499604572799,0.03333333333333333
300.7137726278591,-0.5424811839418183,0.03333333333333333
300.83879128665063,-0.5422348300377242,0.03333333333333333
300.9776904072791,-0.5396259357005201,0.03333333333333333
300.8323909163434,-0.5326627768221351,0.03333333333333333
300.29218874111234,-0.5312836767589465,0.03333333333333333
300.8619011454165,-0.5237023752645548,0.03333333333333333
300.7403860431112,-0.5146940870929658,0.03333333333333333
301.0728568526115,-0.5099903889271904,0.03333333333333333
300.9313953435405,-0.5048333406430658,0.03333333333333333
300.78178447816504,-0.4967333520898485,0.03333333333333333
300.8645503741173,-0.4945172417342503,0.03333333333333333
300.87994038695564,-0.4805440045737295,0.03333333333333333
300.819941021812,-0.468614944628676,0.03333333333333333
300.64338085865865,-0.4633635014676721,0.03333333333333333
300.68563808807363,-0.4545500232159304,0.03333333333333333
300.8982778207745,-0.4506372952308571,0.03333333333333333
300.48686594911106,-0.440149686268322,0.03333333333333333
300.55290784945635,-0.4346469500838399,0.03333333333333333
301.04835329601366,-0.43250812923773707,0.03333333333333333
301.01939386928865,-0.4276911114493977,0.03333333333333333
300.62446208707087,-0.42181628072160665,0.03333333333333333
300.58966932020354,-0.389319085276723,0.03333333333333333
301.094277770586,-0.3873008597084085,0.03333333333333333
300.80559174914106,-0.3780924336037317,0.03333333333333333
301.0561135959221,-0.3718392374369713,0.03333333333333333
300.85191515287363,-0.3632929237446086,0.03333333333333333
300.65591910037983,-0.3557152153082528,0.03333333333333333
300.8128703814847,-0.3555513613210198,0.03333333333333333
300.6930747838074,-0.3496634373928139,0.03333333333333333
300.7957285702475,-0.3489490365838045,0.03333333333333333
300.7479557627362,-0.3623050324561625,0.03333333333333333
300.55277542846903,-0.3287618896203773,0.03333333333333333
300.4168293853461,-0.3239753228549467,0.03333333333333333
300.7872669964292,-0.30526077176296473,0.03333333333333333
301.03740135602834,-0.2836804325930584,0.03333333333333333
300.48650289238,-0.28269107097603424,0.03333333333333333
300.64035760998837,-0.25912735297567274,0.03333333333333333
300.80999705284006,-0.2499621036191838,0.03333333333333333
300.0585124729908,-0.2495596083937681,0.03333333333333333
300.8167980666269,-0.2398624919964881,0.03333333333333333
300.6375347793213,-0.2364565139830125,0.03333333333333333
301.06249394964857,-0.22283072856250388,0.03333333333333333
300.93513521867163,-0.2212909328021085,0.03333333333333333
301.00555271527264,-0.21206490617518184,0.03333333333333333
300.91613967465537,-0.21033982313527452,0.03333333333333333
300.9498280923816,-0.20725064687457787,0.03333333333333333
300.55103881467187,-0.20378894536835185,0.03333333333333333
300.4724342930187,-0.19210100209417807,0.03333333333333333
301.0686767547893,-0.1869468743471034,0.03333333333333333
300.6927945929293,-0.18214640140414845,0.03333333333333333
300.90126327555464,-0.18198959186798475,0.03333333333333333
301.00924295286393,-0.14002356490773504,0.03333333333333333
300.948196381872,-0.13425865964813194,0.03333333333333333
300.54707499752465,-0.12022562517252,0.03333333333333333
300.69703086448084,-0.11779816748443925,0.03333333333333333
300.8384888764035,-0.1156583010104474,0.03333333333333333
300.6190716805786,-0.09985704677615344,0.03333333333333333
300.66906926744065,-0.0708757143949305,0.03333333333333333
300.9932108428316,-0.08232149477999562,0.03333333333333333
300.75816799593065,0.038555460726921176,0.03333333333333333
300.41047801299857,-0.05807993457766932,0.03333333333333333
301.0300492051066,0.013410553831965578,0.03333333333333333
300.82637822197063,0.018408405298352425,0.03333333333333333
300.9928801061333,0.03664061378332527,0.03333333333333333
300.9531554421792,0.034168906080654066,0.03333333333333333
300.77473116662287,-0.003441511625944723,0.03333333333333333
300.5477777939724,0.014073180733809485,0.03333333333333333
300.9946884722711,0.01921688036340855,0.03333333333333333
300.97408027662203,0.020536857348944032,0.03333333333333333
300.4696045817198,0.005938398034813368,0.03333333333333333
300.53696654996605,-0.01009621572870976,0.03333333333333333
300.85435149021293,-0.0022933945521216755,0.03333333333333333
300.5391399075772,-0.02789240409958321,0.03333333333333333
300.64105019759836,-0.025271178841891558,0.03333333333333333
300.861670754726,-0.018512625699398128,0.03333333333333333
300.48799672051,-0.004848568320268161,0.03333333333333333
300.4425759762864,-0.029946869119012683,0.03333333333333333
300.6955818072484,-0.0004087715698154375,0.03333333333333333
301.01708247320596,-0.03434588362492831,0.03333333333333333
301.0874788162266,-0.06614031582978991,0.03333333333333333
301.1080988095111,0.16989168055623882,0.03333333333333333
299.7412783292791,0.5922958833387197,0.03333333333333333
300.14554061087836,0.8718896909808914,0.03333333333333333
300.46395345136466,0.9585558060244486,0.03333333333333333
300.1892052681165,1.4355202721803595,0.03333333333333333
301.171089950666,-1.3793652978051132,0.03333333333333333
302.2991230677382,-1.3676798362889857,0.03333333333333333
302.52649685347177,-1.301106213010894,0.03333333333333333
302.5264891997852,-1.2919174088811272,0.03333333333333333
301.2578502771476,-1.0420566328091287,0.03333333333333333
301.7577722390991,-1.041191744603869,0.03333333333333333
302.33920511928034,-0.3810850743730658,0.03333333333333333
302.3786753867155,0.06674248360340355,0.03333333333333333
301.1349485385638,0.1781570740733244,0.03333333333333333
301.1087144975092,0.5227796219062993,0.03333333333333333
301.60376277543463,0.6408770064724161,0.03333333333333333
302.3342472653419,1.4467049507419991,0.03333333333333333
301.46801183787295,1.364421171601491,0.03333333333333333
301.78334409129167,1.4421290594781069,0.03333333333333333
302.0763930228333,1.4448879638418168,0.03333333333333333
302.9505584358109,-1.3778129491184063,0.03333333333333333
303.94417498752574,-1.2281721615701746,0.03333333333333333
303.94041030875974,-0.7627296255938995,0.03333333333333333
302.5212357195486,1.0029474199602149,0.03333333333333333
302.6954049034644,1.384563486225561,0.03333333333333333
304.6729054907898,-1.3717923025689356,0.03333333333333333
304.08118302438635,-1.1823038922618887,0.03333333333333333
304.0938320158405,-1.1319114138607993,0.03333333333333333
305.2012591870465,-1.1261317288053945,0.03333333333333333
305.3559054098167,-0.8390171237831104,0.03333333333333333
303.94612473796815,-0.687175795987239,0.03333333333333333
305.27123216335286,-0.4762408250314544,0.03333333333333333
305.3516642951725,-0.455033935529663,0.03333333333333333
304.24939803641195,-0.37689498276636063,0.03333333333333333
305.34903297029155,-0.26397814743485915,0.03333333333333333
305.347092790248,-0.13300944527471362,0.03333333333333333
304.3203048685596,-0.06067374580538669,0.03333333333333333
304.5234927675639,0.012789520571150782,0.03333333333333333
304.41595768691144,0.03734242444885369,0.03333333333333333
304.4123285547018,0.037229394415876436,0.03333333333333333
305.2492779713472,0.049000778120420516,0.03333333333333333
304.96640548682615,0.04206786744129742,0.03333333333333333
305.07432997421563,0.047859005416666135,0.03333333333333333
306.1679914109907,-1.3701757086296,0.03333333333333333
306.633300007958,-0.1017494684915448,0.03333333333333333
306.06106941226034,-0.010003753049734582,0.03333333333333333
306.85399017328336,0.2271728676257025,0.03333333333333333
306.29488764492567,0.2366355054671027,0.03333333333333333
306.85382484495887,0.3302308634331454,0.03333333333333333
306.8510426470768,0.8840975387999042,0.03333333333333333
305.54076713384535,0.952292754101768,0.03333333333333333
308.14617533856125,-0.5706609207274398,0.03333333333333333
307.79127670356047,-0.3577547686926619,0.03333333333333333
308.26455703284813,-0.20493724502801086,0.03333333333333333
307.70750602582063,0.010794098374182548,0.03333333333333333
307.4635583745076,0.009535975442161952,0.03333333333333333
307.62749131583445,0.01055204971802775,0.03333333333333333
308.14830688296496,0.6650684515832008,0.03333333333333333
308.25704914337035,1.29839482172232,0.03333333333333333
309.6094307982376,-0.6259564450390661,0.03333333333333333
308.3843063098555,-0.5679599135721372,0.03333333333333333
309.4008892239118,-0.0533402910810965,0.03333333333333333
308.7461010736077,0.033334583495846434,0.03333333333333333
308.3933986165383,-0.09270536942696317,0.03333333333333333
308.5897106729712,-0.012025570154630169,0.03333333333333333
309.0318079757436,0.6690354730064543,0.03333333333333333
309.07282004371797,1.0981460389150677,0.03333333333333333
309.54612843498984,1.4099856505844917,0.03333333333333333
310.54662342123197,0.04217875200470626,0.03333333333333333
311.1069953844364,0.26859089890467985,0.03333333333333333
309.8541682305162,0.4059016831830591,0.03333333333333333
310.9065583641982,0.6053855430927926,0.03333333333333333
309.9449603080763,1.4042706631279251,0.03333333333333333
310.5230048515767,1.4084243919692845,0.03333333333333333
310.01355818960184,1.4051884891663562,0.03333333333333333
311.8365168802931,0.002126846700649269,0.03333333333333333
312.5159056674348,-0.029600080149574524,0.03333333333333333
312.5234761876183,0.4619784178573752,0.03333333333333333
312.48279523350067,0.6187940762910794,0.03333333333333333
311.2162531451732,0.6730684491672361,0.03333333333333333
312.4999481407458,0.7070944264289166,0.03333333333333333
311.46994032663605,0.9943584816645838,0.03333333333333333
313.04708039591185,0.03316864888110495,0.03333333333333333
313.94050904670087,0.15198421238741067,0.03333333333333333
313.50302876128575,0.32675401269216586,0.03333333333333333
312.961585108767,1.4066724532350072,0.03333333333333333
312.84613212253896,1.3862979606640229,0.03333333333333333
315.17534618906603,-1.3662357153619054,0.03333333333333333
314.22845777451164,0.036363932051154776,0.03333333333333333
314.67822565062784,1.0387525771498245,0.03333333333333333
316.18634150991136,0.020653711188829,0.03333333333333333
316.5323162053237,0.04801279294352414,0.03333333333333333
315.30391682957384,0.01864227691349054,0.03333333333333333
316.1347656754485,0.02600753038020928,0.03333333333333333
315.93066977178904,0.027100146643168482,0.03333333333333333
316.13206888523496,0.4833554653489946,0.03333333333333333
316.0463568785519,0.6614373570562999,0.03333333333333333
315.94876904229733,0.8581058506887607,0.03333333333333333
316.001053366853,1.386781527498664,0.03333333333333333
318.1280060932793,-1.241493141442747,0.03333333333333333
318.18664018005785,-0.08975663184998901,0.03333333333333333
316.90458841757805,0.23216461543098896,0.03333333333333333
318.19014005450754,0.8415155417624927,0.03333333333333333
317.9701628797433,1.4101529424563897,0.03333333333333333
317.31024485784013,1.4071507776112455,0.03333333333333333
319.3011622578276,-0.9879380770615264,0.03333333333333333
318.46573619742463,0.01993523134973909,0.03333333333333333
318.88938509136165,0.03016532119849653,0.03333333333333333
319.5317640688964,0.5575215013437196,0.03333333333333333
320.1049859831993,-1.373276248064368,0.03333333333333333
319.64271628077006,-1.3440963359497036,0.03333333333333333
319.8597916488168,-1.279471479711364,0.03333333333333333
319.76404478127614,-1.1824745318034326,0.03333333333333333
320.0131714801526,-0.9730400012831616,0.03333333333333333
320.52903250886493,-0.9372395297628536,0.03333333333333333
320.9303430516925,-0.73556466145215,0.03333333333333333
320.32528781801705,-0.7322529878980684,0.03333333333333333
320.77984086753014,-0.6859141549283588,0.03333333333333333
319.93906505928305,-0.5709071141879669,0.03333333333333333
320.75320766614783,-0.5619224592636449,0.03333333333333333
320.432608962282,0.04016049316227552,0.03333333333333333
320.65052241486546,-0.141767375323483,0.03333333333333333
320.01637784911514,-0.25563372126463324,0.03333333333333333
320.24397510421767,-0.28401840149991403,0.03333333333333333
319.7179170128076,1.3369307675824196,0.03333333333333333
322.04758432777925,-1.0863405773856043,0.03333333333333333
321.6201548695101,0.04272548766725416,0.03333333333333333
322.3687897311017,0.0965996968643504,0.03333333333333333
321.4675190843048,0.5875741742409751,0.03333333333333333
323.8622522547777,-1.268541813805406,0.03333333333333333
322.47591068212887,-1.0564795011399617,0.03333333333333333
322.568571698443,-1.0562482244550973,0.03333333333333333
322.92619238688206,-0.2465598625073407,0.03333333333333333
323.2866133851387,0.004277938708819226,0.03333333333333333
323.93136588690857,-1.023964418606779,0.03333333333333333
325.05585843551603,-0.5652094366365162,0.03333333333333333
324.0274579687076,-0.4599511604996732,0.03333333333333333
324.9757958590149,0.5442084496262871,0.03333333333333333
325.27609813713025,0.7935996409910784,0.03333333333333333
323.9180136433528,1.3562031589358905,0.03333333333333333
325.94708289202254,0.14212291691394227,0.03333333333333333
325.5452494781296,0.4242837722759092,0.03333333333333333
325.42803464833236,0.7597010317264318,0.03333333333333333
325.76942591498073,0.8575605790609735,0.03333333333333333
328.11197008595525,-1.0892198015779384,0.03333333333333333
327.127535195112,-0.7979044220391059,0.03333333333333333
328.1050793991085,-0.03232017860426764,0.03333333333333333
329.07189008759224,-1.1687874145099968,0.03333333333333333
328.4336664845958,-0.18231511970397327,0.03333333333333333
328.4395599056562,-0.009970918978408242,0.03333333333333333
329.5315790050151,0.3315689404470496,0.03333333333333333
329.5309232992508,0.48949493560729207,0.03333333333333333
329.5308705027097,0.5380505586996537,0.03333333333333333
329.52831856739067,0.9219742921741808,0.03333333333333333
329.4896920051961,1.296199311630995,0.03333333333333333
330.1112961910224,0.034606899024095465,0.03333333333333333
331.57957099197046,-0.6378967794484947,0.03333333333333333
330.9554645573881,-0.4220387402329361,0.03333333333333333
332.2826681874065,0.018757111263219595,0.03333333333333333
332.365823559685,0.0628712690917419,0.03333333333333333
331.0916474509415,0.7003061124321541,0.03333333333333333
331.58463291836534,0.7828157904131261,0.03333333333333333
332.32236929330867,1.1542287770162636,0.03333333333333333
331.01569880774014,1.1074578620103064,0.03333333333333333
333.7059709538932,-1.0777175334610476,0.03333333333333333
332.42100378193686,0.03395138117125732,0.03333333333333333
333.70416485220835,0.6168144768789244,0.03333333333333333
335.0807824744095,0.010730170504980246,0.03333333333333333
335.0890055386376,0.6779085075975249,0.03333333333333333
335.1149279861916,1.1216407947184104,0.03333333333333333
336.6178243526955,-1.0314363529667256,0.03333333333333333
338.0011588433196,-0.8922163618822936,0.03333333333333333
336.7565790194236,-0.19451631724468246,0.03333333333333333
338.13388898876883,-1.3751262968826812,0.03333333333333333
338.13382897938413,-1.3739086069034303,0.03333333333333333
337.9620858044562,-1.1678623057426765,0.03333333333333333
339.3495140772359,-1.0219920514291434,0.03333333333333333
338.70588936725846,0.03497522579060716,0.03333333333333333
338.6894580220187,0.02484375034420772,0.03333333333333333
338.10362511845636,0.2512253161245908,0.03333333333333333
339.3395690084787,1.1368778061230098,0.03333333333333333
338.096059256585,1.073306407386629,0.03333333333333333
340.96649098864606,-0.3851871280237126,0.03333333333333333
340.99854290186045,0.012342647700954132,0.03333333333333333
341.71636161968155,-0.030618749981160563,0.03333333333333333
341.9782966077949,0.5559877199610578,0.03333333333333333
343.2682692432572,-1.1980412797290334,0.03333333333333333
343.54982678248217,-0.8303920878390473,0.03333333333333333
342.9185515750553,-0.5133465717588733,0.03333333333333333
342.76691621290587,0.5389599431281541,0.03333333333333333
343.0400872242737,1.4439636510384546,0.03333333333333333
344.325814574278,-1.0323934711508018,0.03333333333333333
345.8575862881156,-1.1373403282373191,0.03333333333333333
345.2967388914305,-0.6444181405640129,0.03333333333333333
346.51884911616736,1.2224272958594469,0.03333333333333333
347.40948703350716,-1.1133049791521952,0.03333333333333333
347.68555550890267,-0.4217164447312927,0.03333333333333333
346.649671597061,0.3827554205636571,0.03333333333333333
348.6000748432773,-1.370337853004188,0.03333333333333333
348.20930304085607,-0.4234914000338245,0.03333333333333333
349.1404276394059,-0.3038045149480024,0.03333333333333333
350.4979082287831,0.3673212955320639,0.03333333333333333
350.71168908863535,0.6187995038723858,0.03333333333333333
351.56704799130637,0.4747908197787168,0.03333333333333333
352.1145115300029,0.5104377941429423,0.03333333333333333
352.0779016721846,1.1929048666509714,0.03333333333333333
352.7170278263882,-1.0570796455886302,0.03333333333333333
353.2361807443991,1.1897411683153614,0.03333333333333333
353.3227341271811,1.4077164391626849,0.03333333333333333
354.1836259807152,-0.9347147653198324,0.03333333333333333
353.8082546057199,0.0352338641286665,0.03333333333333333
353.81404764233787,0.0403293668018312,0.03333333333333333
354.4482155147033,0.295228446902126,0.03333333333333333
354.4446124109957,1.4044359851341348,0.03333333333333333
354.90326931903013,1.170368430802855,0.03333333333333333
355.9945696593026,-1.0926204860299973,0.03333333333333333
357.1476293462979,-1.0061829511443685,0.03333333333333333
356.85135573556204,0.039937248468156855,0.03333333333333333
357.81525223700476,-1.0744996159314814e-05,0.03333333333333333
356.4911774028779,1.4021434657045695,0.03333333333333333
359.05014584104316,0.28958940099090297,0.03333333333333333
48.19814174610859,-31.4941291854725,0.03333333333333333
48.091196175447365,-30.971627531294605,0.03333333333333333
48.679039956812545,-30.72430173868889,0.03333333333333333
53.81073597163909,-31.609590969068922,0.03333333333333333
52.799546980797366,-31.20741742009937,0.03333333333333333
62.99313394223484,-30.29433547304941,0.03333333333333333
63.37906400152654,-30.413375674484293,0.03333333333333333
66.43833947913835,-30.41781043415805,0.03333333333333333
65.74714070091811,-30.260355849881893,0.03333333333333333
67.47206073381773,-31.283713799127213,0.03333333333333333
73.85995314314152,-30.58973516793941,0.03333333333333333
73.31227930994848,-30.28090277664037,0.03333333333333333
46.87743879619328,-32.67795539458569,0.03333333333333333
45.95584780324008,-32.3720619940402,0.03333333333333333
47.57980375234874,-31.763213266012922,0.03333333333333333
47.41717010682658,-31.649117324095315,0.03333333333333333
