ra,dec,sep
71.5128230290398,-48.56179979592039,0.03333333333333333
72.42631919287817,-48.654967338835,0.03333333333333333
71.91612453936223,-48.92628973959134,0.03333333333333333
74.65249997443273,-48.68194752645689,0.03333333333333333
73.24703348755078,-50.06479421546722,0.03333333333333333
74.22360306417467,-50.011349455609675,0.03333333333333333
73.80565783422888,-52.5612636574524,0.03333333333333333
331.3867348999992,-24.25883757014768,0.03333333333333333
332.6763214046609,-24.08130602964293,0.03333333333333333
330.8803180654123,-26.146205566609503,0.03333333333333333
333.89187977232217,-26.290232876266604,0.03333333333333333
332.6381337436804,-25.848421865636034,0.03333333333333333
332.34547450375544,-25.417946056108004,0.03333333333333333
332.7416878016213,-25.075310230857138,0.03333333333333333
332.67587458315745,-24.99611249561708,0.03333333333333333
334.3402331351376,-24.88095342223036,0.03333333333333333
338.93916828252486,-26.03634410855905,0.03333333333333333
338.93695429089735,-26.04094542439805,0.03333333333333333
339.5550904830775,-25.652504907150192,0.03333333333333333
13.43006123589988,-27.052922985239896,0.03333333333333333
332.493350687485,-27.44098095621957,0.03333333333333333
332.2329099311068,-27.22278199790022,0.03333333333333333
332.33501896121146,-26.72601582038612,0.03333333333333333
333.54471397534707,-26.386686323424787,0.03333333333333333
333.67037240149875,-27.464365816399194,0.03333333333333333
334.42144931918597,-27.365163382540192,0.03333333333333333
334.958706971293,-26.340768027595434,0.03333333333333333
26.91338621535213,-28.883097657544926,0.03333333333333333
27.18405084268284,-27.936387555535745,0.03333333333333333
26.9259231239302,-27.95160547462104,0.03333333333333333
334.0879693366069,-28.959196054100214,0.03333333333333333
334.75372984007754,-28.706075925094236,0.03333333333333333
333.6746944454729,-28.44433992901234,0.03333333333333333
333.88574209843875,-28.30107564750286,0.03333333333333333
335.835666784169,-28.955850764872103,0.03333333333333333
2.8815400422786914,-28.87092232123661,0.03333333333333333
5.706895982914808,-28.872530084782767,0.03333333333333333
5.89614896962404,-28.912617609055058,0.03333333333333333
7.0698715982836795,-29.04349590666017,0.03333333333333333
10.177306942276838,-29.181831140665842,0.03333333333333333
13.97147997409192,-28.915913610832877,0.03333333333333333
16.310999196077617,-29.327063307483467,0.03333333333333333
17.856119530778418,-29.10806615349649,0.03333333333333333
17.844210736477017,-29.23488542354568,0.03333333333333333
20.9619712625909,-29.196230051649646,0.03333333333333333
21.99710751467788,-29.086653030427502,0.03333333333333333
23.59367317446202,-29.430035026935684,0.03333333333333333
23.554575512967904,-29.41053913620016,0.03333333333333333
23.73939494562232,-28.966939854710546,0.03333333333333333
26.913395203863196,-28.883127917487784,0.03333333333333333
331.62191256310933,-29.61216987069993,0.03333333333333333
332.1018041812308,-29.05100572704748,0.03333333333333333
332.1040179939501,-29.050700899346214,0.03333333333333333
333.4331730646883,-30.285363843049435,0.03333333333333333
334.4270700813628,-29.89181346504512,0.03333333333333333
333.50770364281215,-29.380162666287077,0.03333333333333333
333.51346923261565,-29.382721277951717,0.03333333333333333
335.8501414106522,-30.279773710962395,0.03333333333333333
334.3757688426435,-28.99579927116674,0.03333333333333333
337.23969487516837,-29.519829082539392,0.03333333333333333
340.5647256242866,-30.286288095109292,0.03333333333333333
340.57499761348623,-30.047681042299786,0.03333333333333333
346.21704274113563,-29.908656245302616,0.03333333333333333
3.4829635936773498,-30.532664848492523,0.03333333333333333
4.174451424491121,-31.449050049032692,0.03333333333333333
13.183340784504033,-31.218887088997946,0.03333333333333333
15.980872692774449,-31.613263140489696,0.03333333333333333
19.485155478290814,-30.440513373740558,0.03333333333333333
25.23319323823795,-31.142297486338386,0.03333333333333333
25.01047767040549,-30.449143821275438,0.03333333333333333
34.05728735762157,-30.849103099567188,0.03333333333333333
34.866661573073486,-30.76277662129932,0.03333333333333333
37.47787637713116,-30.599559376424764,0.03333333333333333
328.2731418249827,-31.471640527742185,0.03333333333333333
332.5157570474448,-31.22266454968236,0.03333333333333333
331.7259759570985,-31.05319427986495,0.03333333333333333
331.71937185583175,-31.047540899034637,0.03333333333333333
331.7240557752849,-31.053095588825606,0.03333333333333333
331.73044259392736,-31.052944378400607,0.03333333333333333
337.22360618425245,-30.980939741660386,0.03333333333333333
337.2236089456598,-30.980955636875052,0.03333333333333333
338.2155980841278,-30.54711277145381,0.03333333333333333
338.16902228450414,-30.1955683074369,0.03333333333333333
340.3362555820347,-31.092523696109165,0.03333333333333333
340.85844880761846,-30.26994169940599,0.03333333333333333
345.096501845742,-31.593307509714908,0.03333333333333333
345.99412565375906,-31.24744814049622,0.03333333333333333
347.23246289120453,-30.85921409959629,0.03333333333333333
347.2316580483845,-30.85783430936128,0.03333333333333333
349.64482561551324,-31.254069336750398,0.03333333333333333
348.88240046675367,-30.81353185701668,0.03333333333333333
10.383051143530077,-32.70137388773176,0.03333333333333333
11.926755563625441,-32.78849060115747,0.03333333333333333
19.15999417596711,-32.92752270653384,0.03333333333333333
19.947470027111798,-32.883002904089544,0.03333333333333333
18.529351378341385,-32.65558652327998,0.03333333333333333
18.65047255772875,-32.644711309144114,0.03333333333333333
18.34876748267007,-32.12964060010438,0.03333333333333333
21.52608979055213,-32.102864847248924,0.03333333333333333
21.742183787398186,-32.40362165406684,0.03333333333333333
21.742112400273932,-32.38830279962398,0.03333333333333333
24.70299082663145,-32.48107357405328,0.03333333333333333
26.301457128527144,-32.104383779859646,0.03333333333333333
26.547806353242628,-32.764885306612626,0.03333333333333333
27.32095385172873,-32.74253858762196,0.03333333333333333
29.619741930590024,-32.537010129920986,0.03333333333333333
29.521443583912788,-31.525577510033287,0.03333333333333333
33.9339774403445,-31.651234279166523,0.03333333333333333
8.836149070696484,-34.259892653128354,0.03333333333333333
17.105047484988088,-32.84938533466141,0.03333333333333333
19.417523978322624,-33.07795844094275,0.03333333333333333
20.989463788795728,-33.80208215339882,0.03333333333333333
23.620278485638252,-34.26283804390501,0.03333333333333333
25.82619164196742,-34.206232083806285,0.03333333333333333
27.263355241353693,-32.89846013824625,0.03333333333333333
32.524626045542156,-32.936072370857666,0.03333333333333333
36.27404722982129,-33.884716008801554,0.03333333333333333
36.348475168922796,-33.80751765571657,0.03333333333333333
38.78303085394165,-34.26120723733463,0.03333333333333333
41.52198188668681,-33.08317001603085,0.03333333333333333
9.304746736051912,-35.14679706605314,0.03333333333333333
16.797442801616153,-34.163561438977844,0.03333333333333333
18.209237784276112,-35.20411616728568,0.03333333333333333
18.92481262790353,-35.01866087970643,0.03333333333333333
18.908758733331553,-34.32865474226877,0.03333333333333333
19.975949470410338,-34.24999710931423,0.03333333333333333
40.88565954407207,-34.165803449392264,0.03333333333333333
314.9285330619339,-21.677110278522782,0.03333333333333333
314.98969891173135,-21.659684925565838,0.03333333333333333
317.2065219317209,-21.944508345114297,0.03333333333333333
316.8556272221753,-23.110278592202476,0.03333333333333333
316.8555557844508,-23.10373843837341,0.03333333333333333
316.4335000160541,-22.83059529555446,0.03333333333333333
315.3371052119635,-22.245026133593672,0.03333333333333333
317.8652080677341,-23.384498862252823,0.03333333333333333
315.2248734445969,-24.39683316434527,0.03333333333333333
316.3290247575628,-24.37340393812432,0.03333333333333333
316.3272487178955,-24.69943282216514,0.03333333333333333
316.75665139106115,-23.54808681912223,0.03333333333333333
314.5110351542739,-26.298882919417103,0.03333333333333333
317.45895607279755,-26.228397578939603,0.03333333333333333
316.01883149358554,-26.198826510725517,0.03333333333333333
317.28810107730783,-25.741374113688327,0.03333333333333333
316.2584193447238,-25.591400166014466,0.03333333333333333
319.9592190719806,-25.565465786236068,0.03333333333333333
316.03031771941465,-26.903006316669607,0.03333333333333333
318.43512007953115,-27.61625697399496,0.03333333333333333
317.41387581552016,-27.2333756427182,0.03333333333333333
316.98401349037795,-27.161908665005413,0.03333333333333333
318.42540268782403,-26.497227450489703,0.03333333333333333
319.94044010859267,-27.02348637368397,0.03333333333333333
318.76623273576257,-26.932369608514605,0.03333333333333333
321.45625126714094,-27.237102419287343,0.03333333333333333
319.86687618198835,-26.790669006891093,0.03333333333333333
315.1378500293271,-28.52824165069402,0.03333333333333333
316.0495452877181,-28.12880490761528,0.03333333333333333
315.3831732011978,-27.542947600574003,0.03333333333333333
314.2175054095468,-30.244385711535386,0.03333333333333333
315.81034688313594,-30.040788720536106,0.03333333333333333
315.8064722671553,-29.750620951606866,0.03333333333333333
315.75820932367094,-29.333659470311236,0.03333333333333333
318.5098924661669,-29.24429969056255,0.03333333333333333
321.50807828958875,-30.240785414111066,0.03333333333333333
320.4332993004597,-30.20160750739767,0.03333333333333333
322.85791099930583,-30.282659414557532,0.03333333333333333
323.2587815102045,-29.98091749549464,0.03333333333333333
323.6154733383128,-29.871370535087387,0.03333333333333333
323.5797218281532,-29.613002581940854,0.03333333333333333
326.4167001057865,-29.326908054080768,0.03333333333333333
315.153227214765,-30.524395113650197,0.03333333333333333
318.16866418709975,-30.83849771765084,0.03333333333333333
317.17922391910537,-30.77558855478794,0.03333333333333333
318.22802463911324,-30.668410896836395,0.03333333333333333
319.1327702077336,-30.196011837174765,0.03333333333333333
321.4224253996361,-31.60257868207789,0.03333333333333333
322.61716219244653,-31.611696437044912,0.03333333333333333
314.6022450825876,-32.722916673933284,0.03333333333333333
316.22843469769975,-32.59098664981071,0.03333333333333333
314.54903755245016,-32.36587776389936,0.03333333333333333
315.8944154672893,-31.85820322165894,0.03333333333333333
319.3551903161383,-31.513516351301107,0.03333333333333333
318.30398406103643,-31.59199019768704,0.03333333333333333
320.7554266658111,-32.020429627622576,0.03333333333333333
315.8369386944981,-33.69533734645349,0.03333333333333333
318.8611915020291,-33.91484745419612,0.03333333333333333
318.8549187622007,-33.858906126394245,0.03333333333333333
318.79057117183,-32.840648460355055,0.03333333333333333
318.8297135149132,-33.22628044991965,0.03333333333333333
318.8372626128475,-33.42608034496426,0.03333333333333333
315.4315552631879,-35.58424584430313,0.03333333333333333
316.45191739057134,-34.23228112436083,0.03333333333333333
318.59708028378964,-35.32574660998539,0.03333333333333333
319.7352709401886,-34.41685956776588,0.03333333333333333
314.69373254420435,-36.169054358088495,0.03333333333333333
315.2565611276154,-35.47964504312955,0.03333333333333333
316.11612037711615,-36.90519288467027,0.03333333333333333
317.0396898099512,-36.901148177792564,0.03333333333333333
315.78524908712603,-36.17849400655292,0.03333333333333333
319.19838966927404,-36.848471443336614,0.03333333333333333
317.8757300093053,-35.87529701594248,0.03333333333333333
318.82565416628546,-35.842712261829035,0.03333333333333333
316.03324167230176,-37.52473240862524,0.03333333333333333
316.4731956938531,-37.14456181858315,0.03333333333333333
317.68587740958577,-37.88750771662858,0.03333333333333333
318.41782363605824,-37.627317406127595,0.03333333333333333
318.4159807520668,-37.5324979610717,0.03333333333333333
317.5058386141988,-37.509887785511694,0.03333333333333333
317.50185827182787,-37.50331365460764,0.03333333333333333
314.7498540986363,-38.77675326941083,0.03333333333333333
318.72856086456846,-39.174859270008156,0.03333333333333333
319.5450792112032,-38.83100169441358,0.03333333333333333
316.7000786165858,-40.334348615950496,0.03333333333333333
315.5451856204977,-39.92115704332052,0.03333333333333333
315.95471392378465,-39.43385381196311,0.03333333333333333
317.871522402753,-40.85156700413293,0.03333333333333333
316.13889326362374,-41.31680090947594,0.03333333333333333
318.10247638771125,-41.48147711626289,0.03333333333333333
318.5927355938294,-40.74684761580392,0.03333333333333333
318.17572577954064,-40.79116030744492,0.03333333333333333
317.085678105845,-43.264529831717795,0.03333333333333333
316.1703992574539,-42.126376344159475,0.03333333333333333
317.1627215075595,-43.419754959000855,0.03333333333333333
314.70702257259086,-44.34018284222228,0.03333333333333333
315.4271071292088,-44.116547092508796,0.03333333333333333
316.03549398691706,-43.534230419446324,0.03333333333333333
316.0465371221158,-43.59272546985115,0.03333333333333333
316.38010230141634,-44.08160542584141,0.03333333333333333
317.15754321052674,-45.316810084573405,0.03333333333333333
317.1351293558012,-44.8009624206204,0.03333333333333333
314.14585621123484,-47.38360812523094,0.03333333333333333
315.62898125475533,-47.37861893445175,0.03333333333333333
317.96565081016143,-47.35083295723532,0.03333333333333333
316.62715031277463,-46.67279521312703,0.03333333333333333
315.53780844216936,-48.68584706960095,0.03333333333333333
316.2816492865562,-47.71484208140237,0.03333333333333333
316.539856653415,-47.71299393229322,0.03333333333333333
316.8560849068936,-47.657541592370215,0.03333333333333333
316.8077478306846,-47.55702616044946,0.03333333333333333
316.97905813527564,-47.552705654390294,0.03333333333333333
316.79991779423176,-47.55699311008755,0.03333333333333333
316.019965012416,-50.35120205421098,0.03333333333333333
324.2073005518758,-1.481159088195661,0.03333333333333333
325.1526506337485,-1.4499348514560575,0.03333333333333333
326.14201748878787,-2.0723453051094802,0.03333333333333333
328.7425396382029,-1.7947557959427916,0.03333333333333333
328.33696101469,-0.6580309715525344,0.03333333333333333
330.71087288980294,-1.9813809336339236,0.03333333333333333
329.7629603765794,-1.9550737068589068,0.03333333333333333
329.8270132703701,-1.9145785283687864,0.03333333333333333
330.4586482938667,-0.7074127748175637,0.03333333333333333
332.18102062971764,-1.9791631356433192,0.03333333333333333
332.18102077014646,-1.9427061397015573,0.03333333333333333
332.8563196405135,-2.0710947048362063,0.03333333333333333
332.40997814022506,-2.0734575856878186,0.03333333333333333
332.96718579567073,-1.5181800158439347,0.03333333333333333
333.76918268392075,-2.0537606280913416,0.03333333333333333
335.946482729392,-2.068346839711539,0.03333333333333333
335.308848276611,-2.0730841586596944,0.03333333333333333
335.87649913889226,-1.8590912801521395,0.03333333333333333
337.11909266959185,-0.6524367387915795,0.03333333333333333
338.4497536626169,-2.0470856835169693,0.03333333333333333
338.97311066428534,-1.7203211483170189,0.03333333333333333
341.6905678034154,-2.0316619089151806,0.03333333333333333
343.27770527183253,-1.3668913883173273,0.03333333333333333
343.49858635155607,-0.6558691227615495,0.03333333333333333
345.51202003751007,-0.6529006312037863,0.03333333333333333
350.1467244968801,-0.8808002402296434,0.03333333333333333
349.8820463262471,-0.6590913712321161,0.03333333333333333
352.549233131239,-0.7512961177207816,0.03333333333333333
352.9990523563178,-0.8051318589747921,0.03333333333333333
356.63065298133574,-1.6133118218735834,0.03333333333333333
325.3880970682759,-2.9619419755199896,0.03333333333333333
325.38766824334914,-2.9072674069375264,0.03333333333333333
324.38433997674,-2.013923348536222,0.03333333333333333
328.10400347656747,-3.272911854410752,0.03333333333333333
329.36585179174733,-3.2052445223161725,0.03333333333333333
328.0731299466907,-2.8875318890509862,0.03333333333333333
329.4607873509184,-2.8660045435079984,0.03333333333333333
329.1642443108529,-2.0097003608769817,0.03333333333333333
329.9280126195512,-3.308191984645604,0.03333333333333333
330.76826904339765,-3.2095174286250923,0.03333333333333333
329.5210752335242,-3.1300673601973967,0.03333333333333333
330.8075527207891,-2.16541757689584,0.03333333333333333
153.43574708010368,-5.843879434448935,0.03333333333333333
153.26230543451697,-5.501834858391281,0.03333333333333333
153.31066930355345,-5.210167217872532,0.03333333333333333
151.0472398027255,-6.53299742058619,0.03333333333333333
151.8927103849637,-6.522924115448878,0.03333333333333333
152.2965908227498,-7.464725163474657,0.03333333333333333
151.2636195458144,-8.491020927971295,0.03333333333333333
150.42583517108844,-7.429762543755944,0.03333333333333333
150.86457173407206,-10.026218479924287,0.03333333333333333
151.56423579507003,-11.47053519907661,0.03333333333333333
150.84023210052982,-13.921138796249693,0.03333333333333333
150.4002559146314,-13.666528962894617,0.03333333333333333
150.46192443198822,-12.898098713127796,0.03333333333333333
152.0134624257921,-15.466829045394144,0.03333333333333333
150.9246975604601,-15.135802684821307,0.03333333333333333
152.09172791204222,-14.810029537324144,0.03333333333333333
152.7586596162104,-14.676904418251612,0.03333333333333333
153.40410544307306,-14.66453390197746,0.03333333333333333
156.36010223287343,-15.347421325983785,0.03333333333333333
150.63392842545062,-16.685488849694117,0.03333333333333333
149.98143419180428,-16.225514090198146,0.03333333333333333
150.89080632310225,-15.67441365111401,0.03333333333333333
152.65701193415632,-15.968322788086345,0.03333333333333333
153.4925687032132,-15.51038190443038,0.03333333333333333
154.74073320393458,-15.511914341171751,0.03333333333333333
156.10012056079682,-16.825903056819335,0.03333333333333333
156.90788821708222,-16.93280885303507,0.03333333333333333
156.95000220847402,-16.224998050045468,0.03333333333333333
158.8875755607061,-16.353839318428847,0.03333333333333333
158.64673813907385,-16.265712572597852,0.03333333333333333
158.41206789194985,-15.781299121424466,0.03333333333333333
158.84901601230231,-15.511804524327975,0.03333333333333333
150.32889477153182,-17.846372971703435,0.03333333333333333
152.934770530159,-18.27501766945107,0.03333333333333333
152.81554842780966,-17.79902685364589,0.03333333333333333
154.45297422230553,-18.269655777687305,0.03333333333333333
156.62813353007354,-16.904502434643227,0.03333333333333333
159.41303049767217,-17.376536789608362,0.03333333333333333
160.9775297560119,-17.75830850106541,0.03333333333333333
163.72911380374975,-17.904099225524124,0.03333333333333333
162.62278892979643,-16.858788699169573,0.03333333333333333
166.14460669409544,-17.031692317490204,0.03333333333333333
168.84874985966988,-17.825558272720716,0.03333333333333333
169.1815896684582,-17.194855188675877,0.03333333333333333
170.81369941702815,-17.975510907193808,0.03333333333333333
169.40718210409466,-17.325896722535695,0.03333333333333333
175.5380835223665,-18.16909360257072,0.03333333333333333
176.4061635242949,-17.333956382935042,0.03333333333333333
179.53333868601857,-17.893384995930614,0.03333333333333333
149.73954278961384,-19.616315123704158,0.03333333333333333
149.75357307113381,-19.616274840336963,0.03333333333333333
150.28779184781123,-19.441570601534334,0.03333333333333333
149.8659023930772,-18.798726085119696,0.03333333333333333
152.17219432571727,-19.32506021070571,0.03333333333333333
151.79613569006344,-19.06794716771129,0.03333333333333333
151.96307237790109,-18.821965941252913,0.03333333333333333
152.33736028267197,-18.90892801611521,0.03333333333333333
152.64052378963197,-18.597065082481862,0.03333333333333333
155.01924382811856,-18.576127093456787,0.03333333333333333
154.452967006567,-18.269741015616557,0.03333333333333333
155.44065608434047,-19.617684485172067,0.03333333333333333
157.46364486567506,-18.34956279905785,0.03333333333333333
158.13740005312798,-19.075379388079806,0.03333333333333333
158.876381000515,-18.346558470486237,0.03333333333333333
160.73075969776139,-18.269151579990407,0.03333333333333333
160.904347274915,-19.055127039902974,0.03333333333333333
162.16754323327396,-19.44914423475365,0.03333333333333333
162.66518171948968,-18.542879179509185,0.03333333333333333
164.60145357644188,-19.158173492510034,0.03333333333333333
164.68435964333,-19.158632283113736,0.03333333333333333
165.99522775224415,-18.782584617585126,0.03333333333333333
170.74043375888152,-19.207319029593886,0.03333333333333333
169.44508633794894,-18.909684530620105,0.03333333333333333
170.73590757091443,-18.820408306319095,0.03333333333333333
170.17058393998343,-18.798912204485916,0.03333333333333333
171.03898275409756,-18.54010963837252,0.03333333333333333
173.60125972758078,-19.387355953277584,0.03333333333333333
172.10892422142223,-19.245423738785046,0.03333333333333333
172.45988582738877,-18.909770527405268,0.03333333333333333
174.1755247070958,-18.686482588843802,0.03333333333333333
176.9848605041793,-18.908762179578627,0.03333333333333333
179.3146193865356,-19.361544754656,0.03333333333333333
178.05431943383525,-19.209141541172364,0.03333333333333333
178.20699801202542,-18.719177176138576,0.03333333333333333
179.59916114110442,-19.517546281041728,0.03333333333333333
179.86877481235734,-19.268545889397746,0.03333333333333333
179.87125575701077,-19.263397553082775,0.03333333333333333
179.87217290002525,-19.267525747199524,0.03333333333333333
179.87485105832994,-19.27312536569818,0.03333333333333333
179.8705515257621,-19.256341399823295,0.03333333333333333
179.88197321031856,-19.267683417355645,0.03333333333333333
179.74324911733513,-19.027054167626904,0.03333333333333333
179.74095906244506,-19.03006033300532,0.03333333333333333
179.74159804249874,-19.028385819057227,0.03333333333333333
180.1873094362587,-18.995686347147792,0.03333333333333333
179.7424091363496,-19.029928336610038,0.03333333333333333
180.48208499280202,-18.87855472820429,0.03333333333333333
180.48453111482638,-18.87743596736424,0.03333333333333333
180.481983657978,-18.870542013361973,0.03333333333333333
180.46003622778287,-18.870100269365853,0.03333333333333333
180.4678191428082,-18.872066203057532,0.03333333333333333
180.48063283635932,-18.880180958610644,0.03333333333333333
180.48142237348915,-18.873019641423856,0.03333333333333333
180.46006145306487,-18.872157689968677,0.03333333333333333
180.46623334670278,-18.874490272565943,0.03333333333333333
180.47299925410832,-18.862267864009045,0.03333333333333333
180.46306050492646,-18.87467270267031,0.03333333333333333
180.4603613485204,-18.867370265024636,0.03333333333333333
180.46991285783912,-18.860057379134624,0.03333333333333333
180.4635139848257,-18.8625819554819,0.03333333333333333
180.47726007541226,-18.868760846298173,0.03333333333333333
150.80331114785088,-20.942158262912603,0.03333333333333333
151.89438002481302,-20.292330786813192,0.03333333333333333
150.7687797537192,-19.82725437530812,0.03333333333333333
151.28199229547042,-19.85840135525412,0.03333333333333333
153.38977537009555,-20.7601595747208,0.03333333333333333
152.49472827763157,-20.516514889740176,0.03333333333333333
153.0550266612804,-19.616585806253397,0.03333333333333333
154.82944688243285,-20.94550792836723,0.03333333333333333
153.66808718625538,-20.77503441252348,0.03333333333333333
154.8273612555873,-20.581324845914004,0.03333333333333333
154.52555188877557,-20.34353643119176,0.03333333333333333
155.04676705156544,-20.95809056061223,0.03333333333333333
155.5472647916542,-19.861859186319922,0.03333333333333333
158.72747432181612,-20.548791249883188,0.03333333333333333
159.73878055278308,-20.044033040575425,0.03333333333333333
159.73852013561282,-20.04493226744504,0.03333333333333333
160.16698716988859,-19.580891181048113,0.03333333333333333
161.0404678812419,-20.81930794850729,0.03333333333333333
161.96719252130313,-20.081516627814892,0.03333333333333333
161.9671272252362,-20.08148354643084,0.03333333333333333
162.83364547005155,-19.53718016017605,0.03333333333333333
162.01229396417529,-19.5439395370794,0.03333333333333333
162.05548570058045,-19.809188180261703,0.03333333333333333
162.86415841998232,-19.693624148224302,0.03333333333333333
164.15997638632015,-20.78672855473099,0.03333333333333333
165.36834066206697,-19.539057678533894,0.03333333333333333
166.9493403358462,-20.02226907187982,0.03333333333333333
166.83079516305662,-19.55839355542193,0.03333333333333333
166.8045693341223,-19.818670102425877,0.03333333333333333
170.13257866979768,-19.79914503321232,0.03333333333333333
171.52804923161997,-19.536472196531488,0.03333333333333333
173.21372403437422,-20.46162637115197,0.03333333333333333
176.3135693424706,-20.746519437466933,0.03333333333333333
175.65814831106258,-20.456052471199968,0.03333333333333333
176.06742561507656,-19.53470397561559,0.03333333333333333
177.798043508183,-20.599442471389718,0.03333333333333333
178.15648090461292,-20.75518054732572,0.03333333333333333
177.79806788352352,-20.599463052775565,0.03333333333333333
180.02395889495358,-20.941585118159878,0.03333333333333333
179.36682377284328,-19.624040211696986,0.03333333333333333
151.72227047025876,-21.91911527764302,0.03333333333333333
150.5915164423888,-20.876928036892696,0.03333333333333333
152.83189914208486,-22.28698007437127,0.03333333333333333
152.32401658754338,-21.28425540632713,0.03333333333333333
154.8382251423767,-22.14259842833651,0.03333333333333333
154.83865197802902,-22.1433030664676,0.03333333333333333
156.07371894198963,-21.76834343231708,0.03333333333333333
154.59067560656675,-21.66881849744636,0.03333333333333333
155.3376370346406,-21.607687357095795,0.03333333333333333
155.60427861416758,-21.433820668717853,0.03333333333333333
156.75076147874103,-22.046508140374176,0.03333333333333333
157.67072446060183,-21.587245045411592,0.03333333333333333
159.56317213044431,-21.855678577834077,0.03333333333333333
160.24459285878757,-21.784541178932592,0.03333333333333333
160.31322227492322,-21.02303660410036,0.03333333333333333
161.25085749109647,-22.152277484715963,0.03333333333333333
161.24946948124494,-22.153190246953592,0.03333333333333333
161.02445845110668,-21.411038981535754,0.03333333333333333
161.786486350443,-21.009229102792677,0.03333333333333333
162.9816126483909,-22.087230925807184,0.03333333333333333
162.10543718248562,-21.850134134896635,0.03333333333333333
161.9348517270216,-20.96356099589758,0.03333333333333333
164.45805718459258,-21.949653145265447,0.03333333333333333
163.41792137159123,-21.791123150199347,0.03333333333333333
163.4160054651804,-21.793308033606372,0.03333333333333333
163.4210161232601,-21.79149320096015,0.03333333333333333
163.68308201060262,-20.876040807543568,0.03333333333333333
164.35893046748683,-20.87093769900929,0.03333333333333333
165.90237819943616,-21.629405520763783,0.03333333333333333
168.42914985730292,-22.293306781388964,0.03333333333333333
167.71070433927775,-21.97451931840779,0.03333333333333333
168.17009089961917,-21.44320411325587,0.03333333333333333
168.4623790067395,-21.448563835110267,0.03333333333333333
169.79807319686796,-21.66091443319263,0.03333333333333333
169.66237001814054,-21.47970578331921,0.03333333333333333
171.48138761513417,-21.379806223079942,0.03333333333333333
170.9676248270386,-21.266462181316896,0.03333333333333333
173.49655757285407,-21.913226166491146,0.03333333333333333
172.89321312193007,-21.2858565719249,0.03333333333333333
174.73164786697532,-21.19658104320207,0.03333333333333333
174.922396781416,-21.169473500065536,0.03333333333333333
175.015861141673,-20.97626219729448,0.03333333333333333
177.6917828537867,-22.2814268974842,0.03333333333333333
179.29757465744584,-21.268988346544553,0.03333333333333333
178.68901836594958,-20.874044696097556,0.03333333333333333
180.75808345624023,-22.07177665580812,0.03333333333333333
180.56759024885687,-21.39225262236205,0.03333333333333333
180.25209019782352,-20.97487286420618,0.03333333333333333
163.75072930133163,-23.62601103679027,0.03333333333333333
163.84009494937516,-23.424249462174128,0.03333333333333333
165.93854418459733,-23.23375933368077,0.03333333333333333
165.9423233893419,-23.24501964553323,0.03333333333333333
165.8485378153153,-23.083694639214354,0.03333333333333333
165.85381735535282,-23.07710738577045,0.03333333333333333
165.7851288649154,-22.936569585721806,0.03333333333333333
165.25553314417826,-22.45249333991104,0.03333333333333333
169.04071143767808,-22.37648261311801,0.03333333333333333
169.39609173910998,-22.751735680185,0.03333333333333333
169.76530483376126,-22.59748683702759,0.03333333333333333
170.81120608158116,-22.923250956989502,0.03333333333333333
170.55485132158537,-22.774899446801854,0.03333333333333333
173.44858800816533,-23.51711283935313,0.03333333333333333
172.39697543646443,-23.35687384364398,0.03333333333333333
175.71988061823365,-23.625001600096642,0.03333333333333333
176.37347206521602,-23.21015781830911,0.03333333333333333
177.05891244300477,-22.21147251053902,0.03333333333333333
177.79182471464387,-23.447253783049693,0.03333333333333333
178.7589866900343,-22.73940461818839,0.03333333333333333
178.86082554633504,-22.56079033577918,0.03333333333333333
179.34326764662606,-23.626594715032287,0.03333333333333333
180.60902886722218,-23.618027130897737,0.03333333333333333
179.94857873466648,-23.088208001493445,0.03333333333333333
180.52810919054875,-23.051671253398336,0.03333333333333333
179.8044132416346,-22.212800546498254,0.03333333333333333
167.47198074750148,-23.730581825589372,0.03333333333333333
167.4689991663089,-23.731123448694024,0.03333333333333333
167.47201238900266,-23.7214678643505,0.03333333333333333
170.73371282684457,-24.47777875977149,0.03333333333333333
170.1081861599787,-23.79720408411019,0.03333333333333333
174.19165250845197,-24.42874379551228,0.03333333333333333
173.37764820826013,-24.100021573300648,0.03333333333333333
209.64820773653577,-2.06666046728669,0.03333333333333333
208.1364097953354,-2.7281111434343237,0.03333333333333333
206.75335378022282,-4.782766080230449,0.03333333333333333
207.1939434228596,-3.69629838822336,0.03333333333333333
207.19434519636627,-3.7215150192247273,0.03333333333333333
208.40850702912869,-4.779426891702016,0.03333333333333333
208.1795269958535,-4.342996425498609,0.03333333333333333
208.5470343354216,-3.4408967610650127,0.03333333333333333
207.93274749525972,-3.5363077741149027,0.03333333333333333
209.73960810052762,-4.779505618141131,0.03333333333333333
208.54751706827142,-3.4408463277549943,0.03333333333333333
207.8487547626973,-6.069918761179799,0.03333333333333333
207.59737654460133,-5.498553035592315,0.03333333333333333
209.34359179507496,-5.576891757368807,0.03333333333333333
208.911680914157,-5.1441436569607,0.03333333333333333
210.46658839527808,-6.1324605776164445,0.03333333333333333
202.53709964909785,-7.496103366777637,0.03333333333333333
204.0776714159391,-7.3810632714249085,0.03333333333333333
205.9005596896086,-7.493157655233816,0.03333333333333333
205.51407790044067,-6.774807393865303,0.03333333333333333
207.9832048564681,-7.301695815022536,0.03333333333333333
210.3505846173844,-6.719768099416887,0.03333333333333333
203.2987170461697,-8.568473526789376,0.03333333333333333
203.2983434505221,-8.498811145121582,0.03333333333333333
204.7882876783339,-8.327997709939716,0.03333333333333333
208.5071724296164,-7.931571109746732,0.03333333333333333
208.2443208452372,-7.727456112038929,0.03333333333333333
209.60518582552075,-7.463371310592785,0.03333333333333333
200.1915635804709,-9.491148707773364,0.03333333333333333
202.43508382171876,-8.778515955092812,0.03333333333333333
202.76259168608607,-8.783406098589214,0.03333333333333333
205.44696508274453,-9.876888310392237,0.03333333333333333
204.40351638125068,-9.367173742851037,0.03333333333333333
206.66333089551338,-9.643338332630568,0.03333333333333333
207.22978642454552,-9.488561599696409,0.03333333333333333
199.92798718750052,-11.474580164900795,0.03333333333333333
205.92765942009171,-10.853798580410382,0.03333333333333333
205.2898651266326,-10.12931528438725,0.03333333333333333
205.5176818935456,-10.127782825347438,0.03333333333333333
207.00375844428225,-11.545243699588726,0.03333333333333333
207.1991194869743,-10.178763322428006,0.03333333333333333
208.74646869233902,-10.705282213024404,0.03333333333333333
208.693867294205,-10.684057890909806,0.03333333333333333
209.14634318068852,-10.18968770365068,0.03333333333333333
198.40060156082,-12.470900254658586,0.03333333333333333
197.5365518439323,-12.20565697288585,0.03333333333333333
199.91122030098808,-12.695308496538606,0.03333333333333333
199.9084289225568,-12.700018815119044,0.03333333333333333
199.99667654428632,-12.487991060254044,0.03333333333333333
203.2710120012257,-12.895876080030638,0.03333333333333333
203.4603251827192,-12.894928435581619,0.03333333333333333
206.9111916891504,-12.367161141505775,0.03333333333333333
206.09644975326358,-12.083505899077895,0.03333333333333333
208.40904049312942,-11.875530044611628,0.03333333333333333
208.9262567366291,-11.478016228736394,0.03333333333333333
184.57941117761655,-14.20553320828172,0.03333333333333333
188.35549646946663,-12.867005411689364,0.03333333333333333
191.11215990716076,-12.876636746547932,0.03333333333333333
195.23778047193127,-13.951109393493136,0.03333333333333333
195.68164279128675,-13.931326571318333,0.03333333333333333
195.3910993863848,-13.7146155838678,0.03333333333333333
196.2068792963303,-13.191177561311534,0.03333333333333333
196.39445028355357,-12.820043360738056,0.03333333333333333
199.8741944572346,-14.244384740490425,0.03333333333333333
199.58822695720212,-13.610835835540714,0.03333333333333333
200.08450573920112,-13.476817809749734,0.03333333333333333
202.51911609814462,-14.087230888069653,0.03333333333333333
203.64555150593418,-13.224925957320867,0.03333333333333333
204.30382619859105,-12.819049287057286,0.03333333333333333
205.9829614940105,-14.235630085488035,0.03333333333333333
205.58874251216088,-12.825429678668153,0.03333333333333333
205.48845310924327,-13.033715110540076,0.03333333333333333
207.76983419633018,-13.664032615724572,0.03333333333333333
207.12555138645985,-12.823088602524061,0.03333333333333333
181.65722282987454,-15.28811460859046,0.03333333333333333
181.74058353791145,-14.364053161829498,0.03333333333333333
182.93555100924598,-15.588828131920097,0.03333333333333333
183.7677493990461,-15.258407238092197,0.03333333333333333
183.45066607468812,-14.52772420569266,0.03333333333333333
184.579419031614,-14.205547557474516,0.03333333333333333
188.43099661694396,-15.168308576251867,0.03333333333333333
189.02345125130523,-15.279978608715632,0.03333333333333333
189.82185256430412,-14.170794242159095,0.03333333333333333
189.8254019278818,-14.384478644566276,0.03333333333333333
191.10127970562766,-14.464772270334322,0.03333333333333333
192.69598912587918,-14.483746732287926,0.03333333333333333
194.88643900048527,-15.23870530424191,0.03333333333333333
195.01265981525043,-15.204780538418568,0.03333333333333333
194.76947807533801,-14.773193673700838,0.03333333333333333
195.25115875446627,-14.506523078588796,0.03333333333333333
195.2890851122764,-14.254248410034936,0.03333333333333333
196.83914215041287,-15.158043702089627,0.03333333333333333
196.47561389079286,-14.268919976218102,0.03333333333333333
195.88935067936143,-14.323090018355355,0.03333333333333333
196.96377110056733,-15.585766592627742,0.03333333333333333
199.5340762493751,-14.16616612907293,0.03333333333333333
199.36534676156845,-14.166938108716154,0.03333333333333333
201.04408456611216,-15.424372980866218,0.03333333333333333
200.39451837704632,-15.182093880518039,0.03333333333333333
199.8428608076528,-15.15655115223559,0.03333333333333333
200.40763851841496,-14.855478567286987,0.03333333333333333
202.43751612688408,-15.033653963610945,0.03333333333333333
202.4362769107437,-14.891860956565628,0.03333333333333333
201.8788693194843,-14.366017963383815,0.03333333333333333
203.83546790518483,-14.700361314656014,0.03333333333333333
205.87922687759732,-15.316371740752833,0.03333333333333333
206.44397433183,-14.462916160895164,0.03333333333333333
208.72105306890245,-14.170039778048663,0.03333333333333333
176.2625394890169,-0.5074168497530358,0.03333333333333333
176.75243108633816,-0.2939445160029867,0.03333333333333333
176.35960159169613,0.004111318358420968,0.03333333333333333
181.38471837590782,-0.2826076712044105,0.03333333333333333
181.28652026087966,0.7098655304043339,0.03333333333333333
181.64854759146928,0.2478357562895848,0.03333333333333333
183.06137233847932,0.07239612672018275,0.03333333333333333
185.45988717746695,-0.5412086595995381,0.03333333333333333
187.49534526830442,0.027205201559782698,0.03333333333333333
175.44030773451672,-1.901335843741868,0.03333333333333333
177.07589066324908,-1.6399572049281346,0.03333333333333333
177.61010820575862,-2.0741240461018564,0.03333333333333333
178.29380263385738,-0.7710605862486771,0.03333333333333333
180.292489383754,-1.2989054202518582,0.03333333333333333
180.2952282433966,-1.2972657148586302,0.03333333333333333
180.10957576123212,-1.1019334954271696,0.03333333333333333
184.1014903957936,-1.802143201625784,0.03333333333333333
183.91498135992336,-1.7565605966728817,0.03333333333333333
187.21234410288605,-2.0603926030609663,0.03333333333333333
188.09847989527654,-1.7400910842643869,0.03333333333333333
188.09514520081817,-0.7728126219606348,0.03333333333333333
174.1532927694745,0.8154915247975553,0.03333333333333333
174.1530403686449,0.8172611304944561,0.03333333333333333
175.90807505649002,0.8057196588538789,0.03333333333333333
174.81294178909653,1.1359646135217325,0.03333333333333333
175.1466418949107,1.593924717325078,0.03333333333333333
176.03675655570706,1.4057473653603636,0.03333333333333333
178.666375939553,1.2017496566482844,0.03333333333333333
177.68005962661678,1.5581887489872963,0.03333333333333333
184.10264665486352,0.8038349589221381,0.03333333333333333
183.24909669974548,1.823100765666048,0.03333333333333333
185.37906214223312,1.1244747214893358,0.03333333333333333
184.73251321873695,2.0005938638657152,0.03333333333333333
184.97137095309444,1.7733446163950402,0.03333333333333333
175.3093370868025,-2.011532872633214,0.03333333333333333
176.50204709694134,-3.4313480014917856,0.03333333333333333
178.30862939134568,-3.4090472369583167,0.03333333333333333
178.66696035845715,-3.022152833795818,0.03333333333333333
177.62384471196034,-2.7828371385314035,0.03333333333333333
178.15697510920216,-2.468564555740332,0.03333333333333333
178.15543681764203,-2.4692788013971625,0.03333333333333333
177.88896201644386,-2.3727022231183543,0.03333333333333333
179.95651177439538,-3.2145283425446136,0.03333333333333333
180.1978076966742,-3.420035887658516,0.03333333333333333
180.3001188798794,-2.840606703126637,0.03333333333333333
180.8789427905787,-2.4452447943030413,0.03333333333333333
181.51482487863566,-3.1958718478934376,0.03333333333333333
182.38402371553212,-2.8387282265792586,0.03333333333333333
182.39461212801228,-2.0092388492071205,0.03333333333333333
182.9464319629031,-2.3945391942684617,0.03333333333333333
187.95005920551247,-2.9702797868130153,0.03333333333333333
187.21232996488357,-2.0604233981636337,0.03333333333333333
348.08295486818895,-16.44931576121442,0.03333333333333333
326.72639114194766,-22.284077102773846,0.03333333333333333
327.37170525535765,-21.87617578358955,0.03333333333333333
326.42267255941744,-20.87323727694241,0.03333333333333333
324.30262759556456,-22.54114080624365,0.03333333333333333
324.82506492951967,-22.211996660700265,0.03333333333333333
38.37958500587165,-39.053078732061635,0.03333333333333333
38.404351632929504,-39.02992290459976,0.03333333333333333
15.242220865428825,-40.85045410835974,0.03333333333333333
39.54565591019629,-40.68318281326947,0.03333333333333333
37.99545513154192,-42.032454142350936,0.03333333333333333
355.55265978493804,-42.009671068206735,0.03333333333333333
354.13364750073504,-40.82373328653389,0.03333333333333333
9.771687512440534,-43.08340290414478,0.03333333333333333
30.818979780989128,-45.968060619370135,0.03333333333333333
324.91439167322807,-48.68200182534816,0.03333333333333333
325.79390683827233,-47.26633495673109,0.03333333333333333
325.4034058272569,-47.2673202321355,0.03333333333333333
59.023230308727214,-49.477980287821204,0.03333333333333333
60.12371699393936,-49.0284135721714,0.03333333333333333
60.121774965078046,-49.02651415393258,0.03333333333333333
60.12006841891675,-49.025231246109115,0.03333333333333333
60.0739186827952,-48.81442958688315,0.03333333333333333
59.424725283426206,-48.902149722863705,0.03333333333333333
60.12243387703378,-49.0301151239449,0.03333333333333333
334.09378585429647,-48.555201544511526,0.03333333333333333
39.80276532226319,-49.853842823227644,0.03333333333333333
40.437231037089795,-50.016186288688495,0.03333333333333333
345.41322090596634,-55.78488426174897,0.03333333333333333
321.9198471233584,-59.89076847357307,0.03333333333333333
320.59115718453086,-59.85553898208067,0.03333333333333333
200.79015928510086,0.7046162820779162,0.03333333333333333
199.89567579972802,-0.6505891046808947,0.03333333333333333
151.49804847248032,1.078112144402534,0.03333333333333333
150.2239446370433,1.3230694944206247,0.03333333333333333
150.95215142555583,2.005109338609309,0.03333333333333333
150.25761649894042,2.338411141463027,0.03333333333333333
220.93127546691463,4.802946848270894,0.03333333333333333
220.74043727833703,4.894010962861123,0.03333333333333333
222.99447654147613,-22.292130113213425,0.03333333333333333
223.8100369657186,-22.080849393975328,0.03333333333333333
223.28744488289917,-21.395838942209174,0.03333333333333333
223.28806588402927,-21.393511091766488,0.03333333333333333
223.29237094477605,-21.393521382145465,0.03333333333333333
224.16728717764457,-21.266961019854538,0.03333333333333333
224.302638183386,-21.204073326431814,0.03333333333333333
224.3010002060487,-21.119284425747644,0.03333333333333333
224.672467781618,-23.543730828212762,0.03333333333333333
223.71799659112042,-23.46662734482012,0.03333333333333333
223.30042333355925,-22.213734976427432,0.03333333333333333
213.2915746706093,-26.21597108359252,0.03333333333333333
214.86735166090259,-25.856457757758573,0.03333333333333333
213.53790406554242,-25.758157893825363,0.03333333333333333
214.7229114358137,-24.880257164730967,0.03333333333333333
213.2897336120752,-25.17198052565709,0.03333333333333333
215.97386020433902,-25.938944107369647,0.03333333333333333
215.75216275068587,-25.640182988996354,0.03333333333333333
158.16342128646284,-35.345392763853326,0.03333333333333333
157.95667967421562,-35.20854909506354,0.03333333333333333
158.72379963689147,-35.05099134211767,0.03333333333333333
159.16247667986624,-34.75611929855415,0.03333333333333333
159.15409723009876,-34.75232952260172,0.03333333333333333
157.41004420914481,-34.644940940472445,0.03333333333333333
158.42525076381247,-34.22844282953004,0.03333333333333333
159.0420721965171,-33.8928018726414,0.03333333333333333
158.2855224080169,-33.90187445311281,0.03333333333333333
157.9802219963947,-33.90828731046859,0.03333333333333333
155.80921890870118,-35.117187325284036,0.03333333333333333
157.4066514130115,-36.0974778995782,0.03333333333333333
158.22683549022443,-36.07769431455888,0.03333333333333333
157.75042642895878,-36.07021576856019,0.03333333333333333
158.53580154772578,-35.2690381977185,0.03333333333333333
157.1444205870776,-36.438019255740926,0.03333333333333333
156.65360064591027,-36.41042654571879,0.03333333333333333
156.55351996891085,-35.946620423518844,0.03333333333333333
156.30609371925289,-35.67130335611048,0.03333333333333333
155.87560948753315,-35.459718878345974,0.03333333333333333
156.30425272945274,-35.280108845198455,0.03333333333333333
156.47401949865838,-35.28375971908712,0.03333333333333333
149.91474745418813,-24.07107823642341,0.03333333333333333
150.60854505351438,-23.17905742568279,0.03333333333333333
150.8823454180836,-23.16851954277631,0.03333333333333333
151.00892214219613,-23.170048089025144,0.03333333333333333
153.08133720897214,-24.47305898191053,0.03333333333333333
152.56979949237316,-23.19572536577129,0.03333333333333333
154.5590454232595,-24.25608840252293,0.03333333333333333
154.63547197574292,-24.62316991648619,0.03333333333333333
156.1503835025707,-24.33730095489201,0.03333333333333333
156.14306382312378,-23.83039139573636,0.03333333333333333
155.11884791676326,-23.47924382987377,0.03333333333333333
156.53317157543972,-24.557364698517805,0.03333333333333333
156.52918181003358,-24.55412085121974,0.03333333333333333
156.53085826350642,-24.555606178694944,0.03333333333333333
156.14215903894763,-24.07938653230875,0.03333333333333333
157.14980720575159,-23.805972346166353,0.03333333333333333
157.51244636086187,-23.1945076122821,0.03333333333333333
160.77149509640378,-24.30008972168131,0.03333333333333333
160.64632858697246,-24.25445942647181,0.03333333333333333
160.64851126043243,-23.933494922944607,0.03333333333333333
159.86697580698296,-23.75746218824025,0.03333333333333333
159.61948722208078,-23.25785886604727,0.03333333333333333
160.9436683643086,-24.375003497366876,0.03333333333333333
160.94837252672312,-24.36026967014191,0.03333333333333333
162.29774609134492,-23.981537872380446,0.03333333333333333
161.18436156099295,-23.4428696047405,0.03333333333333333
151.10201663365274,-25.97690417820425,0.03333333333333333
151.36289639024278,-25.97388483217491,0.03333333333333333
151.35239389514638,-25.971675355076552,0.03333333333333333
151.6070641539109,-25.14340880083127,0.03333333333333333
151.29201323887034,-24.56594019134691,0.03333333333333333
151.0744995610249,-24.571001133202948,0.03333333333333333
152.4140213001734,-25.979788174332253,0.03333333333333333
152.91481418521712,-25.835615706569552,0.03333333333333333
152.82332262521626,-25.454068208528305,0.03333333333333333
152.5919436909777,-25.13902149829029,0.03333333333333333
153.49352291248067,-24.88223355471601,0.03333333333333333
153.78388951667534,-25.07545162969541,0.03333333333333333
155.54359102745408,-25.783565740213827,0.03333333333333333
156.54540891346127,-24.78924706146241,0.03333333333333333
156.60996909365107,-24.89024343502137,0.03333333333333333
158.1708328235289,-25.11091849521069,0.03333333333333333
158.1702572738059,-25.081800680038004,0.03333333333333333
156.9368549703934,-24.878046975945832,0.03333333333333333
158.41179578872104,-25.853983200495968,0.03333333333333333
159.67213811820238,-25.593225317476392,0.03333333333333333
159.50127714487684,-25.46366543452096,0.03333333333333333
158.8553579623175,-24.74819166187371,0.03333333333333333
158.21806027264367,-24.86453008907636,0.03333333333333333
160.07958376890366,-26.012903019722533,0.03333333333333333
160.30594661183832,-25.982750633010696,0.03333333333333333
162.45539327552285,-25.81711034467419,0.03333333333333333
161.58506567352052,-25.35660335229236,0.03333333333333333
162.23595178672437,-24.593030247047572,0.03333333333333333
164.12760786106512,-25.574147009614826,0.03333333333333333
149.2705874293189,-27.108523128849306,0.03333333333333333
150.60298655942006,-26.502836004646174,0.03333333333333333
150.76846564828602,-26.00082667201295,0.03333333333333333
150.7346337031606,-26.149578872464772,0.03333333333333333
150.7477842615568,-26.146234907142137,0.03333333333333333
150.71018136760384,-26.146164914716174,0.03333333333333333
150.7278728767585,-26.149887286064306,0.03333333333333333
150.75114026709068,-26.1484608569593,0.03333333333333333
150.1561019827964,-25.982856213694767,0.03333333333333333
150.0794984970174,-25.98329432509821,0.03333333333333333
151.78937012060734,-27.23229838433283,0.03333333333333333
150.9377314328984,-27.017622180579032,0.03333333333333333
150.71305878491532,-26.80780592570252,0.03333333333333333
150.90428958980084,-26.487201095311622,0.03333333333333333
150.82350118343848,-26.16715166493217,0.03333333333333333
150.74781937989138,-26.14622489042657,0.03333333333333333
152.41523489388604,-27.17061019366204,0.03333333333333333
152.62170166159774,-25.98283926948977,0.03333333333333333
154.02754462270295,-27.057162345285978,0.03333333333333333
155.52259767218746,-26.964329496109272,0.03333333333333333
154.76306345588918,-26.189977178796486,0.03333333333333333
157.7519833081222,-27.37148131741187,0.03333333333333333
158.34908188488996,-27.36260567596269,0.03333333333333333
157.49031872914404,-25.958519001737837,0.03333333333333333
159.23368459218906,-26.903779869033656,0.03333333333333333
158.60707177776573,-26.843964133495803,0.03333333333333333
159.47029391969204,-26.477902590035754,0.03333333333333333
158.9139839467468,-25.958251697297182,0.03333333333333333
160.25137381094376,-27.07921086935778,0.03333333333333333
160.251637655495,-27.077445651078357,0.03333333333333333
160.1852229868397,-26.90819976091233,0.03333333333333333
161.59611334348494,-26.371426054328566,0.03333333333333333
160.3217603141139,-26.168371207613937,0.03333333333333333
163.4189073152784,-27.37880804553825,0.03333333333333333
162.5519022657634,-27.279659544960843,0.03333333333333333
162.32076142023294,-26.681421759769464,0.03333333333333333
162.49424601630975,-26.42789685374301,0.03333333333333333
164.29344412872567,-27.188397105147942,0.03333333333333333
151.41950455596918,-28.415990471734748,0.03333333333333333
151.41455454294217,-28.44519559181481,0.03333333333333333
151.14627704498258,-27.946004853369736,0.03333333333333333
151.82030878164647,-27.94361865123108,0.03333333333333333
150.67034166305828,-27.927678029917807,0.03333333333333333
151.05428323986797,-27.81224646164244,0.03333333333333333
150.97396934960966,-27.567627523195117,0.03333333333333333
152.11255821474995,-28.763550042069546,0.03333333333333333
152.9439256104439,-27.34801127469192,0.03333333333333333
154.7830154970459,-28.676204675879326,0.03333333333333333
154.67331686837983,-27.36575076552485,0.03333333333333333
154.67949807573703,-27.36570392614964,0.03333333333333333
155.36921606110946,-27.806728377700306,0.03333333333333333
158.3227483061854,-28.484242174665127,0.03333333333333333
156.81096746289862,-27.664565912368086,0.03333333333333333
157.68930033809127,-27.347107339578727,0.03333333333333333
159.61951978465518,-28.51528044835931,0.03333333333333333
159.2576473277571,-28.3671309867131,0.03333333333333333
159.0289000363089,-28.295841627615104,0.03333333333333333
159.33289005555525,-28.23887235996743,0.03333333333333333
159.1895107330749,-28.167422472389198,0.03333333333333333
160.07263126495516,-27.785027747252077,0.03333333333333333
160.07823354097073,-27.77436337697236,0.03333333333333333
159.64195862921684,-27.74042781210461,0.03333333333333333
159.6440093873514,-27.73894628942811,0.03333333333333333
158.8403145607597,-27.695706429361035,0.03333333333333333
158.61142286949845,-27.501099376586534,0.03333333333333333
161.67510373399455,-28.524901324107137,0.03333333333333333
160.73840659291358,-28.349689510402136,0.03333333333333333
160.0731052507296,-27.78490510577609,0.03333333333333333
160.0796729949213,-27.784461506617657,0.03333333333333333
160.07832487148363,-27.774390829466704,0.03333333333333333
160.06961273252242,-27.76801009612217,0.03333333333333333
160.41429810549982,-27.777270815267524,0.03333333333333333
162.5554721802567,-27.363847969376,0.03333333333333333
164.65344284462557,-27.333690021079175,0.03333333333333333
150.48829114231447,-30.018903697448916,0.03333333333333333
150.94018978477888,-29.89963759149301,0.03333333333333333
149.383678786129,-29.687747800008776,0.03333333333333333
150.56916441944318,-29.637420208490514,0.03333333333333333
150.57273649863683,-28.96045151208149,0.03333333333333333
151.06137993614453,-29.33540249648749,0.03333333333333333
151.02433102653234,-28.95535129008018,0.03333333333333333
154.17215883296504,-30.13543681653563,0.03333333333333333
152.80618764806343,-29.457741820776878,0.03333333333333333
153.47178991663608,-29.294384940627182,0.03333333333333333
152.5760037657135,-28.963867944815696,0.03333333333333333
152.96126161720716,-28.997687953874607,0.03333333333333333
153.20267199016038,-28.75799030762281,0.03333333333333333
153.44615119710258,-28.75647305424691,0.03333333333333333
154.30048789072987,-30.149820368579345,0.03333333333333333
154.95490974726832,-29.614647107382908,0.03333333333333333
154.7386812762612,-29.383443548516933,0.03333333333333333
