"Unnamed: 0" Field ID RA DEC FWHM ISOarea KRON_RADIUS nDet_magPStotal PhotoFlagDet U_PStotal F378_PStotal F395_PStotal F410_PStotal F430_PStotal G_PStotal F515_PStotal R_PStotal F660_PStotal I_PStotal F861_PStotal Z_PStotal e_U_PStotal e_F378_PStotal e_F395_PStotal e_F410_PStotal e_F430_PStotal e_G_PStotal e_F515_PStotal e_R_PStotal e_F660_PStotal e_I_PStotal e_F861_PStotal e_Z_PStotal "r - i" "r - J0660" "e(r - i)" "e(r - J0660)" "Unnamed: 0.1"
21712 SPLUS-s03s05 iDR3.SPLUS-s03s05.040546 330.5388749847869 -2.0097191021677627 17.118303 757 2.7668513999999997 12.0 0 23.310904 23.031225 18.214845999999998 17.42765 16.668136999999998 16.550383 14.9585905 15.169159 13.078664999999999 14.211617000000002 12.882533 12.874711999999999 1.4336061000000002 1.6920118000000002 0.046342827 0.025772905 0.016235175 0.0072820773 0.006493633 0.0028284309 0.0012152003 0.0018240481 0.0015611210999999998 0.0011082239999999999 0.9575419999999983 2.0904940000000014 0.0033655865502447593 0.0030784303021499284 ""
188941 HYDRA-0065 iDR3.HYDRA-0065.000118 159.9566993632784 -31.55664700403079 10.633800500000001 289 3.2670162 12.0 0 21.238148000000002 19.03465 17.77413 17.157593 16.909492 16.319110000000002 17.50338 16.50874 15.187512 14.953944 15.069479000000001 15.059187 0.24603229999999998 0.07921133 0.026467052999999997 0.015981972 0.013105461 0.0055863084 0.022503733999999997 0.005859294399999999 0.003588432 0.0029386198 0.0050118426 0.0037377195 1.5547959999999996 1.3212279999999996 0.0065549078708112595 0.00687082055394371 ""
503731 HYDRA-0127 iDR3.HYDRA-0127.000745 162.65716232137473 -41.187267548973885 11.319782 348 3.3276540999999997 7.0 2 99.0 99.0 99.0 99.0 27.956265999999996 26.390759999999997 99.0 17.022717 15.527384 16.740883 15.204410999999999 15.09314 22.571629 22.05855 21.451979 21.574701 156.02792 11.864286 21.883707 0.006200888000000001 0.0034799776 0.0057769909999999996 0.004612937 0.0031941753999999998 0.2818339999999999 1.4953330000000005 0.008474941710868872 0.007110643858684372 ""
9230 SPLUS-s20s35 iDR3.SPLUS-s20s35.036033 334.3402331351376 -24.88095342223036 13.533273000000001 138 3.3289470000000003 12.0 2 17.651598 17.31985 17.500675 17.691534 16.756874 18.281862 17.392595 17.493076000000002 15.838176999999998 15.883977999999999 15.678532 15.685362 0.013715086000000001 0.01730822 0.029390742999999997 0.03099944 0.017918548 0.016495546 0.019966673 0.009076104 0.0044770692 0.0041579786 0.00693735 0.0050221816999999995 1.609098000000003 1.654899000000004 0.009983208394943679 0.010120267409530473 ""
110315 SPLUS-s28s48 iDR3.SPLUS-s28s48.000391 317.0396898099512 -36.901148177792564 29.599075 544 3.4659317 12.0 2 16.88543 16.524283999999998 16.672104 16.816679999999998 16.70961 15.73432 17.166714000000002 16.113297 14.726984 16.667332000000002 15.258479999999999 15.179170999999998 0.0098468205 0.011658231000000002 0.018107334 0.017382853 0.016159937 0.0040633488 0.016287053 0.0042429026 0.0027420437 0.0072543419999999996 0.005767621999999999 0.0043223524 -0.5540350000000025 1.3863129999999995 0.008404028815160664 0.005051833936878414 ""
203995 SPLUS-n18s10 iDR3.SPLUS-n18s10.000071 163.75072930133163 -23.62601103679027 8.819875999999999 215 3.5384822 12.0 2 22.85855 21.199963 20.603113 19.581635000000002 19.592012 17.236967 17.85397 17.365276 15.96214 16.062754 15.597570000000001 16.004332 0.9904171999999999 0.29435915 0.29287870000000005 0.10653894400000001 0.09895119 0.008694526 0.02523898 0.00911825 0.004934822 0.004839394 0.0066803037 0.006272528 1.3025219999999997 1.4031360000000017 0.01032289772058873 0.010367977200697539 ""
115925 SPLUS-n12s34 iDR3.SPLUS-n12s34.000018 196.96377110056733 -15.585766592627742 16.584972 116 3.8958654000000004 10.0 2 27.805725 99.0 99.0 24.214575 20.872513 18.667175 20.443398000000002 16.944118 15.698020999999999 16.941471 15.112184 15.297144 196.72249 20.780924 20.322062 18.001547 0.79506665 0.048615877 0.44502118 0.010227059 0.0050442433 0.010610102 0.0055204523 0.0045583155 0.002646999999999622 1.2460970000000007 0.014736587129993328 0.011403382228929972 ""
17464 SPLUS-s37s44 iDR3.SPLUS-s37s44.000023 324.91439167322807 -48.68200182534816 10.428048 168 3.2141051 12.0 0 16.801247 16.569069 19.084248000000002 18.549395 17.282478 15.883052 18.030079999999998 16.6523 15.003366 16.775204000000002 14.917456 15.371191 0.013342083000000001 0.012931557 0.08142543599999999 0.04958352 0.021575775 0.0044199424 0.027790159 0.0057756807999999995 0.0031388833 0.0071661547 0.0059295516 0.004203541 -0.1229040000000019 1.6489340000000006 0.00920392643863589 0.006573513297659595 ""
144502 HYDRA-0028 iDR3.HYDRA-0028.000437 162.63285655382037 -26.001474646433373 10.890665 95 4.4916205 11.0 0 21.60846 21.924232 99.0 20.743378 22.107494 19.43743 20.095772 19.417421 17.1305 17.469341 16.753456 17.16056 0.31934884 0.6412256 21.179955 0.29960072 0.98503846 0.03641809 0.12914567 0.03541243 0.008444956 0.010475219000000001 0.012996841 0.013584003999999998 1.948080000000001 2.2869209999999995 0.03692926226724359 0.036405459485451305 ""
328585 HYDRA-0054 iDR3.HYDRA-0054.000525 158.89229287014442 -30.16260472902169 14.141342999999999 83 3.7300377 12.0 2 19.5406 19.176826000000002 19.786873 19.474226 20.57953 18.260983 19.337677 19.439632 17.350683 19.226854 17.109318 17.847996 0.026355102999999998 0.030077316 0.07577804 0.049654975999999997 0.11688725 0.008144131 0.03474386 0.017590681 0.0052559090000000004 0.020261355 0.008730093000000001 0.011994014499999999 0.21277800000000013 2.0889489999999995 0.026831969075708666 0.01835910230539723 ""
480775 HYDRA-0072 iDR3.HYDRA-0072.045130 158.1487150131946 -31.51757525365968 31.261007 743 3.084157 12.0 2 18.803371 18.66177 17.557884 18.035078 16.446163000000002 19.220505 16.470852 19.201511 13.834005 14.419547 13.832073000000001 13.675614999999999 0.037666973 0.05238441 0.03539336 0.050802097000000004 0.016760467 0.05070747 0.014237504 0.04185062 0.0018510282999999999 0.0020969475 0.0025470424 0.0018058262 4.781964 5.3675060000000006 0.041903121401658805 0.041891534946237055 ""
1017045 HYDRA-0120 iDR3.HYDRA-0120.082322 165.44792952387644 -38.61523871074965 10.320113000000001 28 3.968407 9.0 2 25.183392 99.0 99.0 99.0 21.931581 22.623486 20.699120999999998 19.884703 17.919254000000002 19.876894 17.85034 19.563679 8.337159 21.495323000000003 21.001385 21.191927 0.8331153 0.4229487 0.22849762 0.04250869 0.014618734 0.06272404 0.05333530000000001 0.09204733 0.0078089999999981785 1.965448999999996 0.0757713264991296 0.04495215355551785 ""
1050310 HYDRA-0123 iDR3.HYDRA-0123.091823 155.33145742029336 -39.763233768602255 13.5752535 243 3.1099598 11.0 2 25.511211 99.0 23.672957999999998 22.274742 19.600368 22.211313 18.0548 19.347578 14.776342999999999 17.708942 14.160226000000002 13.629225 17.25447 21.180616 6.2571330000000005 1.8711023 0.15184754 0.6182904 0.034655776 0.039549400000000005 0.0024957876 0.013430602 0.0028612781 0.0015983494000000001 1.6386359999999982 4.571235 0.04176764430085092 0.03962807080977213 ""
1317446 HYDRA-0140 iDR3.HYDRA-0140.074781 155.30683400465838 -42.5024131795272 9.465452 52 4.638132 11.0 0 25.245724 26.18007 99.0 23.781004 19.374044 22.19449 18.941729000000002 19.941944 16.782482 17.949913000000002 18.333248 16.728428 6.3874555 23.294363 21.081766000000002 5.401415 0.20744431 1.1267048000000002 0.12523367 0.12667957 0.012050388 0.026957937999999997 0.07205075 0.01593174 1.9920309999999972 3.1594619999999978 0.1295161915615061 0.1272514255571836 ""
1440720 HYDRA-0147 iDR3.HYDRA-0147.142223 155.68540924067037 -43.85918021149022 21.610441 115 5.122523999999999 12.0 2 21.525593 25.773020000000002 22.558643 22.276745000000002 20.909456 23.328241000000002 20.219739999999998 19.676182 18.302406 18.442959 17.775282 18.370647 0.3465062 20.2595 1.7137625 1.2403985 0.34651843 1.0273921 0.14956301 0.04049842 0.018012233 0.021175921 0.026452697999999997 0.034547675 1.2332230000000024 1.3737759999999994 0.045700565124455965 0.04432338615384309 ""
1724086 HYDRA-0161 iDR3.HYDRA-0161.196209 151.78021411106937 -46.572956659578345 15.477917000000001 111 3.5338713999999998 10.0 2 99.0 99.0 20.492683 21.38298 20.003767 19.653397000000002 18.15821 18.627966 15.9794235 16.549831 15.753051999999999 16.407158 22.048647 21.56866 0.27410805 0.55863893 0.16205595 0.04460751 0.03185974 0.020775534 0.0049015772999999995 0.0061538117 0.0067346635999999994 0.00789457 2.0781349999999996 2.6485425000000014 0.021667768953545097 0.021345919352724802 ""
1782864 HYDRA-0163 iDR3.HYDRA-0163.180757 156.75002919550641 -46.57137109392004 10.799307 32 4.5115004 12.0 2 27.757085999999997 24.377317 19.877728 19.973518 19.19706 20.831028 20.066444 19.779272 17.662882 18.739243 16.882788 17.573776000000002 100.9546 6.9354935 0.18898392 0.19544509 0.098473825 0.14313054 0.15816113 0.053138397999999996 0.012578598 0.028914057000000003 0.013607015 0.018762084 1.0400290000000005 2.116389999999999 0.060495553838324785 0.05460687200025293 ""
459493 STRIPE82-0098 iDR3.STRIPE82-0098.090821 307.29616223908874 1.4067209263489666 9.725494 100 5.0731910000000005 12.0 2 20.114834 19.684309 19.498219 18.490414 18.270428 20.595009 20.187904 19.350143 17.44266 18.119581 17.750608 17.940027 0.08592852 0.09212376 0.13799033 0.06682497 0.05359299 0.1012553 0.16021122 0.03622749 0.011660390500000001 0.018585531000000002 0.027156573 0.02606504 1.230561999999999 1.9074829999999992 0.04071674095813737 0.03805779471163023 ""
712918 STRIPE82-0128 iDR3.STRIPE82-0128.058760 329.1009164583662 1.4107100008985056 19.494020000000003 223 3.4533748999999996 12.0 2 24.059843 20.283726 19.284117000000002 18.590153 17.911102 18.886837 17.240676999999998 18.148098 15.433975 16.845627 15.165151000000002 15.232965 1.7624581999999998 0.09871088 0.072487555 0.04088638 0.025108447000000002 0.017715057 0.014292649 0.010780635 0.003130335 0.005741044399999999 0.0041922834 0.0031015867999999998 1.3024710000000006 2.7141230000000007 0.012213995325281418 0.011225911464796522 ""
758032 STRIPE82-0139 iDR3.STRIPE82-0139.005133 336.82058435510237 -1.2654017728402382 9.101842 41 8.347802 12.0 2 23.656069 23.271667 23.766556 21.599894 20.806122 21.342308 21.110989 19.722572 18.35543 19.41082 18.648998000000002 18.723343 2.2263305 2.4885054 5.932794 0.8469039 0.3892276 0.3210094 0.5451126000000001 0.05315846 0.01935577 0.05487868 0.055069547 0.0426697 0.3117519999999985 1.3671420000000012 0.07640347759175625 0.05657267628338348 ""
792489 STRIPE82-0148 iDR3.STRIPE82-0148.044943 342.7920156792848 1.4409604569311931 13.526857000000001 111 3.0709147 9.0 0 99.0 99.0 99.0 20.944607 20.119460999999998 21.010628 17.913470999999998 19.620667 16.340999999999998 16.895178 14.990322 16.29256 22.301226 21.773787 21.254766 0.36269578 0.1360168 0.08906712 0.022132112000000002 0.031993568 0.0049322913 0.0060558976 0.0039451923 0.0057812463 2.7254889999999996 3.2796670000000034 0.03256166901607333 0.032371529016076456 ""
117654 SPLUS-s27s36 iDR3.SPLUS-s27s36.045561 57.44902836315665 -34.165093346380445 16.839174 121 3.658956 10.0 2 99.0 24.651344 99.0 20.572885999999997 20.082226000000002 20.735043 18.35843 18.804562 16.524760999999998 17.25871 15.340725 15.250687 21.679384 11.623198 20.64779 0.46121034 0.27370405 0.18769671 0.048535015 0.027583707000000002 0.006604938 0.009451869 0.0053642252 0.0036290474 1.545852 2.2798010000000026 0.02915816728559959 0.028363464136908472 ""
201765 SPLUS-s29s34 iDR3.SPLUS-s29s34.058808 56.720634519431066 -36.793975276443035 16.827179 63 5.376971 12.0 2 23.850158999999998 21.225466 19.715757 19.587432999999997 19.778988000000002 20.443241 19.771545 19.662860000000002 17.802004 20.594542 17.80409 17.815075 1.7173166000000002 0.27997684 0.12885219 0.11644733 0.13357466 0.06868191 0.096480146 0.035313774 0.012228705 0.09632827 0.02405575 0.017285839 -0.9316819999999986 1.8608560000000018 0.10259726231881616 0.037371163483361086 ""
25803 SPLUS-s20s35 iDR3.SPLUS-s20s35.029130 335.0832394487865 -25.45845916042768 8.94174 69 5.6499066 12.0 0 21.956652 21.814478 22.365479999999998 20.542662 21.279638000000002 20.650988 20.40118 19.921532 18.248993 19.540442000000002 19.37371 19.313602 0.31657702 0.49308062 1.5094565 0.26510796 0.5132424 0.08995056 0.17322079999999998 0.047643207 0.016794158 0.04940394 0.10394473 0.07887481 0.3810899999999968 1.6725390000000004 0.06863398910720875 0.05051652122003071 ""
145049 SPLUS-s23s35 iDR3.SPLUS-s23s35.060753 335.89784422961947 -28.874056919602786 18.786935999999997 90 5.097832 11.0 2 27.545906 99.0 24.33468 24.942781 23.763693 26.923553000000002 24.475376 19.949348 18.477032 18.551092 19.433289000000002 17.195454 43.724926 21.906036 7.7802386 12.351386 4.036621 24.106262 6.0463057000000004 0.043698702 0.018510615 0.019768957 0.075130954 0.011403071 1.398256 1.4723159999999993 0.047962362508040125 0.04745755392098321 ""
153308 SPLUS-s23s38 iDR3.SPLUS-s23s38.029611 341.2775186097169 -29.457233785865604 11.099454 76 4.851309 11.0 0 99.0 20.471973000000002 20.480964999999998 21.16049 20.877174 20.085938 19.877354 18.956366 17.439514000000003 18.406979999999997 18.332466 18.165367 21.047813 0.44195306 0.702113 1.332878 0.9610955 0.18915266 0.29423872 0.05371931 0.01668861 0.043126766 0.05568319 0.040141697999999996 0.5493860000000019 1.5168519999999965 0.06888891211577416 0.05625187970733245 ""
298846 SPLUS-s25s10 iDR3.SPLUS-s25s10.018808 14.340174126822562 -32.3373346580284 8.669358 94 4.3671675 12.0 0 21.83268 21.400475 23.99748 20.89186 21.32378 20.909863 20.259516 19.587656 18.23254 19.125458 18.778522 18.820960999999997 0.32031550000000003 0.37865654 7.4767094 0.36336523 0.557237 0.106942564 0.15128392 0.039469443 0.016649248000000002 0.037899856 0.054720542999999996 0.0518158 0.4621980000000008 1.3551159999999989 0.054719612713824875 0.04283730138204032 ""
52419 SPLUS-s20s22 iDR3.SPLUS-s20s22.000077 315.11853707823724 -26.29850756736785 22.598910999999998 188 4.1968336 6.0 2 19.011812 99.0 99.0 99.0 99.0 99.0 99.0 19.702648 17.700232999999997 17.044134 17.277874 17.407173 0.031394765 21.666492 21.224863 21.342373000000002 21.422562 22.731358 21.716745 0.03848267 0.0111039765 0.0076268790000000005 0.017649874 0.01573675 2.6585140000000003 2.0024150000000027 0.03923117604163225 0.040052642664891065 ""
340106 SPLUS-s32s43 iDR3.SPLUS-s32s43.068370 314.4410181420806 -40.74278945124551 8.803276 366 4.2008967 12.0 2 19.428375 18.929342000000002 18.611588 18.30647 18.328297 22.002676 19.476397 19.901058 17.716389000000003 16.947357 17.59122 17.164842999999998 0.03912998 0.041189300000000005 0.051470324000000005 0.035781827 0.0361375 0.24044776 0.06606774 0.043854877 0.010654645 0.009077569 0.020667417 0.01292522 2.953700999999999 2.184668999999996 0.04478451178292435 0.04513060709497662 ""
12635 SPLUS-s02s03 iDR3.SPLUS-s02s03.000356 327.82790186608014 -2.0681732681132843 10.255688000000001 34 4.1805005 12.0 0 19.576881 19.402017999999998 19.235191 18.913578 19.513412 19.8952 19.128273 19.665276000000002 17.167793 17.748343 16.936272 20.619453 0.043274022999999995 0.063338675 0.08606897 0.059487578 0.09087577 0.04228584 0.05330555 0.033878118 0.008316499 0.010863491999999999 0.012385996000000002 0.19743285 1.9169330000000038 2.4974830000000026 0.03557727276866494 0.03488396529695162 ""
100311 SPLUS-s03s01 iDR3.SPLUS-s03s01.059563 324.41982361770533 -2.01362690140663 11.762409 60 3.4382718 7.0 0 99.0 99.0 99.0 99.0 99.0 22.373661 19.602335 19.232267 17.921357999999998 17.857893 15.625793 15.881924 22.251435999999998 21.740479 21.179132 21.303620000000002 21.369997 0.38362929999999995 0.08112292 0.028145764 0.013075846 0.013681255 0.006272953 0.005472808000000001 1.3743739999999995 1.3109090000000023 0.03129474028520961 0.031034847828842534 ""
6771 SPLUS-n05s02 iDR3.SPLUS-n05s02.034520 151.9777560415044 -4.718466450534088 10.018309 53 5.897293 12.0 2 23.73766 22.709745 21.684454000000002 21.084837 20.560682 23.490345 20.557722000000002 19.869797 18.154808 18.550857999999998 18.142145000000003 19.146027 2.5699432 1.4610868000000001 0.89622945 0.50882506 0.307431 1.6086197 0.23782276 0.055539414 0.016582634 0.023486715 0.03396412 0.068183646 1.3189390000000003 1.7149889999999992 0.06030134566454236 0.05796214504175421 ""
78069 SPLUS-n12s02 iDR3.SPLUS-n12s02.049324 152.3368713791652 -14.17028551957618 8.10539 42 3.541124 12.0 2 25.511547 24.096352 23.931202 20.219475 19.789204 22.226685 18.85513 18.767319 16.862779999999997 18.352085 16.068472 16.472057 11.093823 4.5121017 6.3371224 0.20650262 0.13674015 0.34939924 0.04933465 0.019254345 0.0070370976 0.017376263 0.007620909300000001 0.008924686 0.41523400000000166 1.9045390000000033 0.025935772925135544 0.02050001326855548 ""
180657 SPLUS-n14s19 iDR3.SPLUS-n14s19.007763 175.97616777156068 -18.10578010813701 9.0795765 84 4.011245 11.0 0 21.661016 21.030262 21.324665 99.0 21.041 20.426576999999998 20.16228 19.68735 18.150223 19.209173 18.938457 18.938896 0.25433314 0.28360906 0.49101130000000004 21.40229 0.32937983 0.066233955 0.12017278 0.037106602999999995 0.014663926 0.033999864 0.059127677000000003 0.047969133 0.47817699999999874 1.5371269999999981 0.050327832639783965 0.039899006402830194 ""
234095 SPLUS-n15s09 iDR3.SPLUS-n15s09.043728 162.13416145508023 -18.691442601192016 9.501081 60 4.2301226 12.0 0 22.380604 21.349860999999997 21.21423 20.757932999999998 21.801678 20.830475 20.598297 19.834170999999998 17.993714999999998 19.380836 19.158638 19.118412 0.42463854 0.29592866 0.46400008 0.27413163 0.6798850000000001 0.09296301 0.17967072 0.041486844 0.013198363999999999 0.040486705 0.06828008599999999 0.06016327 0.45333499999999916 1.8404559999999996 0.05796836643236862 0.04353567545538753 ""
257166 SPLUS-n15s14 iDR3.SPLUS-n15s14.016647 169.25893704524705 -19.215139908237933 10.132728 39 4.1690545 10.0 0 22.45102 99.0 21.398516 22.57349 99.0 20.883451 20.7288 19.900579999999998 18.582546 19.342644 19.109621 19.135270000000002 0.4667309 21.872972 0.5180557 1.3579466 21.371553 0.096211806 0.19492020000000002 0.04358834 0.019397238 0.03886997 0.062789686 0.057686955 0.557935999999998 1.3180339999999973 0.058402208449308664 0.04770949827847956 ""
487831 SPLUS-n17s16 iDR3.SPLUS-n17s16.000122 172.92249802651966 -22.29153367607385 13.270626000000002 63 3.8029976000000003 12.0 0 22.35279 21.7704 23.71516 20.324146 21.696987 18.800535 20.636889 19.114887 17.031319 17.424170999999998 16.614535999999998 20.744782999999998 0.48204124 0.45592730000000004 4.4999337 0.19380464 0.61415213 0.021182906 0.1828207 0.02556116 0.00828883 0.009886281 0.011230436000000002 0.2703696 1.6907160000000019 2.0835679999999996 0.027406412617425158 0.026871501694443873 ""
577446 SPLUS-n18s21 iDR3.SPLUS-n18s21.000239 180.312529155415 -23.621972887650838 13.3937 40 4.727645 11.0 2 99.0 20.969307 21.296235999999997 20.826363 21.763287 18.674404 20.873023999999997 19.893324 17.646313 19.873142 17.469034 19.725895 22.187967 0.23095465 0.46320507 0.27125216 0.57615733 0.016978918 0.20544398 0.04022281 0.011453882 0.05049936 0.019735787 0.08287919 0.020181999999998368 2.2470110000000005 0.06456051273577139 0.04182183469392542 ""
71461 SPLUS-n06s45 iDR3.SPLUS-n06s45.000220 210.6086937798902 -7.488314698262918 11.085361 90 3.7770271 10.0 2 99.0 25.802329999999998 99.0 23.577087 22.122265 17.894968 18.928148 18.808335999999997 17.086973 16.68039 16.315395000000002 16.86702 22.150692000000003 22.436869 21.03001 4.5755153 1.1310253000000001 0.014199541000000001 0.05489116 0.025823526 0.008657261999999999 0.007157691 0.011081858 0.01217401 2.127945999999998 1.7213629999999966 0.026797146033190864 0.02723605478789687 ""
121337 SPLUS-n08s40 iDR3.SPLUS-n08s40.000099 204.92081105449714 -10.195372150124328 13.944073999999999 67 4.182646 9.0 0 99.0 99.0 25.242449 99.0 23.597642999999998 19.12836 21.142592999999998 18.893723 17.007069 17.37725 16.75169 18.39746 22.335966 21.742628 18.056244 21.343916 3.5863127999999995 0.027312636 0.30061936 0.023269792999999997 0.008379004 0.009796953 0.014558558999999999 0.036652963999999996 1.5164730000000013 1.886654 0.025248040604115358 0.024732387153181653 ""
339452 SPLUS-n12s34 iDR3.SPLUS-n12s34.047368 197.15874999127075 -14.224833711087944 9.780151 27 8.066949000000001 10.0 0 21.42349 20.968163 99.0 99.0 21.449413 20.335445 19.858692 19.538435 18.247318 18.953026 18.613577 18.643888 0.5664009 0.5715939 20.322062 20.286226 1.3381087999999999 0.21566223 0.25954196 0.09261026 0.034839094 0.056992427000000005 0.08536699 0.06624876 0.5854089999999985 1.2911169999999998 0.10874188242171426 0.09894656501369027 ""
55761 SPLUS-n02s22 iDR3.SPLUS-n02s22.039680 179.96556420231337 -0.650241263968691 18.144737 140 3.9393434999999997 12.0 0 23.473364 19.837347 18.54187 17.792445999999998 17.6428 18.734170000000002 17.941418 19.088373 15.933267 19.231798 24.294667999999998 15.588075 1.440501 0.09232889 0.05357856 0.030386966 0.026058642000000003 0.020886336999999998 0.025511531 0.02649976 0.0055046575 0.04035143 8.2335415 0.004578209000000001 -0.14342500000000058 3.155106 0.04827499542312252 0.027065449086425785 ""
119224 SPLUS-n03s18 iDR3.SPLUS-n03s18.044957 173.37936738183305 -2.015738867059862 21.035984 258 3.4405398000000003 12.0 2 24.309925 23.214192999999998 22.92449 22.21317 20.471245 21.888557000000002 19.544539999999998 19.633132999999997 14.825551999999998 18.867548 14.546878 14.509811 3.17237 1.6944028000000002 2.0931878 1.0011287 0.202177 0.2308631 0.074055836 0.035003223 0.0025798278 0.031934492 0.0034050592 0.002419226 0.765584999999998 4.807580999999999 0.04738182562634953 0.03509816422357987 ""
55452 SPLUS-s37s44 iDR3.SPLUS-s37s44.000013 325.22221459083045 -48.68398321864072 11.6825905 31 5.589232 12.0 0 19.708809 19.39399 21.132215 20.505924 20.167133 19.163726999999998 20.722939 19.875420000000002 18.270578 19.983425 18.279898 19.017132 0.08426731 0.074191324 0.44658557 0.22869109 0.16524398 0.02748298 0.21309672 0.051400665 0.019312311000000002 0.08887751 0.07231769 0.07245865 -0.10800499999999857 1.6048420000000014 0.1026705417646285 0.054908958454909215 ""
85029 SPLUS-s45s31 iDR3.SPLUS-s45s31.000934 316.8279119669683 -58.94613433421814 9.908125 85 5.0439014 12.0 2 20.856817000000003 20.231476 20.356869 19.866919 19.807095 19.687235 19.48917 19.3032 17.547107999999998 19.082413 19.050331 18.882305 0.25784993 0.22235832 0.38044766 0.24714059 0.21592388 0.069523945 0.11586465 0.038748708 0.012426825 0.03938929 0.07892357 0.05644153 0.2207870000000014 1.7560920000000024 0.05525376492487516 0.04069260806645218 ""
143004 SPLUS-n05n53 iDR3.SPLUS-n05n53.037456 220.36682124265732 5.864515543127946 10.8151245 218 4.418076999999999 12.0 2 20.052267 19.932152 19.5447 19.304064 19.191303 18.8733 18.651676000000002 18.327360000000002 17.069435000000002 18.200499 18.028881 18.006504 0.107068606 0.15732104 0.19192304 0.13080305 0.113135464 0.03510588 0.06097794 0.023302708 0.0110365525 0.026013862000000002 0.046139892 0.038985442 0.12686100000000167 1.2579250000000002 0.03492473645266787 0.02578413642568857 ""
375116 HYDRA-0109 iDR3.HYDRA-0109.005109 161.01570857515347 -38.38276052751697 8.016614 24 6.619946499999998 12.0 0 22.744413 22.096571 21.257217 21.480782 20.991531 21.324314 21.313366 20.120834 18.555265 19.52068 19.227087 19.216537 1.0766386 0.921426 0.6735810999999999 0.8748763 0.55513644 0.29909548 0.57929534 0.07949571 0.024777902 0.05427731 0.08453236 0.06961526 0.6001539999999999 1.565569 0.09625795701779775 0.0832677148475068 375116
423092 HYDRA-0117 iDR3.HYDRA-0117.074717 159.98330642619038 -38.406843280948 8.286139 27 5.420800700000001 10.0 0 22.225666 22.62677 22.960217 99.0 99.0 21.821167000000006 21.382498 20.443336 18.219437 19.146479 18.87037 18.706337 0.47890225 0.9974388 2.3008444 21.344812 21.221134 0.23603837 0.3671586 0.11529351 0.019441301 0.054607842 0.080260634 0.082971394 1.2968569999999993 2.2238989999999994 0.1275719791177399 0.11692115990141691 423092
450051 HYDRA-0123 iDR3.HYDRA-0123.089147 154.6188493682879 -39.76795651909278 16.987326 142 3.5514112 10.0 0 99.0 27.315258 99.0 25.815039 21.52807 23.448109 19.46391 20.2993 16.46915 18.535908 15.912977 14.871141 21.544765 128.54272 20.802137 48.72269 0.8529757 1.9288664 0.10764888 0.089200914 0.005890705 0.025664324 0.007470809 0.0030830724 1.7633919999999996 3.8301499999999997 0.09281950541137554 0.0893952094009093 450051
516200 HYDRA-0134 iDR3.HYDRA-0134.090368 160.1386274545576 -41.1367784082176 13.376945499999998 47 4.624736 12.0 2 19.387371 19.283424 18.62584 18.26736 18.553326 20.94065 17.901777 20.231428 16.33929 18.254236 16.07191 16.413963 0.06533379 0.09288614 0.08353004 0.06487433 0.08046229 0.28017822 0.037827957 0.11810842 0.006436791999999999 0.022552695 0.008033110999999999 0.007606165 1.9771920000000023 3.8921380000000028 0.12024235080311522 0.11828368934957881 516200
679506 HYDRA-0158 iDR3.HYDRA-0158.164148 163.57901183348153 -45.2139141063667 16.054022 61 5.4300017 12.0 2 20.487484 19.789833 19.754143 19.66359 20.031616 21.085068 19.576826 20.311657 17.447691 18.830744 17.284046 18.131065 0.07508518 0.06973036 0.10792777 0.09450704 0.1229934 0.10246665 0.06912014 0.05371727 0.009269478 0.02254793 0.014797091000000004 0.02144575 1.480913000000001 2.8639660000000013 0.05825765394811054 0.05451117608936156 679506
870356 STRIPE82-0063 iDR3.STRIPE82-0063.035574 43.76980314488672 0.03211453245204548 8.342428 9 1.82 9.0 0 22.8669 99.0 20.678467 22.129875 99.0 99.0 20.639355 20.089752 17.574837 20.721691 22.483423 22.006233 0.8570515999999999 21.63278 0.33965352 1.0743673 21.38648 22.797504 0.21921378 0.053960934 0.010247848 0.11953478 1.5653852 0.7255822 -0.6319389999999991 2.514915000000002 0.13115008969802786 0.05492541112075047 110737
1117938 STRIPE82-0138 iDR3.STRIPE82-0138.000287 335.92120564114447 0.027798570553661046 9.191037 18 1.82 8.0 0 21.14975 99.0 99.0 99.0 99.0 20.747509 23.828886 20.234001 18.88684 20.424078 17.463242 19.710793 0.29932722 21.223778 20.730774 20.848543 20.860434 0.15141165 5.811630999999998 0.09256193 0.04746494 0.13801296 0.0368314 0.13071314 -0.19007700000000227 1.3471609999999998 0.16617848240156274 0.10402226403289105 358319
1129640 STRIPE82-0143 iDR3.STRIPE82-0143.030221 339.76327230117045 -0.5548586150826711 9.260955 40 5.4209356 12.0 0 22.131044 22.683441 21.54899 20.829617 21.075863 20.909370000000006 20.61979 20.259892 18.64419 19.893864 19.73673 19.809729 0.5158197 1.3178743 0.69842947 0.27256185 0.31623888 0.09916189 0.18359035 0.060671978 0.018712904 0.061129212 0.116596624 0.10827973 0.366028 1.6157020000000024 0.08612705425226982 0.06349221755889221 370021
1178711 SPLUS-s24s32 iDR3.SPLUS-s24s32.005867 49.09219215863045 -31.443972638434573 10.294542 53 3.844935 11.0 0 22.937883 21.857307 21.686787 20.675596 99.0 22.067863 21.284113 20.474096 18.64949 19.69529 19.251324 19.182629 1.2853674 0.63196456 0.82590145 0.307177 21.243452 0.33814988 0.38054007 0.08191947 0.023323407 0.057353567 0.08196973 0.06485552 0.7788059999999994 1.8246059999999993 0.1000011560568396 0.08517500149203724 210
1358009 SPLUS-s32s38 iDR3.SPLUS-s32s38.015814 66.4870237601996 -41.65913760262777 9.606191 29 5.298317400000001 12.0 0 21.133366 21.077862 21.260447 20.916851 21.325853 20.76715 20.450966 20.428911 18.096487 20.13065 20.032848 19.596375 0.20878582 0.34154773 0.6972543999999999 0.4251023 0.5892727 0.11020101 0.205769 0.08773108 0.01770539 0.09038733 0.19087088 0.10615572 0.2982610000000001 2.3324239999999996 0.1259627398181514 0.08949985046366558 179508
1708926 SPLUS-s19s24 iDR3.SPLUS-s19s24.035266 319.0876844896513 -23.540709627356755 14.02607 30 6.168085 9.0 2 31.860636 99.0 25.959942 99.0 28.168846 30.755816 99.0 20.145521 18.910433 19.491959 18.630497 18.725153 2688.8242 21.71457 43.161354 21.065622 333.2859200000001 1224.6699 21.242414 0.08966237 0.04826792 0.0770368 0.07584010000000001 0.07116753 0.6535619999999973 1.2350879999999975 0.11821171324474111 0.10182893839740892 24231
1709906 SPLUS-s20s22 iDR3.SPLUS-s20s22.000053 315.0671836491818 -26.298796354711804 20.892874 155 4.4894680000000005 8.0 2 19.353275 99.0 99.0 24.440088 99.0 27.644953000000005 99.0 20.260239 18.045412 16.948557 17.345741 17.552967000000002 0.039498433 21.666492 21.224863 7.827816499999999 21.422562 42.587337 21.716745 0.060458694 0.013683517 0.0071718115 0.01849436 0.0176175 3.3116819999999976 2.2148269999999997 0.060882580106112194 0.061987840079122974 25211
1808325 SPLUS-s27s47 iDR3.SPLUS-s27s47.005653 314.9318042952958 -35.45251741524869 8.459372 28 4.2553015 12.0 0 21.619055 22.9203 21.488323 21.690992 20.926285 20.834944 20.43017 20.182213 18.461315 20.031057 19.6027 19.922148 0.29789534 1.3022999 0.7181243 0.6627018 0.31801432 0.1009881 0.16285501 0.06954384 0.024837986 0.09262661 0.13972275 0.16515264 0.1511560000000003 1.7208980000000018 0.11582760708068565 0.07384626754604322 123630
1831869 SPLUS-s29s47 iDR3.SPLUS-s29s47.022689 317.10058648167575 -37.652054061432864 8.7898855 39 5.042457 12.0 0 21.415386 22.429897 21.143517000000006 22.10994 20.985634 20.727255 20.384233 20.085976 18.267305 19.919092000000006 19.660364 19.880146 0.25568295 1.0612301000000002 0.56616443 1.1601852 0.3916801 0.09898352 0.17992377 0.062459797 0.0231282 0.07665803 0.1423434 0.14238973 0.16688399999999248 1.8186709999999984 0.09888215109291519 0.06660435328506094 147174
2034540 SPLUS-n14s07 iDR3.SPLUS-n14s07.060071 158.80158072285616 -16.854887664253024 15.543491 51 4.6514796999999986 10.0 0 99.0 99.0 21.969097 20.47874 19.828209 20.553082 19.750324 20.01212 18.130451 18.352505 21.951336 18.435858 22.221394 21.673553 1.0422479 0.2527491 0.14065161 0.08232500400000001 0.09958961 0.050094277 0.018091504 0.017799173999999997 0.91077197 0.031045722 1.6596149999999987 1.8816689999999987 0.053162460281997906 0.05326104678970124 81438
2055184 SPLUS-n15s01 iDR3.SPLUS-n15s01.007808 149.94509282349162 -19.46665636988552 18.907152 60 4.734458 12.0 2 22.611246 21.517202 22.606213 22.662039 20.800407 20.896143 20.711512 20.318638 17.822062 20.206491 20.196976 20.000969 0.6038511 0.3672278 1.5977255 1.6023735 0.26376694 0.09730914 0.18884611 0.06284521 0.012085928 0.08038388 0.18592286 0.12595071 0.11214700000000022 2.496576000000001 0.10203474204308306 0.06399679738522299 102082
2110109 SPLUS-n15s21 iDR3.SPLUS-n15s21.056864 178.03043231878434 -18.247401600856346 11.017238 75 4.950919 12.0 2 21.985813 21.577957 20.973522 21.978918 21.83773 20.81843 20.836685 20.22533 18.963291 19.802341 19.654625 19.618925 0.32088754 0.39071977 0.40936258 0.9103718 0.7914302 0.10040585 0.24387324 0.058028918 0.024892837 0.057450097 0.124494836 0.08530075 0.42298900000000117 1.262038999999998 0.08165702033236415 0.06314276409977071 157007
2179784 SPLUS-n17s04 iDR3.SPLUS-n17s04.000120 155.12839025567155 -22.289563398678627 15.343696 31 3.6162786 7.0 0 99.0 99.0 99.0 99.0 99.0 21.328516 23.696054 20.387947 18.894156 20.153492 19.91052 20.073 22.330887 21.901672 21.314444 21.41614 21.336031 0.1896753 3.6684253 0.094441436 0.030457515 0.101459555 0.14020804 0.20041935 0.23445500000000052 1.4937910000000016 0.1386117820913508 0.0992312705437017 226682
2244994 SPLUS-n18s16 iDR3.SPLUS-n18s16.000021 172.4012659293589 -23.626101412347783 8.070316 55 4.7800384000000005 8.0 2 99.0 23.549536 99.0 22.612972 99.0 20.178913 99.0 20.489315 18.306732 19.024738 17.584004999999998 18.056536 22.226593 2.3392124 21.282778 1.3101958 21.524069 0.051441167 21.784166 0.07236369999999999 0.016286703 0.030534333 0.02257974 0.026195994 1.464577000000002 2.182583000000001 0.0785420305915558 0.07417386178634768 291892
2452424 SPLUS-n12s29 iDR3.SPLUS-n12s29.048572 189.99201865953603 -14.260290731665867 8.052256 29 5.221549 10.0 0 21.665428 99.0 21.341766 99.0 20.960918 21.044567 21.774618 20.181646 18.765287 19.62472 19.617884 19.481634 0.42227468 21.323399 0.72007227 20.856182 0.5140429 0.23645133 0.82204723 0.07941744 0.028009683 0.05979580000000001 0.12030167 0.09046995 0.5569260000000007 1.416359 0.09941160633343374 0.08421206634392776 174085
2463774 SPLUS-n12s34 iDR3.SPLUS-n12s34.036571 197.5139572956644 -14.170440865284958 9.794559 6 1.82 9.0 0 20.969181 21.698105 25.286245 99.0 99.0 20.908268 19.30539 20.358849 17.402145 19.8558 99.0 19.859552 0.36254868 1.078976 43.916225 20.286226 20.325754 0.36677516 0.15893847 0.19597496 0.017363613 0.12851998 20.5297 0.19838996 0.5030490000000007 2.9567039999999984 0.23435778247415212 0.19674267458641342 185435
2473782 SPLUS-n12s38 iDR3.SPLUS-n12s38.036225 202.37332970289842 -14.597137277641584 12.490265 33 1.82 12.0 0 22.077755 21.949202 21.215607 21.26176 20.996937 21.09867 21.245922 20.241081 18.448086 19.869165 19.862022 19.69725 0.30773708 0.48466992 0.4358997000000001 0.44204858 0.36625546 0.13018186 0.35289425 0.06402823 0.019094335 0.0673218 0.14039522 0.11061947 0.37191600000000236 1.7929950000000012 0.0929076907051989 0.06681472791252784 195443
2497897 SPLUS-n01s23 iDR3.SPLUS-n01s23.028605 179.97037367971978 0.08498445325433326 9.748232000000002 38 6.854498 11.0 0 22.524117 27.327152 22.995855 20.804077 99.0 22.243048 21.341948 20.463661 17.053179999999998 19.740204 19.37615 19.273674 0.6555064 79.60056 2.5856588 0.34025764 21.243732 0.39120135 0.4264092 0.088014215 0.009200677 0.06211226 0.100745365 0.07316427 0.7234569999999998 3.4104810000000008 0.10772388260907526 0.08849381051420803 11970
2498212 SPLUS-n01s23 iDR3.SPLUS-n01s23.036358 180.04964913683185 0.513624665677162 12.803947 34 6.167128599999999 12.0 2 21.986822 21.472641 21.4898 21.393978 21.574123 21.009342 20.5809 20.213322 18.792738 19.889027 19.631292 19.656387 0.4149287999999999 0.38835135 0.67707753 0.57183826 0.6392107 0.13123152 0.21767527 0.07081382 0.027421098 0.071042664 0.12692237 0.10338884 0.3242950000000029 1.4205840000000016 0.10030781231394341 0.07593756460749847 12285
2516090 SPLUS-n02s20 iDR3.SPLUS-n02s20.037277 176.7679222613706 -1.0878474129223663 18.524384 36 6.4779954 11.0 2 21.775925 21.297882 22.154463 23.53547 99.0 21.589327 21.149368 20.480156 18.801723000000006 20.042526 19.825436 19.808924 0.31949285 0.36098102 1.3408313 4.5377436 21.006134 0.30278927 0.4155935000000001 0.09718916 0.027233008 0.08050799 0.1455735 0.11420806 0.4376300000000022 1.6784329999999947 0.1262032855172388 0.10093249995038102 30163
2537370 SPLUS-n02n19 iDR3.SPLUS-n02n19.000007 174.59006737468826 0.643323651445049 14.847344 38 5.139112 11.0 0 20.487722 21.625 99.0 23.57425 21.53213 21.148335 22.997461 20.49717 18.244051 19.605839000000003 18.15759 18.128357 0.12287814 0.4952255999999999 21.03452 4.1613574 0.6460903 0.15437092 1.925095 0.08840252 0.017390087 0.058873925 0.03675594 0.0307164 0.8913309999999974 2.2531190000000016 0.10621273269837296 0.09009672950900031 51443
2609751 SPLUS-s33s06 iDR3.SPLUS-s33s06.034301 8.900522814670014 -42.17692738168283 10.099834 48 4.2344604000000015 11.0 0 99.0 21.981956 21.480972 21.225573 21.52105 21.16597 21.07128 20.119938 18.789328 19.571415 19.552467 19.385252 21.87511 0.77353024 0.73907936 0.5081948000000001 0.63444346 0.20307624 0.34332794 0.073409945 0.02966521 0.05768289 0.11682929 0.09204534 0.548523000000003 1.33061 0.09336131866921721 0.07917729920404665 25231
42398 HYDRA-0016 iDR3.HYDRA-0016.015768 159.20821041013255 -24.201106622353826 9.180772 33 4.773771 12.0 0 22.507776 21.667738 23.466255 21.715195 22.325064 21.497797 21.047064 20.627254 18.658764 19.90134 19.619385 19.719353 0.522838 0.4193374 3.7447793 0.67851424 1.1486216 0.18213362 0.3085893 0.0936576 0.02441347 0.07924775 0.11257196 0.11485014 0.7259139999999995 1.9684899999999992 0.12268639662905786 0.09678720760100944 42398
150584 HYDRA-0044 iDR3.HYDRA-0044.009764 156.81865420416904 -28.583679104801952 15.483162 88 3.5641358 11.0 2 24.345375 22.742126000000006 20.366365 99.0 21.959541 24.177547 20.795498 20.842133 18.893671 18.947874 17.970078 18.174332 3.8337333 1.5700179 0.31028283 20.895672 1.2444904 2.5953684 0.3728494 0.13305727 0.038973738 0.03636698 0.037990678 0.032152537 1.8942590000000017 1.9484619999999993 0.13793764654427484 0.13864771672676598 150584
230155 HYDRA-0062 iDR3.HYDRA-0062.037264 155.5052467818298 -30.82055129863441 9.399843 12 5.000679 11.0 0 21.819836 21.491219 21.596363 21.882393 99.0 21.442585 21.494 20.738249 19.015125 20.485857 19.859215 20.067316 0.32182238 0.6588447 1.1705774 1.3234127 20.843216 0.29759035 0.71749985 0.14591801 0.039397106 0.12107665 0.16219679999999995 0.1695181 0.2523920000000004 1.7231239999999985 0.18960912640899594 0.15114297073809066 230155
237677 HYDRA-0064 iDR3.HYDRA-0064.016055 157.81953500367175 -31.24377439322205 14.463692000000002 56 3.0338328 12.0 2 21.422203 20.606426000000006 19.275225 18.41963 18.730497 20.800957 20.740002 20.566357 17.583233 19.664341 20.696917000000006 17.579535999999994 0.2553077 0.213854 0.12580483 0.053014994 0.062712364 0.095876984 0.2700654000000001 0.08160116 0.012148495 0.060382813 0.37212688 0.020127092 0.9020159999999997 2.983124 0.10151272540493911 0.08250051662935588 237677
254157 HYDRA-0068 iDR3.HYDRA-0068.000168 151.21217409588346 -32.93417655504929 8.456142 26 6.0654073 12.0 0 21.675346 21.214418 21.096403 20.079735 20.341597 19.443495 21.500574 20.87622 19.414465 20.85638 18.205273 19.520199 0.4145473 0.3828295 0.49860626 0.20627461 0.23138055 0.04260782 0.5287163 0.121900454 0.03730297 0.15872729 0.034359097000000005 0.08606353 0.019839999999998525 1.4617550000000001 0.20013513753499212 0.12748032105476914 254157
256811 HYDRA-0068 iDR3.HYDRA-0068.036421 151.64118108104026 -32.280635279448056 8.8173485 13 2.19648 10.0 0 23.072186 23.224281 99.0 21.690712 99.0 22.74065 21.38113 20.896381 18.610138 20.319717 20.478786 19.980234 1.5206236000000002 2.44538 21.011114000000006 0.86815065 21.144676 0.7652558 0.47268978 0.123921804 0.0207947 0.097515374 0.23693568 0.12796311 0.576664000000001 2.2862430000000025 0.1576891298503936 0.12565441916106418 256811
274920 HYDRA-0072 iDR3.HYDRA-0072.026468 157.64253067573634 -32.336012250547405 8.534607000000001 6 4.748849400000001 11.0 0 21.850952 21.908072 20.83302 21.897242 99.0 21.776573000000006 20.775337 20.706947 18.472223 20.55756 20.467281 20.237238 0.5450022 0.9230472 0.5472885000000001 1.4381643999999998 20.690632 0.4822099 0.4251018 0.15636988 0.027940048 0.14314927 0.23810379 0.16973571 0.14938700000000082 2.234724 0.21199823790009975 0.15884642159474888 274920
276363 HYDRA-0072 iDR3.HYDRA-0072.050658 158.1256987115821 -31.65909041223617 9.577655 11 5.1125235999999985 12.0 0 22.08987 22.098902 22.052505 23.239859 20.44562 21.956284 20.828453 20.559126000000006 19.05974 20.28636 19.765217 20.013475 0.6549518 1.0623742 1.60037 4.888521 0.37793022 0.5636898 0.44252485 0.13385170000000002 0.04383814 0.1126663 0.12711184 0.1384213 0.27276600000000784 1.4993860000000048 0.1749570597277515 0.14084764858367216 276363
286018 HYDRA-0074 iDR3.HYDRA-0074.080460 160.65787355058174 -31.52456335217737 12.361103 31 6.461162 12.0 2 22.304726 21.669754 21.32936 20.407421 19.61492 22.25756 20.568888 20.807999 18.590399 20.260769 18.91849 19.604803 0.3800606 0.3622513 0.4594665 0.19364645 0.1001188 0.3188908 0.1709556 0.08483147 0.01968942 0.07410561 0.054683268 0.078301065 0.547229999999999 2.2175999999999974 0.1126411103275931 0.08708646026964985 286018
348130 HYDRA-0087 iDR3.HYDRA-0087.009814 152.3787647523071 -35.68465847313757 208.78099 1415 7.021831 10.0 18 22.213114 22.432154 20.68409 21.657887 21.0495 99.0 99.0 20.839264 19.230446 20.009544 20.90026 20.621552 0.57974285 1.1498959999999998 0.35559850000000004 0.8106625 0.4477584 22.120953 21.358757 0.13933273 0.05008376 0.099880606 0.53899735 0.33064547 0.8297199999999982 1.6088179999999994 0.17143437550322319 0.14806077355258718 348130
422233 HYDRA-0103 iDR3.HYDRA-0103.000209 149.76249783924553 -38.41219761678429 9.705257 13 1.82 10.0 0 23.32126 99.0 20.292366 22.29427 99.0 23.94797 20.03493 20.945475 17.889927 20.392506 20.583954 20.556477 2.284533 21.200336 0.36267412 1.812501 20.955067 2.2453768 0.17765985 0.13258728 0.014477084 0.12666695 0.33798438 0.2910047 0.5529689999999974 3.055547999999998 0.18336821709364168 0.1333753079806808 422233
513443 HYDRA-0117 iDR3.HYDRA-0117.059572 159.66258529260898 -38.726494622334094 8.643891 17 3.28073 11.0 0 22.361353 22.22068 22.461857 20.993473 99.0 21.930891 22.217968 20.58162 19.2717 19.651026 19.264470000000006 18.995281 0.56863046 0.7268745 1.5368474 0.34165525 21.221134 0.25291952 0.7539375 0.12840772 0.041078757 0.08222205 0.11215677 0.106140144 0.9305939999999993 1.3099200000000017 0.15247625409158275 0.13481842170958483 513443
528263 HYDRA-0120 iDR3.HYDRA-0120.019087 165.47559006719322 -39.53282875996907 8.359998 14 4.6433870000000015 9.0 0 24.85366 99.0 22.677242 21.6978 99.0 25.570465 99.0 20.819658 18.703842 20.501745 18.475157 20.97514 6.059386 21.495323000000006 2.0981572 0.7467841 21.299015 6.3313065 21.50381 0.09306795 0.025592634 0.10831394 0.09011087 0.33108166 0.3179130000000008 2.115815999999999 0.14280599747743825 0.09652267211521061 528263
689076 HYDRA-0147 iDR3.HYDRA-0147.129783 154.4679816082649 -44.08188553285317 8.693912 13 5.674099 9.0 0 99.0 99.0 22.143368 22.233498 99.0 23.288870000000006 21.66626 20.954567 17.172732999999994 20.350277 19.933538 19.980854 21.840178 21.619669 1.1789972 1.1820241000000002 21.271116 0.98225635 0.5241955 0.11606415 0.008960451999999999 0.104426295 0.16088744 0.14149117 0.6042900000000024 3.781834000000007 0.15612731344210573 0.11640952115384208 689076
837735 HYDRA-0164 iDR3.HYDRA-0164.149346 158.7335893010778 -46.57137860519149 8.238761 19 5.8857384 11.0 0 25.895046 23.380098 23.17196 99.0 23.787666 22.336903 21.636166 20.608269 19.002018 19.899155 19.877201 19.960854 30.290848 4.08757 4.948786 20.590694 8.641285 0.86213005 0.90483606 0.14054121 0.03888279 0.0823004 0.15574135 0.14501303 0.7091139999999996 1.6062510000000003 0.16286555052688123 0.14582079092656233 837735
873052 STRIPE82-0001 iDR3.STRIPE82-0001.028067 359.4183999074074 -0.5998862764435045 9.84684 33 5.870207 12.0 0 28.736523 22.377537 21.616789 24.47686 21.545036 21.241005 20.988277 20.602737 19.219666 20.06907 18.988695 19.939243 133.95463999999998 0.5723563 0.43835968 5.2820529999999986 0.35700540000000003 0.15123585 0.31314567 0.08450473 0.02908415 0.072163336 0.056039244 0.11591105 0.5336670000000012 1.383071000000001 0.11112423882763739 0.08936966584694943 1527
969090 STRIPE82-0037 iDR3.STRIPE82-0037.045472 25.57802933976285 0.03042523154056872 12.82317 35 2.191854 12.0 0 26.389029 21.225008 21.426037 24.801153 22.59179 21.503572 20.84747 20.612034 19.227486 20.07866 19.863163 19.559063 22.745605 0.30012664 0.626341 11.349681 1.3392975 0.15899779 0.23965397 0.08670649 0.030964043 0.076213 0.14706618 0.08823816 0.533374000000002 1.3845480000000023 0.11544018701093696 0.09206947033097317 97565
1045188 STRIPE82-0067 iDR3.STRIPE82-0067.000336 47.39317379770237 -1.4031628577992878 9.587451 52 5.698055 8.0 2 25.466679 99.0 99.0 99.0 25.526638 99.0 28.921513 20.702927 19.496838 19.505932 19.168308 19.417288 7.028838 22.030315 21.546389 21.74714 14.104535999999998 23.045944 258.5583 0.07224041 0.031639997 0.040554084 0.06638062 0.07206851 1.1969949999999976 1.2060889999999986 0.08284509983123417 0.07886549465468476 173663
1059516 STRIPE82-0072 iDR3.STRIPE82-0072.062022 49.64455415494176 1.3534308943446736 9.590861 34 4.8126626 10.0 0 23.117737 99.0 99.0 22.905235 21.654938 22.423237 22.31826 20.726673 19.092104 20.04314 19.566103 19.578133 0.89701444 21.975632 21.446396 1.4974504 0.44596267 0.3156396 0.64961135 0.07602835 0.025654597 0.05971087 0.098943755 0.07585674 0.6835330000000006 1.6345690000000026 0.0966731503566497 0.08024006699246274 187991
1099552 STRIPE82-0087 iDR3.STRIPE82-0087.150819 300.9928801061333 0.03664061378332527 12.090927 23 1.82 11.0 0 99.0 21.290096 21.277569 23.37856 23.544853 22.243265 21.661823 20.90576 17.485897 20.297447 19.938944 19.895061 22.285767 0.42510265 0.5961789000000001 3.0834873 3.3194382000000004 0.2880219 0.4812783 0.10065345 0.008692041 0.083033495 0.12353152 0.10549883 0.6083130000000025 3.4198629999999994 0.13048248268950713 0.10102805834840231 228027
1131554 STRIPE82-0090 iDR3.STRIPE82-0090.164291 301.78334409129167 1.4421290594781069 17.900509 87 1.82 7.0 0 99.0 99.0 99.0 99.0 99.0 23.134167 20.62483 20.868946 18.344917 19.809225 20.000204 17.823211999999995 21.99527 21.642736 21.129873 21.368498 21.474558 0.7456263000000001 0.2171199 0.116018414 0.016572824 0.0644052 0.15580183 0.021216987000000003 1.0597209999999997 2.5240290000000023 0.13269627792110597 0.11719612144781232 260029
1237511 STRIPE82-0107 iDR3.STRIPE82-0107.074611 314.22845777451164 0.036363932051154776 9.108178 21 1.82 4.0 0 99.0 99.0 99.0 99.0 99.0 99.0 99.0 20.622128 18.374231 20.598028 99.0 19.019112 22.060432 21.546553 20.865784 21.265478 21.322279 22.702578 21.459705 0.09573309 0.018322658 0.13595611 21.115782 0.06358652 0.024100000000000676 2.2478969999999983 0.1662795488545726 0.09747073569606964 365986
1272672 STRIPE82-0115 iDR3.STRIPE82-0115.027917 320.32528781801705 -0.7322529878980684 8.227867 8 7.133387 10.0 1 22.704336 22.256725 99.0 99.0 21.650785 21.7658 21.012218 20.89433 18.907293 20.692808 20.085716 19.995096 1.0164055 0.93962353 21.045845 21.307358 0.59539586 0.21859898 0.29380894 0.12908243 0.0299168 0.19276954 0.23059586 0.16813746 0.20152200000000065 1.9870370000000008 0.23199648550466556 0.1325039194022007 401147
1411224 STRIPE82-0162 iDR3.STRIPE82-0162.038079 353.2361807443991 1.1897411683153614 10.710358 15 5.3896365 11.0 0 23.023031 23.940620000000006 23.394615 99.0 22.988016 22.004036 22.083855 20.936665 19.717064 20.230003 19.871014 20.0014 1.5727633 4.622019 4.1005129999999985 21.200872 2.2107906 0.3840631 0.8489704 0.13137187 0.049276654 0.09942543 0.12473074 0.11472481 0.7066620000000015 1.2196010000000008 0.16475431514221955 0.1403095038004647 539699
1491471 SPLUS-s26s33 iDR3.SPLUS-s26s33.000105 51.7243975592534 -34.26122085620924 8.0735235 42 4.5515065 12.0 0 22.47245 21.218328 20.99633 20.965096 23.073288 20.3164 21.250706 20.680729 19.375383 20.380037 18.629395 19.150002 0.51637596 0.29805154 0.401083 0.35870793 2.2759013 0.06795999 0.32135937 0.08406889 0.034753627999999995 0.09342746 0.054328475 0.06648731 0.30069199999999796 1.3053460000000001 0.12568320710374833 0.09096918667875668 59683
1523576 SPLUS-s26s47 iDR3.SPLUS-s26s47.042128 73.94107474249401 -33.1906120708319 10.862412 14 6.4126587 12.0 0 25.138489 22.840874 21.130005 23.535088 22.651072 21.895533 21.59629 20.97835 19.29328 20.954239 20.973125 20.286833 5.23395 1.1014621 0.42411375 3.040142 1.3421623 0.21244253 0.411289 0.105884776 0.02999984 0.13946177 0.31521595 0.15942292 0.024110999999997773 1.6850699999999996 0.1751033154457764 0.11005260645980074 91788
1689358 SPLUS-s32s37 iDR3.SPLUS-s32s37.039061 64.90323896836749 -41.115694326563776 9.469837 6 1.82 11.0 0 22.772398000000006 25.475388 21.402697 22.21916 99.0 21.983013 20.51897 20.990019 17.135336 20.251856 20.716312 19.846592 1.32058 26.048634 1.088466 1.8930769 20.722971 0.4360464 0.28550717 0.19372907 0.011844126000000002 0.13804701 0.5119817 0.18402989 0.7381630000000001 3.8546830000000014 0.23788217573623502 0.19409079288768125 257570
1706358 SPLUS-s33s38 iDR3.SPLUS-s33s38.013877 68.55132095982017 -42.97312832183834 8.768866000000001 12 4.203804 12.0 2 23.276983 22.934212 20.38295 19.982365 21.424152 22.349197 21.294117 20.9033 19.587936 20.45059 19.076958 19.508875 1.970006 2.6538956 0.49117237 0.30811465 1.1218649 1.0222079 0.7571654000000001 0.19580711 0.08002672 0.14044689 0.084544845 0.09571635 0.4527100000000033 1.3153640000000024 0.24096836563587387 0.21152943114496028 274570
1781515 SPLUS-s19s34 iDR3.SPLUS-s19s34.005338 332.88175591330787 -24.813869129337288 8.956176 12 4.7850456 12.0 0 22.022842 21.425186 21.811886 21.171371 20.77639 21.064621 21.080826 20.587473000000006 19.359415 20.792479 19.914639 20.307083 0.40967736 0.42920935 0.9909965 0.46062747 0.3183768 0.12485614 0.29901356 0.08584017 0.03819695 0.16798781 0.19277598 0.21277182 -0.2050059999999938 1.2280580000000079 0.188648983814451 0.09395499866921078 4362
1810381 SPLUS-s21s32 iDR3.SPLUS-s21s32.000088 332.72665132212364 -27.63042275881865 14.391111 39 5.89991 12.0 2 20.766672 21.314905 21.317970000000006 19.761475 20.512482 20.394249 22.287586 20.951065 19.591364 20.349598 19.566387 19.570591 0.12565584 0.32876846 0.5442766 0.13641055 0.25714934 0.07844828 0.9701595 0.14341809 0.05593262 0.09629619 0.09943289 0.08460691599999999 0.6014669999999995 1.3597010000000012 0.1727475173418252 0.15393897011254978 33228
1833074 SPLUS-s22s32 iDR3.SPLUS-s22s32.055913 331.6231485573838 -27.54623915447059 12.195475 27 5.6816087 12.0 2 20.379885 20.293465 19.841328 24.304832 21.458124 25.088425 24.36633 20.866371 19.255047 20.150314 18.208748 18.65746 0.08318060000000001 0.12705098 0.16811357 8.626615 0.5976154 4.817121 6.3532696 0.0986632 0.029517174 0.06518263 0.027261391 0.03213718 0.7160569999999993 1.6113239999999998 0.118250591068108 0.10298393367504602 55921
1917026 SPLUS-s23s42 iDR3.SPLUS-s23s42.025403 348.38395564872445 -29.4809263992026 9.7936735 59 3.9257703 7.0 2 99.0 99.0 99.0 22.335234 99.0 99.0 20.62999 20.848366 19.064087 19.050802 16.81149 16.575695 21.783812 21.261389 20.664404 1.7885035 20.816715 22.071882 0.27743876 0.15246227 0.03609877 0.045008413 0.01599372 0.0110507645 1.7975639999999977 1.784278999999998 0.1589669808933021 0.15667758285429922 139873
1939061 SPLUS-s24s05 iDR3.SPLUS-s24s05.005962 6.577493981793058 -31.365319945089478 9.337101 13 5.8482523 11.0 0 22.921719 22.523117000000006 20.850828 20.506025 23.299206 21.569012 99.0 20.522852 18.291927 19.589018 19.115665 19.207632 2.352023 2.5797790000000003 0.91337144 0.72532463 9.152677 0.7399826999999999 20.440866 0.18724304 0.029903425 0.08747811 0.11237117 0.10036858 0.9338340000000009 2.230924999999999 0.20666972627265393 0.18961585074874998 161908
2004625 SPLUS-s24s67 iDR3.SPLUS-s24s67.011397 345.0454389618123 -31.30569655708361 12.119433 23 5.0988292999999985 12.0 2 23.219736 22.226244 21.630217 23.498512 21.243177 21.036816 20.80632 20.65447 18.639631 20.403275 20.448265 20.22343 1.0545301 0.75893396 0.832148 3.7283432 0.46374407 0.12139287 0.23829107 0.0894398 0.021108106 0.10240368 0.22320767 0.15574504 0.25119499999999917 2.0148389999999985 0.13596319907086035 0.09189684414030352 227472
2010925 SPLUS-s24s69 iDR3.SPLUS-s24s69.013601 346.59931159872457 -31.27242032223884 11.309084 18 4.979103599999998 12.0 0 22.9256 21.795528 21.927292 22.643894 21.699594 21.574888 21.376366 20.933506 17.514074 20.343777 19.957073 19.847107 0.74417835 0.44440314 0.8911701 1.5913725 0.6839135999999999 0.18669592 0.37119186 0.1071443 0.01062621 0.09039056 0.14551236 0.10607035 0.589729000000002 3.4194320000000005 0.1401797216419108 0.10766994641706709 233772
2017648 SPLUS-s24s71 iDR3.SPLUS-s24s71.015270 349.7793986146303 -31.208626533270365 10.459471 17 6.125559 11.0 0 23.55461 99.0 23.31854 21.504211 22.382309 22.687382 21.796509 20.99048 18.938213 20.116516 19.550457 19.545635 1.3934742 21.709244 3.4891152 0.6440138000000001 1.4913906 0.60781574 0.5828004 0.14850444 0.027699439 0.08500929 0.1169006 0.09673656 0.8739640000000009 2.0522670000000005 0.1711144298006971 0.15106564010597617 240495
2132165 SPLUS-s27s13 iDR3.SPLUS-s27s13.001848 19.106715473822717 -35.53101197771224 9.600291 11 6.8245315999999985 11.0 0 22.970768 99.0 22.094238 21.763206 22.605225 21.31853 23.138435 20.848566 17.435642 20.517834 20.407314000000003 20.413713 0.90312976 21.696068 1.0527017 0.8064355 1.5728662 0.16114871 1.9541191 0.11551894 0.010566153 0.13510332 0.34842992 0.2474765 0.33073200000000114 3.4129240000000003 0.1777569480322668 0.11600115985602476 355012
2134573 SPLUS-s27s13 iDR3.SPLUS-s27s13.040854 19.24240351233749 -34.511680086364024 8.671013 12 4.9252744 11.0 0 24.123611 21.624773 22.925346 99.0 21.82671 21.42962 21.109459 20.699587 18.408463 20.524792 20.887789 20.180056 2.6474822 0.4460666 2.2945251 21.175283 0.76225096 0.1743195 0.30840904 0.1017594 0.019259859 0.13546395 0.53746283 0.19916256 0.1747949999999996 2.291124 0.1694268492239719 0.10356600628130777 357420
2182594 SPLUS-s20s23 iDR3.SPLUS-s20s23.012428 316.41046971422384 -25.94679641426305 8.617591000000001 3 5.4601690000000005 12.0 0 21.998821 23.977276 21.118006 23.334938 20.70325 21.370487 21.361841 20.88327 19.285969 20.56608 20.639175 20.608835 0.3896836 4.4309688 0.5926026999999999 3.9501014 0.32492647 0.19256903 0.43250963 0.13820592 0.045154035 0.19140203 0.570677 0.446284 0.3171900000000001 1.597300999999998 0.23608391180079868 0.1453951966188279 37047
2332672 SPLUS-s28s49 iDR3.SPLUS-s28s49.009475 319.07516103862184 -36.66121326707609 8.459809 9 5.1201987 11.0 0 22.385517 22.996613 99.0 21.219875 22.485313 22.038157 21.354548 20.785397 18.92795 20.576561 20.589808 20.981636 0.5034655 1.3233601000000002 21.234917000000006 0.42554715 1.3331488 0.2973482 0.38216746 0.09298649 0.0258502 0.12123835 0.28140172 0.3531247 0.20883599999999802 1.8574470000000005 0.15279144227751304 0.09651279792110527 187125
2440753 SPLUS-s02s08 iDR3.SPLUS-s02s08.023468 334.87498001297945 -1.5215278815416422 11.504432 18 4.968173 9.0 0 99.0 99.0 99.0 21.77274 22.159826 22.18611 21.91219 20.963848 18.67654 20.537708 20.051514 19.928938 21.894917 21.620932 21.166868 0.68531334 0.8986618000000001 0.29607078 0.5602670999999999 0.10719071 0.0208797 0.11197884 0.1560042 0.123668246 0.4261400000000002 2.2873079999999995 0.15501325400768057 0.10920535784655484 25843
2469576 SPLUS-s02s23 iDR3.SPLUS-s02s23.028762 354.0597795860362 -1.2036350211061742 8.137429 7 5.7003 9.0 0 99.0 99.0 99.0 24.044281 20.691532 24.627293 22.566803 20.892618 19.119183 20.010986 19.539503 19.65635 21.504133 20.942862 20.4256 14.204998000000002 0.6363732 8.094075 2.2345088 0.18927053 0.046737988 0.111239254 0.14715736 0.14945571 0.8816319999999997 1.7734349999999992 0.21953930207814137 0.19495582332612957 54666
2522445 SPLUS-n08s01 iDR3.SPLUS-n08s01.005624 150.43616213939603 -10.051909162665911 10.443679 24 5.687702 10.0 0 23.140928 22.447388 21.491558 99.0 99.0 21.611462 21.376415 20.682137 18.893112 19.970081 19.473478 19.621841 1.1181008999999995 0.96571 0.6589596 21.187675 21.217703 0.23181666 0.41675198 0.09912024 0.02892274 0.07279644 0.10147607 0.099216126 0.7120560000000005 1.7890250000000023 0.12298025717297553 0.10325379831640674 29249
2629541 SPLUS-n14s15 iDR3.SPLUS-n14s15.052766 170.72446290416602 -17.041141126025536 9.124793 22 6.6154723 12.0 0 23.398401 21.864794 22.48135 20.906113 21.966955 22.779228 21.429844 20.798954 17.727478 20.31883 20.318064 19.993418 1.4278473 0.58610475 1.8056349 0.38434345 0.9595949 0.61498743 0.43969703 0.09918137 0.01196275 0.09102444 0.20302202 0.129626 0.480124 3.071475999999997 0.13461943705271726 0.09990020792090175 136345
2650334 SPLUS-n15s04 iDR3.SPLUS-n15s04.051945 154.1385510738188 -18.198692064850494 8.1451645 42 5.043148 9.0 0 99.0 23.849870000000006 99.0 21.61535 99.0 23.518646 21.616098 20.928589 19.469757 19.595116 18.781153 18.855297 22.46772 2.8058856 21.214903 0.5862648 21.429192 1.0362097 0.4390903 0.113812186 0.036827996 0.052273314 0.051464844 0.048523944000000006 1.333472999999998 1.4588319999999975 0.12524261670310627 0.119622384909659 157138
2722127 SPLUS-n16s04 iDR3.SPLUS-n16s04.000171 156.02584940778544 -20.95010755653805 8.653499 31 5.594629 10.0 0 27.547497 99.0 99.0 21.84972 23.278753 20.41156 21.605915 20.853355 19.153631 18.932076 21.198425 18.78054 62.99979 21.65781 21.130854 0.82725817 3.0161788 0.08182587 0.5047181 0.11798566 0.035021853 0.033214264 0.5601335 0.051240973 1.921279000000002 1.6997239999999998 0.12257162517767846 0.12307374274470251 228931
2815321 SPLUS-n17s09 iDR3.SPLUS-n17s09.018065 163.24399024970575 -21.840562787504158 10.920273 9 7.51871 11.0 0 22.492788 99.0 21.893263 21.567795 21.138544 21.896202 21.218967000000006 20.796658 18.415073 20.709751 21.176846 20.556734 0.5879098 21.70492 0.9078239 0.6419861 0.4274695 0.33061177 0.37678558 0.10867907 0.019600913 0.13687731 0.47180486 0.2180039 0.08690700000000007 2.381585000000001 0.17477567979813724 0.11043249542819573 322125
2840905 SPLUS-n17s16 iDR3.SPLUS-n17s16.000014 172.20893621264008 -22.295182299618663 9.1280775 11 6.5285487 11.0 2 99.0 22.880072 21.045712 22.651936 23.091389000000003 21.280704 21.551834 20.76582 18.91069 20.70002 18.869785 24.047535 22.305359 1.240302 0.4034322 1.5591193 2.2168777000000004 0.14490846 0.41361508 0.09714822 0.026532494 0.13572891 0.061746594 5.6586475 0.06580000000000297 1.8551300000000026 0.16691349154264462 0.10070625545132951 347709
2864196 SPLUS-n18s10 iDR3.SPLUS-n18s10.000063 163.94251110783574 -23.624894631001066 9.788904 39 4.075577 11.0 0 99.0 22.314072 24.171082 21.799492 22.65882 19.925362 20.736149 20.747147 18.701523 19.56756 18.20288 18.594873 22.02219 0.7898831999999999 7.316947 0.7152805 1.4236658000000002 0.047581792000000005 0.22097623 0.11928955 0.02531118 0.061292306 0.041053023 0.046404900000000006 1.179586999999998 2.0456239999999966 0.13411466554407886 0.12194528515770874 371000
2934630 SPLUS-n02s44 iDR3.SPLUS-n02s44.029163 209.365301427405 -0.7746405494186456 10.414885 11 5.334910400000001 11.0 0 22.79393 22.348114 99.0 21.518509 20.893143 21.613941 21.298794 20.59108 17.885555 20.219524 20.336948 19.97498 0.9884752 1.0799569 20.844154 0.8366030000000001 0.43864262 0.29207057 0.5129554000000001 0.12500809 0.017779818 0.120414756 0.34382270000000004 0.17441405 0.3715560000000018 2.7055250000000015 0.17357055057810825 0.12626616527621806 1799
2948556 SPLUS-n04s42 iDR3.SPLUS-n04s42.009606 207.2007266702956 -4.4876117755708815 8.868214 89 4.1421547 12.0 2 21.168316 20.60916 20.181084 19.339691 19.1212 25.229643 18.069214 20.638912 16.511779999999998 19.442429 15.464659 15.400377 0.20142198 0.21881361 0.2741679 0.13943261 0.1112015 12.745298 0.040488563 0.15056697 0.008054496999999999 0.06539345 0.00683098 0.0048492076 1.1964830000000006 4.127132000000003 0.16415454839231047 0.15078225153148467 15725
2949434 SPLUS-n04s42 iDR3.SPLUS-n04s42.030557 206.29160737312648 -3.373591658577304 9.995101 4 9.412398 9.0 0 21.971165 21.42928 99.0 99.0 99.0 21.927267 25.54749 20.8965 19.167206 20.512508 20.386795000000006 20.676245 0.4088527 0.45045164 20.756681 20.72594 20.76731 0.63301253 32.40805 0.19635494 0.057125986 0.1745865 0.35001725 0.37046626 0.3839919999999992 1.7292939999999994 0.26274647180248417 0.20449606533837222 16603
2988516 SPLUS-n07s38 iDR3.SPLUS-n07s38.021206 201.23478266913028 -8.254789147600626 9.094444 3 1.82 7.0 0 24.451164 99.0 99.0 99.0 99.0 22.798494 22.291454 20.979729000000006 18.296864000000006 20.990654 99.0 21.835833 2.9187639 21.830011 21.229595 21.346987 21.341616 0.6300646 0.83686453 0.13222687 0.017715435 0.1906251 21.166122 0.74584174 -0.01092499999999319 2.6828649999999996 0.23199541784269553 0.13340832727845786 55685
3099393 SPLUS-n11s33 iDR3.SPLUS-n11s33.037535 195.0572369966249 -13.03021139106703 12.7224865 17 6.751434 11.0 0 22.119812 21.847546 20.923565 99.0 21.158613 20.91137 21.021847 20.704552 18.763672 20.525059 20.256924 20.676838 0.3793032 0.48322195 0.3781979 21.321136 0.42424423 0.1302655 0.30149108 0.108666256 0.026215367000000003 0.112604514 0.23633893 0.2506411 0.1794930000000008 1.94088 0.15648684215049435 0.11178372269701088 166562
3150657 SPLUS-n12s27 iDR3.SPLUS-n12s27.005216 187.49539674271443 -15.450453245343207 8.559111999999999 8 5.455401 9.0 2 99.0 23.040857 99.0 21.745386 99.0 21.998024 21.103256 20.929073 18.671486 20.536514 20.670254 20.10474 21.713558 2.3408618 20.788351 1.1833533 20.71565 0.608436 0.52112675 0.1885646 0.03173108 0.15399657 0.40291247 0.1715636 0.39255899999999855 2.2575869999999973 0.24345749515043666 0.19121576768437898 217826
3150666 SPLUS-n12s27 iDR3.SPLUS-n12s27.005415 186.969214104529 -15.4441379680935 9.802008 8 1.82 11.0 0 22.118881 21.294756 99.0 21.991354 22.290485 23.976902 21.488956 20.878765 19.662413 20.074932 19.5061 20.036884 0.65133786 0.4660867 20.788351 1.5452373 2.0559087 3.905484 0.7718369 0.18470405 0.07526159 0.10466434 0.14223659 0.16340606 0.8038330000000009 1.2163520000000005 0.2122974567771317 0.1994489734637173 217835
3194870 SPLUS-n12s41 iDR3.SPLUS-n12s41.027430 206.6027527715604 -14.768330946558573 240.41933 2605 8.459961 10.0 19 22.617155 99.0 22.294235 99.0 22.021223000000006 22.35735 24.207136 20.629301 19.07095 19.402044 17.931831 19.168331 0.4314396 22.280508 0.7787937 21.862913 0.5187056 0.24435054 3.024555 0.058532793 0.019582683 0.028692538 0.019844005 0.044608667000000005 1.2272570000000016 1.5583510000000018 0.06518703546919657 0.06172170874059903 262039
3197328 SPLUS-n12s42 iDR3.SPLUS-n12s42.005328 208.30191785042442 -15.448633964620127 8.853742 10 4.7657013 12.0 0 22.5624 22.217844 22.609173 20.728455 22.201065 21.336926 21.378262 20.641233 19.235544 20.503149 20.435625 20.234161 1.1281996 1.1827056 2.4365313 0.4656964 1.6831498 0.32337177 0.66494894 0.15409064 0.05169273 0.14468625 0.28743252 0.1923155 0.1380839999999992 1.4056889999999989 0.21137179630847652 0.1625301931041199 264497
3198504 SPLUS-n12s42 iDR3.SPLUS-n12s42.028436 208.0475977399517 -14.751457000232675 9.491156 5 8.121997 9.0 0 99.0 99.0 21.499249 26.656815 99.0 22.468693 21.327305 20.903893 18.35914 20.608105 20.095345 20.120554 21.59271 21.187641 0.8846556999999999 108.52002 20.822369 0.91854966 0.640968 0.19711453 0.02549688 0.16030875 0.21115926 0.17329253 0.2957880000000017 2.544753 0.2540728896668895 0.19875670762732842 265673
3198570 SPLUS-n12s42 iDR3.SPLUS-n12s42.029757 208.42001758123558 -14.707610838385992 8.145527000000001 10 6.694560000000001 12.0 0 22.271347 23.370129 24.40385 23.624187 22.32213 21.648968 24.011295 20.710382 18.59928 20.382082 20.214577 20.085566 0.8996870000000001 3.5407333 13.195539000000002 6.547779599999998 1.8692853 0.42709598 7.394331 0.16588475 0.030901099 0.12993822 0.23535609 0.16807729 0.3282999999999987 2.111101999999999 0.21071708829454458 0.16873834241798838 265739
3215302 SPLUS-n01s23 iDR3.SPLUS-n01s23.012019 180.20726086898117 -0.390424106025998 8.815804 16 6.072907 10.0 0 23.30622 22.46796 99.0 99.0 21.292316 21.731646 21.87152 20.788616 18.393745000000006 20.546963 19.796555 19.835815 1.3757721 0.9523766 21.051289 21.184689 0.48642376 0.2416886 0.66873044 0.11506768 0.020658817 0.12371965 0.14555424 0.12023183 0.24165299999999945 2.394870999999995 0.16895893813795382 0.11690747495529057 15962
3334143 SPLUS-n03s26 iDR3.SPLUS-n03s26.022945 184.08062165132583 -2.8687475538991483 8.428312 11 6.2093916 12.0 0 22.27999 23.205343 22.525805 22.72382 22.180565 21.950268 21.562567 20.909916 19.12403 20.95486 20.297068 20.198017 0.41785422 1.6151168 1.5237707 1.6560831000000005 0.94712806 0.26309192 0.4213454 0.10723226 0.029047852 0.16270798 0.2159021 0.16113274 -0.04494400000000098 1.7858859999999979 0.19486570847737167 0.11109696346220045 134803
3376145 SPLUS-s34s21 iDR3.SPLUS-s34s21.036269 36.68624889438284 -43.5752262303349 8.147917999999999 7 4.637617 11.0 0 22.270782 24.58657 99.0 20.534208 22.530025 22.727789 21.689842 20.984741 19.727245 20.58358 19.855736 20.47107 0.8593056999999998 11.047625 20.674482 0.44535708 2.7143395 1.2142434 0.9537626 0.1997513 0.07418282 0.15766273 0.1650145 0.23949912 0.4011609999999983 1.2574959999999997 0.2544761644687826 0.21308137561702195 33711
3385513 SPLUS-s37s44 iDR3.SPLUS-s37s44.047252 326.7035968894544 -47.296799128631534 9.130853 9 4.196607 11.0 0 22.11464 25.168964000000006 99.0 21.463257 21.222729 21.26485 20.762291 20.834723 18.421076 20.611393 20.020618 21.082458 0.65876293 12.183057000000002 21.172997 0.52346814 0.40676776 0.14221567 0.21810491 0.117419176 0.021538706 0.15538365 0.33998078 0.4672977 0.2233300000000007 2.413647000000001 0.19475970214559654 0.11937830099592392 43079
3388327 SPLUS-s38s30 iDR3.SPLUS-s38s30.035674 60.1706526977055 -48.62181788699665 10.016329 10 6.2315664 10.0 1 21.90213 21.392393 99.0 99.0 21.233719 21.263313 21.022217 20.957447 18.82466 20.796627 20.208109 20.446705 0.3171548 0.3903282 21.216873 21.38199 0.40842798 0.13494602 0.25940368 0.10798368 0.024599113 0.15483175 0.20181403 0.21723892 0.16081999999999752 2.132786999999997 0.18876796856035957 0.11075013095581047 45893
3414380 SPLUS-n01s37 iDR3.SPLUS-n01s37.013757 199.42655914037883 -0.3376844496286302 9.913631 20 5.472396400000001 11.0 0 25.755816 22.139534 21.546804 21.511532 99.0 22.742783 21.86462 20.761267 18.637554 20.09171 19.702675 19.747038 10.836205 0.63895625 0.65727156 0.6198505 21.338192000000006 0.52300036 0.53576124 0.09454454 0.022182146 0.08173935 0.12968193 0.117285945 0.6695570000000011 2.1237129999999986 0.1249799639231589 0.097111882099859 71946
3444534 SPLUS-n05n55 iDR3.SPLUS-n05n55.042281 224.30705705230068 5.765388407717233 10.323084 24 5.6357145 11.0 0 22.434195000000006 21.874956 99.0 21.498959 21.521 21.744411 21.030811 20.521244 17.84226 20.022293 19.684258 19.660332 0.670261 0.6944741 20.623775 0.7670035 0.79876703 0.314436 0.37329966 0.10393402 0.016424223999999998 0.08897048 0.15392904 0.12867633 0.49895099999999815 2.678984 0.13681384003378752 0.10522374089226526 102100
